  1.000E-03   1.211E+02   2.439E-03   1.211E+02   0.000E+00
   1.500E-03   9.228E+01   2.648E-03   9.229E+01   0.000E+00
   2.000E-03   7.539E+01   2.765E-03   7.540E+01   0.000E+00
   2.500E-03   6.418E+01   2.840E-03   6.418E+01   0.000E+00
   3.000E-03   5.613E+01   2.892E-03   5.613E+01   0.000E+00
   3.500E-03   5.005E+01   2.930E-03   5.005E+01   0.000E+00
   4.000E-03   4.527E+01   2.958E-03   4.527E+01   0.000E+00
   4.500E-03   4.141E+01   2.980E-03   4.141E+01   0.000E+00
   5.000E-03   3.822E+01   2.998E-03   3.822E+01   0.000E+00
   6.000E-03   3.323E+01   3.024E-03   3.324E+01   0.000E+00
   7.000E-03   2.951E+01   3.041E-03   2.951E+01   0.000E+00
   8.000E-03   2.661E+01   3.053E-03   2.661E+01   0.000E+00
   9.000E-03   2.428E+01   3.062E-03   2.428E+01   0.000E+00
   1.000E-02   2.236E+01   3.070E-03   2.237E+01   0.000E+00
   1.500E-02   1.629E+01   3.089E-03   1.630E+01   0.000E+00
   2.000E-02   1.302E+01   3.098E-03   1.302E+01   0.000E+00
   2.500E-02   1.096E+01   3.107E-03   1.096E+01   0.000E+00
   3.000E-02   9.527E+00   3.117E-03   9.531E+00   0.000E+00
   3.500E-02   8.476E+00   3.127E-03   8.480E+00   0.000E+00
   4.000E-02   7.669E+00   3.138E-03   7.672E+00   0.000E+00
   4.500E-02   7.029E+00   3.151E-03   7.032E+00   0.000E+00
   5.000E-02   6.508E+00   3.164E-03   6.511E+00   0.000E+00
   6.000E-02   5.710E+00   3.194E-03   5.713E+00   0.000E+00
   7.000E-02   5.128E+00   3.226E-03   5.131E+00   0.000E+00
   8.000E-02   4.683E+00   3.260E-03   4.686E+00   0.000E+00
   9.000E-02   4.332E+00   3.298E-03   4.336E+00   0.000E+00
   1.000E-01   4.049E+00   3.337E-03   4.052E+00   0.000E+00
   1.500E-01   3.183E+00   3.560E-03   3.186E+00   0.000E+00
   2.000E-01   2.744E+00   3.814E-03   2.748E+00   0.000E+00
   2.500E-01   2.483E+00   4.094E-03   2.487E+00   0.000E+00
   3.000E-01   2.312E+00   4.400E-03   2.316E+00   0.000E+00
   3.500E-01   2.193E+00   4.727E-03   2.198E+00   0.000E+00
   4.000E-01   2.107E+00   5.076E-03   2.112E+00   5.039E-03
   4.500E-01   2.040E+00   5.443E-03   2.045E+00   3.169E-02
   5.000E-01   1.988E+00   5.828E-03   1.994E+00   6.113E-02
   6.000E-01   1.915E+00   6.642E-03   1.922E+00   1.255E-01
   7.000E-01   1.867E+00   7.509E-03   1.875E+00   1.941E-01
   8.000E-01   1.835E+00   8.419E-03   1.843E+00   2.643E-01
   9.000E-01   1.812E+00   9.371E-03   1.822E+00   3.348E-01
   1.000E+00   1.797E+00   1.036E-02   1.807E+00   4.045E-01
   1.500E+00   1.767E+00   1.579E-02   1.783E+00   7.299E-01
   2.000E+00   1.769E+00   2.183E-02   1.791E+00   1.010E+00
   2.500E+00   1.779E+00   2.832E-02   1.808E+00   1.251E+00
   3.000E+00   1.792E+00   3.516E-02   1.827E+00   1.462E+00
   3.500E+00   1.805E+00   4.228E-02   1.847E+00   1.648E+00
   4.000E+00   1.817E+00   4.965E-02   1.866E+00   1.816E+00
   4.500E+00   1.828E+00   5.722E-02   1.886E+00   1.967E+00
   5.000E+00   1.839E+00   6.498E-02   1.904E+00   2.106E+00
   6.000E+00   1.859E+00   8.099E-02   1.940E+00   2.353E+00
   7.000E+00   1.876E+00   9.754E-02   1.973E+00   2.569E+00
   8.000E+00   1.891E+00   1.145E-01   2.005E+00   2.762E+00
   9.000E+00   1.904E+00   1.319E-01   2.036E+00   2.936E+00
   1.000E+01   1.916E+00   1.496E-01   2.065E+00   3.095E+00
   1.500E+01   1.959E+00   2.419E-01   2.201E+00   3.743E+00
   2.000E+01   1.989E+00   3.384E-01   2.327E+00   4.237E+00
   2.500E+01   2.010E+00   4.375E-01   2.448E+00   4.637E+00
   3.000E+01   2.027E+00   5.384E-01   2.566E+00   4.973E+00
   3.500E+01   2.041E+00   6.406E-01   2.682E+00   5.263E+00
   4.000E+01   2.053E+00   7.440E-01   2.797E+00   5.517E+00
   4.500E+01   2.064E+00   8.483E-01   2.912E+00   5.743E+00
   5.000E+01   2.073E+00   9.533E-01   3.026E+00   5.947E+00
   6.000E+01   2.088E+00   1.165E+00   3.254E+00   6.301E+00
   7.000E+01   2.102E+00   1.379E+00   3.481E+00   6.603E+00
   8.000E+01   2.113E+00   1.595E+00   3.708E+00   6.866E+00
   9.000E+01   2.123E+00   1.812E+00   3.935E+00   7.098E+00
   1.000E+02   2.132E+00   2.030E+00   4.161E+00   7.307E+00
   1.500E+02   2.166E+00   3.131E+00   5.296E+00   8.111E+00
   2.000E+02   2.190E+00   4.244E+00   6.434E+00   8.684E+00
   2.500E+02   2.208E+00   5.366E+00   7.574E+00   9.128E+00
   3.000E+02   2.223E+00   6.493E+00   8.716E+00   9.492E+00
   3.500E+02   2.236E+00   7.624E+00   9.860E+00   9.800E+00
   4.000E+02   2.247E+00   8.759E+00   1.101E+01   1.007E+01
   4.500E+02   2.257E+00   9.895E+00   1.215E+01   1.030E+01
   5.000E+02   2.265E+00   1.103E+01   1.330E+01   1.051E+01
   6.000E+02   2.280E+00   1.332E+01   1.560E+01   1.088E+01
   7.000E+02   2.293E+00   1.560E+01   1.789E+01   1.118E+01
   8.000E+02   2.304E+00   1.789E+01   2.020E+01   1.145E+01
   9.000E+02   2.314E+00   2.019E+01   2.250E+01   1.169E+01
   1.000E+03   2.323E+00   2.248E+01   2.480E+01   1.190E+01
   1.500E+03   2.356E+00   3.398E+01   3.634E+01   1.271E+01
   2.000E+03   2.380E+00   4.550E+01   4.788E+01   1.328E+01
   2.500E+03   2.398E+00   5.704E+01   5.944E+01   1.373E+01
   3.000E+03   2.413E+00   6.859E+01   7.100E+01   1.409E+01
   3.500E+03   2.426E+00   8.014E+01   8.257E+01   1.440E+01
   4.000E+03   2.437E+00   9.170E+01   9.414E+01   1.467E+01
   4.500E+03   2.447E+00   1.033E+02   1.057E+02   1.490E+01
   5.000E+03   2.455E+00   1.148E+02   1.173E+02   1.512E+01
   5.500E+03   2.463E+00   1.264E+02   1.289E+02   1.531E+01
   6.000E+03   2.470E+00   1.380E+02   1.404E+02   1.548E+01
   6.500E+03   2.477E+00   1.495E+02   1.520E+02   1.564E+01
   7.000E+03   2.483E+00   1.611E+02   1.636E+02   1.579E+01
   7.500E+03   2.489E+00   1.727E+02   1.752E+02   1.593E+01
   8.000E+03   2.494E+00   1.843E+02   1.868E+02   1.606E+01
   8.500E+03   2.499E+00   1.958E+02   1.983E+02   1.618E+01
   9.000E+03   2.504E+00   2.074E+02   2.099E+02   1.629E+01
   9.500E+03   2.508E+00   2.190E+02   2.215E+02   1.640E+01
   1.000E+04   2.512E+00   2.306E+02   2.331E+02   1.650E+01
