   1.000E-03   1.059E+02   3.116E-03   1.059E+02   0.000E+00
   1.500E-03   8.198E+01   3.505E-03   8.198E+01   0.000E+00
   2.000E-03   6.758E+01   3.761E-03   6.758E+01   0.000E+00
   2.500E-03   5.787E+01   3.946E-03   5.787E+01   0.000E+00
   3.000E-03   5.083E+01   4.087E-03   5.084E+01   0.000E+00
   3.500E-03   4.548E+01   4.200E-03   4.548E+01   0.000E+00
   4.000E-03   4.125E+01   4.293E-03   4.125E+01   0.000E+00
   4.500E-03   3.781E+01   4.371E-03   3.782E+01   0.000E+00
   5.000E-03   3.497E+01   4.437E-03   3.497E+01   0.000E+00
   6.000E-03   3.050E+01   4.544E-03   3.050E+01   0.000E+00
   7.000E-03   2.714E+01   4.627E-03   2.715E+01   0.000E+00
   8.000E-03   2.452E+01   4.694E-03   2.453E+01   0.000E+00
   9.000E-03   2.241E+01   4.748E-03   2.242E+01   0.000E+00
   1.000E-02   2.068E+01   4.793E-03   2.068E+01   0.000E+00
   1.500E-02   1.514E+01   4.942E-03   1.514E+01   0.000E+00
   2.000E-02   1.213E+01   5.026E-03   1.214E+01   0.000E+00
   2.500E-02   1.023E+01   5.080E-03   1.024E+01   0.000E+00
   3.000E-02   8.912E+00   5.121E-03   8.917E+00   0.000E+00
   3.500E-02   7.939E+00   5.155E-03   7.944E+00   0.000E+00
   4.000E-02   7.191E+00   5.184E-03   7.196E+00   0.000E+00
   4.500E-02   6.596E+00   5.211E-03   6.601E+00   0.000E+00
   5.000E-02   6.112E+00   5.237E-03   6.117E+00   0.000E+00
   6.000E-02   5.370E+00   5.288E-03   5.375E+00   0.000E+00
   7.000E-02   4.827E+00   5.338E-03   4.832E+00   0.000E+00
   8.000E-02   4.412E+00   5.390E-03   4.418E+00   0.000E+00
   9.000E-02   4.085E+00   5.445E-03   4.090E+00   0.000E+00
   1.000E-01   3.820E+00   5.502E-03   3.826E+00   0.000E+00
   1.500E-01   3.010E+00   5.826E-03   3.016E+00   0.000E+00
   2.000E-01   2.599E+00   6.200E-03   2.605E+00   0.000E+00
   2.500E-01   2.354E+00   6.618E-03   2.361E+00   0.000E+00
   3.000E-01   2.194E+00   7.075E-03   2.201E+00   0.000E+00
   3.500E-01   2.080E+00   7.567E-03   2.087E+00   2.850E-02
   4.000E-01   1.996E+00   8.090E-03   2.004E+00   6.259E-02
   4.500E-01   1.932E+00   8.643E-03   1.941E+00   9.809E-02
   5.000E-01   1.883E+00   9.221E-03   1.893E+00   1.344E-01
   6.000E-01   1.815E+00   1.045E-02   1.825E+00   2.080E-01
   7.000E-01   1.770E+00   1.175E-02   1.782E+00   2.819E-01
   8.000E-01   1.740E+00   1.311E-02   1.753E+00   3.550E-01
   9.000E-01   1.719E+00   1.454E-02   1.734E+00   4.267E-01
   1.000E+00   1.705E+00   1.602E-02   1.721E+00   4.966E-01
   1.500E+00   1.680E+00   2.414E-02   1.705E+00   8.162E-01
   2.000E+00   1.684E+00   3.313E-02   1.718E+00   1.089E+00
   2.500E+00   1.696E+00   4.277E-02   1.739E+00   1.323E+00
   3.000E+00   1.709E+00   5.289E-02   1.762E+00   1.527E+00
   3.500E+00   1.722E+00   6.341E-02   1.786E+00   1.709E+00
   4.000E+00   1.735E+00   7.427E-02   1.809E+00   1.872E+00
   4.500E+00   1.747E+00   8.541E-02   1.832E+00   2.020E+00
   5.000E+00   1.758E+00   9.680E-02   1.855E+00   2.156E+00
   6.000E+00   1.778E+00   1.202E-01   1.898E+00   2.399E+00
   7.000E+00   1.795E+00   1.444E-01   1.939E+00   2.612E+00
   8.000E+00   1.810E+00   1.692E-01   1.979E+00   2.801E+00
   9.000E+00   1.823E+00   1.945E-01   2.018E+00   2.973E+00
   1.000E+01   1.835E+00   2.202E-01   2.055E+00   3.130E+00
   1.500E+01   1.879E+00   3.537E-01   2.233E+00   3.766E+00
   2.000E+01   1.909E+00   4.926E-01   2.402E+00   4.248E+00
   2.500E+01   1.931E+00   6.351E-01   2.566E+00   4.638E+00
   3.000E+01   1.949E+00   7.799E-01   2.729E+00   4.965E+00
   3.500E+01   1.963E+00   9.264E-01   2.890E+00   5.248E+00
   4.000E+01   1.976E+00   1.074E+00   3.050E+00   5.496E+00
   4.500E+01   1.986E+00   1.224E+00   3.210E+00   5.716E+00
   5.000E+01   1.996E+00   1.374E+00   3.369E+00   5.916E+00
   6.000E+01   2.012E+00   1.676E+00   3.688E+00   6.263E+00
   7.000E+01   2.025E+00   1.982E+00   4.007E+00   6.559E+00
   8.000E+01   2.037E+00   2.289E+00   4.326E+00   6.818E+00
   9.000E+01   2.047E+00   2.598E+00   4.645E+00   7.046E+00
   1.000E+02   2.056E+00   2.909E+00   4.965E+00   7.251E+00
   1.500E+02   2.090E+00   4.476E+00   6.566E+00   8.047E+00
   2.000E+02   2.114E+00   6.059E+00   8.173E+00   8.615E+00
   2.500E+02   2.133E+00   7.652E+00   9.784E+00   9.057E+00
   3.000E+02   2.148E+00   9.251E+00   1.140E+01   9.419E+00
   3.500E+02   2.160E+00   1.086E+01   1.302E+01   9.726E+00
   4.000E+02   2.171E+00   1.246E+01   1.464E+01   9.992E+00
   4.500E+02   2.181E+00   1.407E+01   1.626E+01   1.023E+01
   5.000E+02   2.189E+00   1.569E+01   1.788E+01   1.044E+01
   6.000E+02   2.204E+00   1.892E+01   2.112E+01   1.080E+01
   7.000E+02   2.217E+00   2.216E+01   2.437E+01   1.111E+01
   8.000E+02   2.228E+00   2.540E+01   2.763E+01   1.137E+01
   9.000E+02   2.237E+00   2.864E+01   3.088E+01   1.161E+01
   1.000E+03   2.246E+00   3.189E+01   3.414E+01   1.182E+01
   1.500E+03   2.279E+00   4.815E+01   5.043E+01   1.263E+01
   2.000E+03   2.302E+00   6.445E+01   6.675E+01   1.321E+01
   2.500E+03   2.321E+00   8.076E+01   8.308E+01   1.365E+01
   3.000E+03   2.336E+00   9.708E+01   9.941E+01   1.402E+01
   3.500E+03   2.348E+00   1.134E+02   1.158E+02   1.433E+01
   4.000E+03   2.359E+00   1.297E+02   1.321E+02   1.459E+01
   4.500E+03   2.369E+00   1.461E+02   1.484E+02   1.483E+01
   5.000E+03   2.377E+00   1.624E+02   1.648E+02   1.504E+01
   5.500E+03   2.385E+00   1.787E+02   1.811E+02   1.523E+01
   6.000E+03   2.392E+00   1.951E+02   1.975E+02   1.540E+01
   6.500E+03   2.398E+00   2.114E+02   2.138E+02   1.556E+01
   7.000E+03   2.404E+00   2.278E+02   2.302E+02   1.571E+01
   7.500E+03   2.410E+00   2.441E+02   2.465E+02   1.585E+01
   8.000E+03   2.415E+00   2.605E+02   2.629E+02   1.598E+01
   8.500E+03   2.420E+00   2.768E+02   2.793E+02   1.610E+01
   9.000E+03   2.425E+00   2.932E+02   2.956E+02   1.621E+01
   9.500E+03   2.429E+00   3.095E+02   3.120E+02   1.632E+01
   1.000E+04   2.434E+00   3.259E+02   3.283E+02   1.642E+01
