  1.000E-03   1.206E+02   2.781E-03   1.206E+02   0.000E+00
   1.500E-03   9.230E+01   3.073E-03   9.230E+01   0.000E+00
   2.000E-03   7.560E+01   3.250E-03   7.560E+01   0.000E+00
   2.500E-03   6.446E+01   3.369E-03   6.447E+01   0.000E+00
   3.000E-03   5.645E+01   3.457E-03   5.646E+01   0.000E+00
   3.500E-03   5.039E+01   3.522E-03   5.039E+01   0.000E+00
   4.000E-03   4.561E+01   3.573E-03   4.562E+01   0.000E+00
   4.500E-03   4.175E+01   3.615E-03   4.175E+01   0.000E+00
   5.000E-03   3.855E+01   3.648E-03   3.856E+01   0.000E+00
   6.000E-03   3.355E+01   3.700E-03   3.356E+01   0.000E+00
   7.000E-03   2.981E+01   3.737E-03   2.982E+01   0.000E+00
   8.000E-03   2.690E+01   3.764E-03   2.690E+01   0.000E+00
   9.000E-03   2.456E+01   3.786E-03   2.456E+01   0.000E+00
   1.000E-02   2.263E+01   3.802E-03   2.263E+01   0.000E+00
   1.500E-02   1.651E+01   3.847E-03   1.651E+01   0.000E+00
   2.000E-02   1.321E+01   3.868E-03   1.321E+01   0.000E+00
   2.500E-02   1.112E+01   3.881E-03   1.112E+01   0.000E+00
   3.000E-02   9.674E+00   3.892E-03   9.678E+00   0.000E+00
   3.500E-02   8.610E+00   3.903E-03   8.614E+00   0.000E+00
   4.000E-02   7.793E+00   3.915E-03   7.797E+00   0.000E+00
   4.500E-02   7.144E+00   3.928E-03   7.148E+00   0.000E+00
   5.000E-02   6.616E+00   3.942E-03   6.620E+00   0.000E+00
   6.000E-02   5.807E+00   3.973E-03   5.811E+00   0.000E+00
   7.000E-02   5.216E+00   4.009E-03   5.220E+00   0.000E+00
   8.000E-02   4.765E+00   4.048E-03   4.769E+00   0.000E+00
   9.000E-02   4.410E+00   4.091E-03   4.414E+00   0.000E+00
   1.000E-01   4.122E+00   4.137E-03   4.126E+00   0.000E+00
   1.500E-01   3.242E+00   4.398E-03   3.247E+00   0.000E+00
   2.000E-01   2.797E+00   4.700E-03   2.801E+00   0.000E+00
   2.500E-01   2.531E+00   5.034E-03   2.536E+00   0.000E+00
   3.000E-01   2.358E+00   5.399E-03   2.363E+00   0.000E+00
   3.500E-01   2.237E+00   5.791E-03   2.243E+00   0.000E+00
   4.000E-01   2.150E+00   6.208E-03   2.156E+00   0.000E+00
   4.500E-01   2.085E+00   6.648E-03   2.092E+00   0.000E+00
   5.000E-01   2.035E+00   7.109E-03   2.043E+00   7.106E-03
   6.000E-01   1.963E+00   8.086E-03   1.971E+00   5.102E-02
   7.000E-01   1.916E+00   9.124E-03   1.925E+00   1.042E-01
   8.000E-01   1.884E+00   1.022E-02   1.894E+00   1.628E-01
   9.000E-01   1.862E+00   1.136E-02   1.873E+00   2.244E-01
   1.000E+00   1.846E+00   1.254E-02   1.859E+00   2.875E-01
   1.500E+00   1.818E+00   1.904E-02   1.837E+00   5.986E-01
   2.000E+00   1.820E+00   2.626E-02   1.846E+00   8.799E-01
   2.500E+00   1.830E+00   3.400E-02   1.864E+00   1.128E+00
   3.000E+00   1.842E+00   4.216E-02   1.884E+00   1.347E+00
   3.500E+00   1.854E+00   5.064E-02   1.905E+00   1.541E+00
   4.000E+00   1.866E+00   5.941E-02   1.926E+00   1.717E+00
   4.500E+00   1.878E+00   6.842E-02   1.946E+00   1.876E+00
   5.000E+00   1.888E+00   7.765E-02   1.966E+00   2.021E+00
   6.000E+00   1.908E+00   9.665E-02   2.004E+00   2.280E+00
   7.000E+00   1.925E+00   1.163E-01   2.041E+00   2.504E+00
   8.000E+00   1.939E+00   1.364E-01   2.076E+00   2.702E+00
   9.000E+00   1.953E+00   1.570E-01   2.110E+00   2.880E+00
   1.000E+01   1.965E+00   1.780E-01   2.143E+00   3.041E+00
   1.500E+01   2.010E+00   2.871E-01   2.297E+00   3.683E+00
   2.000E+01   2.042E+00   4.010E-01   2.443E+00   4.161E+00
   2.500E+01   2.066E+00   5.179E-01   2.583E+00   4.545E+00
   3.000E+01   2.084E+00   6.368E-01   2.721E+00   4.867E+00
   3.500E+01   2.100E+00   7.573E-01   2.857E+00   5.146E+00
   4.000E+01   2.113E+00   8.790E-01   2.992E+00   5.392E+00
   4.500E+01   2.124E+00   1.002E+00   3.126E+00   5.611E+00
   5.000E+01   2.134E+00   1.125E+00   3.259E+00   5.810E+00
   6.000E+01   2.151E+00   1.375E+00   3.525E+00   6.157E+00
   7.000E+01   2.165E+00   1.626E+00   3.791E+00   6.454E+00
   8.000E+01   2.177E+00   1.879E+00   4.056E+00   6.713E+00
   9.000E+01   2.187E+00   2.134E+00   4.321E+00   6.943E+00
   1.000E+02   2.197E+00   2.390E+00   4.586E+00   7.150E+00
   1.500E+02   2.232E+00   3.681E+00   5.913E+00   7.950E+00
   2.000E+02   2.257E+00   4.987E+00   7.244E+00   8.520E+00
   2.500E+02   2.276E+00   6.301E+00   8.577E+00   8.964E+00
   3.000E+02   2.292E+00   7.622E+00   9.913E+00   9.328E+00
   3.500E+02   2.305E+00   8.946E+00   1.125E+01   9.635E+00
   4.000E+02   2.316E+00   1.027E+01   1.259E+01   9.901E+00
   4.500E+02   2.326E+00   1.160E+01   1.393E+01   1.014E+01
   5.000E+02   2.335E+00   1.294E+01   1.527E+01   1.035E+01
   6.000E+02   2.351E+00   1.561E+01   1.796E+01   1.071E+01
   7.000E+02   2.364E+00   1.828E+01   2.064E+01   1.102E+01
   8.000E+02   2.375E+00   2.096E+01   2.333E+01   1.129E+01
   9.000E+02   2.385E+00   2.364E+01   2.603E+01   1.152E+01
   1.000E+03   2.394E+00   2.632E+01   2.872E+01   1.173E+01
   1.500E+03   2.429E+00   3.977E+01   4.220E+01   1.254E+01
   2.000E+03   2.453E+00   5.324E+01   5.569E+01   1.312E+01
   2.500E+03   2.472E+00   6.672E+01   6.920E+01   1.356E+01
   3.000E+03   2.488E+00   8.022E+01   8.271E+01   1.393E+01
   3.500E+03   2.501E+00   9.372E+01   9.622E+01   1.424E+01
   4.000E+03   2.512E+00   1.072E+02   1.097E+02   1.450E+01
   4.500E+03   2.522E+00   1.207E+02   1.233E+02   1.474E+01
   5.000E+03   2.531E+00   1.343E+02   1.368E+02   1.495E+01
   5.500E+03   2.539E+00   1.478E+02   1.503E+02   1.514E+01
   6.000E+03   2.547E+00   1.613E+02   1.638E+02   1.531E+01
   6.500E+03   2.554E+00   1.748E+02   1.774E+02   1.547E+01
   7.000E+03   2.560E+00   1.883E+02   1.909E+02   1.562E+01
   7.500E+03   2.566E+00   2.019E+02   2.044E+02   1.576E+01
   8.000E+03   2.571E+00   2.154E+02   2.180E+02   1.589E+01
   8.500E+03   2.576E+00   2.289E+02   2.315E+02   1.601E+01
   9.000E+03   2.581E+00   2.424E+02   2.450E+02   1.612E+01
   9.500E+03   2.586E+00   2.560E+02   2.586E+02   1.623E+01
   1.000E+04   2.590E+00   2.695E+02   2.721E+02   1.634E+01
