   1.000E-03   8.414E+01   3.829E-03   8.415E+01   0.000E+00
   1.500E-03   6.670E+01   4.434E-03   6.671E+01   0.000E+00
   2.000E-03   5.571E+01   4.860E-03   5.571E+01   0.000E+00
   2.500E-03   4.811E+01   5.182E-03   4.812E+01   0.000E+00
   3.000E-03   4.253E+01   5.438E-03   4.253E+01   0.000E+00
   3.500E-03   3.822E+01   5.649E-03   3.823E+01   0.000E+00
   4.000E-03   3.480E+01   5.825E-03   3.481E+01   0.000E+00
   4.500E-03   3.200E+01   5.976E-03   3.201E+01   0.000E+00
   5.000E-03   2.967E+01   6.107E-03   2.967E+01   0.000E+00
   6.000E-03   2.599E+01   6.324E-03   2.599E+01   0.000E+00
   7.000E-03   2.321E+01   6.497E-03   2.321E+01   0.000E+00
   8.000E-03   2.102E+01   6.637E-03   2.103E+01   0.000E+00
   9.000E-03   1.925E+01   6.755E-03   1.926E+01   0.000E+00
   1.000E-02   1.779E+01   6.854E-03   1.780E+01   0.000E+00
   1.500E-02   1.311E+01   7.191E-03   1.312E+01   0.000E+00
   2.000E-02   1.055E+01   7.383E-03   1.056E+01   0.000E+00
   2.500E-02   8.924E+00   7.508E-03   8.931E+00   0.000E+00
   3.000E-02   7.789E+00   7.597E-03   7.797E+00   0.000E+00
   3.500E-02   6.950E+00   7.666E-03   6.958E+00   0.000E+00
   4.000E-02   6.304E+00   7.722E-03   6.312E+00   0.000E+00
   4.500E-02   5.789E+00   7.770E-03   5.797E+00   0.000E+00
   5.000E-02   5.370E+00   7.813E-03   5.378E+00   0.000E+00
   6.000E-02   4.726E+00   7.890E-03   4.734E+00   0.000E+00
   7.000E-02   4.254E+00   7.961E-03   4.262E+00   0.000E+00
   8.000E-02   3.893E+00   8.031E-03   3.901E+00   0.000E+00
   9.000E-02   3.607E+00   8.104E-03   3.615E+00   0.000E+00
   1.000E-01   3.376E+00   8.180E-03   3.384E+00   0.000E+00
   1.500E-01   2.668E+00   8.614E-03   2.676E+00   0.000E+00
   2.000E-01   2.308E+00   9.128E-03   2.317E+00   0.000E+00
   2.500E-01   2.094E+00   9.709E-03   2.103E+00   0.000E+00
   3.000E-01   1.954E+00   1.035E-02   1.964E+00   0.000E+00
   3.500E-01   1.857E+00   1.104E-02   1.868E+00   4.551E-04
   4.000E-01   1.784E+00   1.177E-02   1.796E+00   2.127E-02
   4.500E-01   1.730E+00   1.255E-02   1.743E+00   4.375E-02
   5.000E-01   1.689E+00   1.336E-02   1.702E+00   6.747E-02
   6.000E-01   1.631E+00   1.508E-02   1.646E+00   1.172E-01
   7.000E-01   1.593E+00   1.691E-02   1.610E+00   1.686E-01
   8.000E-01   1.569E+00   1.882E-02   1.588E+00   2.203E-01
   9.000E-01   1.553E+00   2.082E-02   1.574E+00   2.716E-01
   1.000E+00   1.543E+00   2.290E-02   1.565E+00   3.221E-01
   1.500E+00   1.529E+00   3.424E-02   1.563E+00   5.556E-01
   2.000E+00   1.539E+00   4.679E-02   1.586E+00   7.570E-01
   2.500E+00   1.555E+00   6.020E-02   1.615E+00   9.319E-01
   3.000E+00   1.572E+00   7.428E-02   1.646E+00   1.086E+00
   3.500E+00   1.588E+00   8.887E-02   1.676E+00   1.225E+00
   4.000E+00   1.602E+00   1.039E-01   1.706E+00   1.352E+00
   4.500E+00   1.616E+00   1.193E-01   1.735E+00   1.468E+00
   5.000E+00   1.628E+00   1.351E-01   1.763E+00   1.577E+00
   6.000E+00   1.650E+00   1.674E-01   1.818E+00   1.775E+00
   7.000E+00   1.669E+00   2.007E-01   1.870E+00   1.954E+00
   8.000E+00   1.685E+00   2.348E-01   1.920E+00   2.119E+00
   9.000E+00   1.699E+00   2.695E-01   1.968E+00   2.271E+00
   1.000E+01   1.711E+00   3.047E-01   2.015E+00   2.413E+00
   1.500E+01   1.755E+00   4.872E-01   2.242E+00   3.011E+00
   2.000E+01   1.784E+00   6.767E-01   2.461E+00   3.476E+00
   2.500E+01   1.806E+00   8.704E-01   2.676E+00   3.853E+00
   3.000E+01   1.823E+00   1.067E+00   2.890E+00   4.169E+00
   3.500E+01   1.837E+00   1.266E+00   3.104E+00   4.441E+00
   4.000E+01   1.850E+00   1.467E+00   3.317E+00   4.679E+00
   4.500E+01   1.860E+00   1.669E+00   3.530E+00   4.892E+00
   5.000E+01   1.870E+00   1.873E+00   3.743E+00   5.083E+00
   6.000E+01   1.886E+00   2.283E+00   4.169E+00   5.417E+00
   7.000E+01   1.899E+00   2.697E+00   4.596E+00   5.703E+00
   8.000E+01   1.911E+00   3.113E+00   5.023E+00   5.952E+00
   9.000E+01   1.920E+00   3.531E+00   5.451E+00   6.174E+00
   1.000E+02   1.929E+00   3.951E+00   5.880E+00   6.373E+00
   1.500E+02   1.963E+00   6.069E+00   8.032E+00   7.152E+00
   2.000E+02   1.985E+00   8.207E+00   1.019E+01   7.713E+00
   2.500E+02   2.003E+00   1.036E+01   1.236E+01   8.152E+00
   3.000E+02   2.017E+00   1.252E+01   1.453E+01   8.512E+00
   3.500E+02   2.029E+00   1.468E+01   1.671E+01   8.818E+00
   4.000E+02   2.039E+00   1.685E+01   1.889E+01   9.083E+00
   4.500E+02   2.048E+00   1.902E+01   2.107E+01   9.317E+00
   5.000E+02   2.056E+00   2.119E+01   2.325E+01   9.527E+00
   6.000E+02   2.070E+00   2.555E+01   2.762E+01   9.890E+00
   7.000E+02   2.082E+00   2.991E+01   3.199E+01   1.020E+01
   8.000E+02   2.092E+00   3.428E+01   3.637E+01   1.046E+01
   9.000E+02   2.101E+00   3.865E+01   4.075E+01   1.070E+01
   1.000E+03   2.109E+00   4.302E+01   4.513E+01   1.091E+01
   1.500E+03   2.140E+00   6.492E+01   6.706E+01   1.172E+01
   2.000E+03   2.162E+00   8.685E+01   8.901E+01   1.229E+01
   2.500E+03   2.179E+00   1.088E+02   1.110E+02   1.274E+01
   3.000E+03   2.193E+00   1.308E+02   1.330E+02   1.311E+01
   3.500E+03   2.205E+00   1.527E+02   1.549E+02   1.341E+01
   4.000E+03   2.215E+00   1.747E+02   1.769E+02   1.368E+01
   4.500E+03   2.224E+00   1.967E+02   1.989E+02   1.392E+01
   5.000E+03   2.232E+00   2.187E+02   2.209E+02   1.413E+01
   5.500E+03   2.239E+00   2.406E+02   2.429E+02   1.432E+01
   6.000E+03   2.246E+00   2.626E+02   2.649E+02   1.449E+01
   6.500E+03   2.252E+00   2.846E+02   2.869E+02   1.465E+01
   7.000E+03   2.257E+00   3.066E+02   3.089E+02   1.480E+01
   7.500E+03   2.263E+00   3.286E+02   3.309E+02   1.494E+01
   8.000E+03   2.268E+00   3.506E+02   3.529E+02   1.507E+01
   8.500E+03   2.272E+00   3.726E+02   3.749E+02   1.519E+01
   9.000E+03   2.277E+00   3.946E+02   3.969E+02   1.530E+01
   9.500E+03   2.281E+00   4.166E+02   4.189E+02   1.541E+01
   1.000E+04   2.285E+00   4.386E+02   4.409E+02   1.551E+01
