  1.000E-03   8.456E+01   3.467E-03   8.456E+01   0.000E+00
   1.500E-03   6.702E+01   3.935E-03   6.703E+01   0.000E+00
   2.000E-03   5.597E+01   4.237E-03   5.597E+01   0.000E+00
   2.500E-03   4.834E+01   4.453E-03   4.834E+01   0.000E+00
   3.000E-03   4.272E+01   4.618E-03   4.273E+01   0.000E+00
   3.500E-03   3.840E+01   4.747E-03   3.840E+01   0.000E+00
   4.000E-03   3.496E+01   4.853E-03   3.496E+01   0.000E+00
   4.500E-03   3.215E+01   4.940E-03   3.215E+01   0.000E+00
   5.000E-03   2.980E+01   5.015E-03   2.981E+01   0.000E+00
   6.000E-03   2.610E+01   5.133E-03   2.611E+01   0.000E+00
   7.000E-03   2.331E+01   5.224E-03   2.331E+01   0.000E+00
   8.000E-03   2.111E+01   5.295E-03   2.112E+01   0.000E+00
   9.000E-03   1.934E+01   5.353E-03   1.934E+01   0.000E+00
   1.000E-02   1.787E+01   5.400E-03   1.788E+01   0.000E+00
   1.500E-02   1.317E+01   5.548E-03   1.318E+01   0.000E+00
   2.000E-02   1.060E+01   5.626E-03   1.060E+01   0.000E+00
   2.500E-02   8.962E+00   5.674E-03   8.968E+00   0.000E+00
   3.000E-02   7.823E+00   5.707E-03   7.828E+00   0.000E+00
   3.500E-02   6.980E+00   5.735E-03   6.986E+00   0.000E+00
   4.000E-02   6.331E+00   5.759E-03   6.337E+00   0.000E+00
   4.500E-02   5.814E+00   5.781E-03   5.820E+00   0.000E+00
   5.000E-02   5.393E+00   5.803E-03   5.399E+00   0.000E+00
   6.000E-02   4.746E+00   5.847E-03   4.752E+00   0.000E+00
   7.000E-02   4.272E+00   5.893E-03   4.278E+00   0.000E+00
   8.000E-02   3.909E+00   5.943E-03   3.915E+00   0.000E+00
   9.000E-02   3.623E+00   5.997E-03   3.629E+00   0.000E+00
   1.000E-01   3.390E+00   6.055E-03   3.396E+00   0.000E+00
   1.500E-01   2.679E+00   6.393E-03   2.685E+00   0.000E+00
   2.000E-01   2.318E+00   6.796E-03   2.325E+00   0.000E+00
   2.500E-01   2.103E+00   7.250E-03   2.110E+00   0.000E+00
   3.000E-01   1.962E+00   7.749E-03   1.970E+00   0.000E+00
   3.500E-01   1.864E+00   8.286E-03   1.873E+00   0.000E+00
   4.000E-01   1.793E+00   8.857E-03   1.802E+00   9.055E-03
   4.500E-01   1.739E+00   9.461E-03   1.749E+00   2.674E-02
   5.000E-01   1.698E+00   1.009E-02   1.708E+00   4.648E-02
   6.000E-01   1.640E+00   1.143E-02   1.651E+00   9.011E-02
   7.000E-01   1.603E+00   1.285E-02   1.616E+00   1.372E-01
   8.000E-01   1.579E+00   1.434E-02   1.593E+00   1.862E-01
   9.000E-01   1.563E+00   1.590E-02   1.579E+00   2.361E-01
   1.000E+00   1.552E+00   1.751E-02   1.570E+00   2.861E-01
   1.500E+00   1.538E+00   2.636E-02   1.564E+00   5.274E-01
   2.000E+00   1.547E+00   3.617E-02   1.583E+00   7.451E-01
   2.500E+00   1.561E+00   4.668E-02   1.608E+00   9.395E-01
   3.000E+00   1.576E+00   5.771E-02   1.634E+00   1.114E+00
   3.500E+00   1.590E+00   6.918E-02   1.660E+00   1.274E+00
   4.000E+00   1.604E+00   8.102E-02   1.685E+00   1.419E+00
   4.500E+00   1.616E+00   9.315E-02   1.709E+00   1.554E+00
   5.000E+00   1.627E+00   1.056E-01   1.733E+00   1.680E+00
   6.000E+00   1.647E+00   1.311E-01   1.778E+00   1.907E+00
   7.000E+00   1.664E+00   1.574E-01   1.821E+00   2.110E+00
   8.000E+00   1.678E+00   1.844E-01   1.863E+00   2.292E+00
   9.000E+00   1.691E+00   2.119E-01   1.903E+00   2.459E+00
   1.000E+01   1.703E+00   2.399E-01   1.943E+00   2.611E+00
   1.500E+01   1.746E+00   3.850E-01   2.131E+00   3.229E+00
   2.000E+01   1.775E+00   5.360E-01   2.311E+00   3.696E+00
   2.500E+01   1.797E+00   6.906E-01   2.487E+00   4.072E+00
   3.000E+01   1.814E+00   8.477E-01   2.662E+00   4.388E+00
   3.500E+01   1.828E+00   1.007E+00   2.835E+00   4.661E+00
   4.000E+01   1.840E+00   1.167E+00   3.007E+00   4.901E+00
   4.500E+01   1.851E+00   1.329E+00   3.179E+00   5.116E+00
   5.000E+01   1.860E+00   1.491E+00   3.351E+00   5.310E+00
   6.000E+01   1.876E+00   1.819E+00   3.695E+00   5.650E+00
   7.000E+01   1.889E+00   2.150E+00   4.039E+00   5.941E+00
   8.000E+01   1.900E+00   2.483E+00   4.383E+00   6.195E+00
   9.000E+01   1.909E+00   2.817E+00   4.727E+00   6.421E+00
   1.000E+02   1.918E+00   3.153E+00   5.071E+00   6.624E+00
   1.500E+02   1.950E+00   4.848E+00   6.798E+00   7.416E+00
   2.000E+02   1.973E+00   6.559E+00   8.532E+00   7.983E+00
   2.500E+02   1.990E+00   8.280E+00   1.027E+01   8.425E+00
   3.000E+02   2.004E+00   1.001E+01   1.201E+01   8.787E+00
   3.500E+02   2.016E+00   1.174E+01   1.376E+01   9.094E+00
   4.000E+02   2.027E+00   1.348E+01   1.550E+01   9.360E+00
   4.500E+02   2.036E+00   1.522E+01   1.725E+01   9.595E+00
   5.000E+02   2.044E+00   1.696E+01   1.900E+01   9.805E+00
   6.000E+02   2.058E+00   2.045E+01   2.251E+01   1.017E+01
   7.000E+02   2.069E+00   2.394E+01   2.601E+01   1.048E+01
   8.000E+02   2.080E+00   2.744E+01   2.952E+01   1.074E+01
   9.000E+02   2.089E+00   3.094E+01   3.303E+01   1.098E+01
   1.000E+03   2.097E+00   3.445E+01   3.654E+01   1.119E+01
   1.500E+03   2.128E+00   5.199E+01   5.412E+01   1.200E+01
   2.000E+03   2.150E+00   6.957E+01   7.172E+01   1.257E+01
   2.500E+03   2.167E+00   8.716E+01   8.933E+01   1.302E+01
   3.000E+03   2.181E+00   1.048E+02   1.069E+02   1.339E+01
   3.500E+03   2.192E+00   1.224E+02   1.246E+02   1.369E+01
   4.000E+03   2.203E+00   1.400E+02   1.422E+02   1.396E+01
   4.500E+03   2.212E+00   1.576E+02   1.598E+02   1.420E+01
   5.000E+03   2.220E+00   1.752E+02   1.774E+02   1.441E+01
   5.500E+03   2.227E+00   1.928E+02   1.951E+02   1.460E+01
   6.000E+03   2.234E+00   2.105E+02   2.127E+02   1.477E+01
   6.500E+03   2.240E+00   2.281E+02   2.303E+02   1.493E+01
   7.000E+03   2.245E+00   2.457E+02   2.479E+02   1.508E+01
   7.500E+03   2.251E+00   2.633E+02   2.656E+02   1.522E+01
   8.000E+03   2.255E+00   2.810E+02   2.832E+02   1.535E+01
   8.500E+03   2.260E+00   2.986E+02   3.008E+02   1.547E+01
   9.000E+03   2.264E+00   3.162E+02   3.185E+02   1.558E+01
   9.500E+03   2.269E+00   3.339E+02   3.361E+02   1.569E+01
   1.000E+04   2.273E+00   3.515E+02   3.538E+02   1.579E+01

