  1.000E-03   9.014E+01   3.158E-03   9.015E+01   0.000E+00
   1.500E-03   7.069E+01   3.536E-03   7.069E+01   0.000E+00
   2.000E-03   5.869E+01   3.767E-03   5.869E+01   0.000E+00
   2.500E-03   5.050E+01   3.926E-03   5.050E+01   0.000E+00
   3.000E-03   4.451E+01   4.043E-03   4.451E+01   0.000E+00
   3.500E-03   3.992E+01   4.132E-03   3.993E+01   0.000E+00
   4.000E-03   3.629E+01   4.202E-03   3.629E+01   0.000E+00
   4.500E-03   3.332E+01   4.259E-03   3.333E+01   0.000E+00
   5.000E-03   3.086E+01   4.307E-03   3.086E+01   0.000E+00
   6.000E-03   2.698E+01   4.380E-03   2.698E+01   0.000E+00
   7.000E-03   2.406E+01   4.433E-03   2.406E+01   0.000E+00
   8.000E-03   2.177E+01   4.474E-03   2.177E+01   0.000E+00
   9.000E-03   1.992E+01   4.505E-03   1.992E+01   0.000E+00
   1.000E-02   1.839E+01   4.530E-03   1.840E+01   0.000E+00
   1.500E-02   1.351E+01   4.602E-03   1.352E+01   0.000E+00
   2.000E-02   1.086E+01   4.636E-03   1.086E+01   0.000E+00
   2.500E-02   9.170E+00   4.655E-03   9.175E+00   0.000E+00
   3.000E-02   7.997E+00   4.669E-03   8.001E+00   0.000E+00
   3.500E-02   7.131E+00   4.683E-03   7.135E+00   0.000E+00
   4.000E-02   6.463E+00   4.696E-03   6.468E+00   0.000E+00
   4.500E-02   5.933E+00   4.710E-03   5.938E+00   0.000E+00
   5.000E-02   5.501E+00   4.726E-03   5.505E+00   0.000E+00
   6.000E-02   4.837E+00   4.759E-03   4.842E+00   0.000E+00
   7.000E-02   4.352E+00   4.797E-03   4.356E+00   0.000E+00
   8.000E-02   3.980E+00   4.839E-03   3.985E+00   0.000E+00
   9.000E-02   3.687E+00   4.886E-03   3.692E+00   0.000E+00
   1.000E-01   3.449E+00   4.936E-03   3.454E+00   0.000E+00
   1.500E-01   2.722E+00   5.228E-03   2.728E+00   0.000E+00
   2.000E-01   2.353E+00   5.571E-03   2.359E+00   0.000E+00
   2.500E-01   2.133E+00   5.956E-03   2.139E+00   0.000E+00
   3.000E-01   1.990E+00   6.377E-03   1.996E+00   0.000E+00
   3.500E-01   1.890E+00   6.829E-03   1.897E+00   0.000E+00
   4.000E-01   1.818E+00   7.310E-03   1.825E+00   4.447E-03
   4.500E-01   1.763E+00   7.818E-03   1.771E+00   1.768E-02
   5.000E-01   1.721E+00   8.350E-03   1.729E+00   3.461E-02
   6.000E-01   1.662E+00   9.474E-03   1.671E+00   7.614E-02
   7.000E-01   1.624E+00   1.067E-02   1.634E+00   1.243E-01
   8.000E-01   1.598E+00   1.193E-02   1.610E+00   1.764E-01
   9.000E-01   1.581E+00   1.324E-02   1.595E+00   2.309E-01
   1.000E+00   1.570E+00   1.460E-02   1.584E+00   2.866E-01
   1.500E+00   1.551E+00   2.207E-02   1.573E+00   5.642E-01
   2.000E+00   1.557E+00   3.036E-02   1.587E+00   8.198E-01
   2.500E+00   1.568E+00   3.925E-02   1.607E+00   1.048E+00
   3.000E+00   1.580E+00   4.861E-02   1.629E+00   1.252E+00
   3.500E+00   1.593E+00   5.833E-02   1.651E+00   1.435E+00
   4.000E+00   1.604E+00   6.837E-02   1.673E+00   1.601E+00
   4.500E+00   1.615E+00   7.868E-02   1.694E+00   1.752E+00
   5.000E+00   1.625E+00   8.923E-02   1.715E+00   1.890E+00
   6.000E+00   1.644E+00   1.109E-01   1.755E+00   2.137E+00
   7.000E+00   1.659E+00   1.333E-01   1.793E+00   2.352E+00
   8.000E+00   1.673E+00   1.563E-01   1.830E+00   2.543E+00
   9.000E+00   1.686E+00   1.798E-01   1.865E+00   2.715E+00
   1.000E+01   1.697E+00   2.036E-01   1.900E+00   2.871E+00
   1.500E+01   1.739E+00   3.276E-01   2.066E+00   3.496E+00
   2.000E+01   1.768E+00   4.568E-01   2.224E+00   3.965E+00
   2.500E+01   1.789E+00   5.892E-01   2.378E+00   4.343E+00
   3.000E+01   1.806E+00   7.237E-01   2.530E+00   4.662E+00
   3.500E+01   1.820E+00   8.600E-01   2.680E+00   4.938E+00
   4.000E+01   1.832E+00   9.975E-01   2.829E+00   5.181E+00
   4.500E+01   1.842E+00   1.136E+00   2.978E+00   5.399E+00
   5.000E+01   1.851E+00   1.276E+00   3.127E+00   5.596E+00
   6.000E+01   1.866E+00   1.557E+00   3.423E+00   5.941E+00
   7.000E+01   1.879E+00   1.841E+00   3.719E+00   6.237E+00
   8.000E+01   1.890E+00   2.126E+00   4.016E+00   6.495E+00
   9.000E+01   1.899E+00   2.413E+00   4.312E+00   6.724E+00
   1.000E+02   1.907E+00   2.701E+00   4.609E+00   6.930E+00
   1.500E+02   1.939E+00   4.156E+00   6.095E+00   7.728E+00
   2.000E+02   1.961E+00   5.625E+00   7.586E+00   8.299E+00
   2.500E+02   1.978E+00   7.103E+00   9.081E+00   8.742E+00
   3.000E+02   1.992E+00   8.587E+00   1.058E+01   9.106E+00
   3.500E+02   2.004E+00   1.008E+01   1.208E+01   9.413E+00
   4.000E+02   2.014E+00   1.157E+01   1.358E+01   9.679E+00
   4.500E+02   2.023E+00   1.306E+01   1.508E+01   9.914E+00
   5.000E+02   2.031E+00   1.456E+01   1.659E+01   1.012E+01
   6.000E+02   2.045E+00   1.755E+01   1.960E+01   1.049E+01
   7.000E+02   2.057E+00   2.056E+01   2.261E+01   1.080E+01
   8.000E+02   2.067E+00   2.356E+01   2.563E+01   1.106E+01
   9.000E+02   2.076E+00   2.657E+01   2.865E+01   1.130E+01
   1.000E+03   2.084E+00   2.958E+01   3.166E+01   1.151E+01
   1.500E+03   2.115E+00   4.466E+01   4.677E+01   1.232E+01
   2.000E+03   2.136E+00   5.976E+01   6.190E+01   1.289E+01
   2.500E+03   2.153E+00   7.488E+01   7.703E+01   1.334E+01
   3.000E+03   2.167E+00   9.000E+01   9.217E+01   1.371E+01
   3.500E+03   2.179E+00   1.051E+02   1.073E+02   1.401E+01
   4.000E+03   2.189E+00   1.203E+02   1.225E+02   1.428E+01
   4.500E+03   2.198E+00   1.354E+02   1.376E+02   1.452E+01
   5.000E+03   2.206E+00   1.505E+02   1.528E+02   1.473E+01
   5.500E+03   2.213E+00   1.657E+02   1.679E+02   1.492E+01
   6.000E+03   2.220E+00   1.808E+02   1.831E+02   1.509E+01
   6.500E+03   2.226E+00   1.960E+02   1.982E+02   1.525E+01
   7.000E+03   2.231E+00   2.111E+02   2.134E+02   1.540E+01
   7.500E+03   2.237E+00   2.263E+02   2.285E+02   1.554E+01
   8.000E+03   2.242E+00   2.414E+02   2.437E+02   1.567E+01
   8.500E+03   2.246E+00   2.566E+02   2.588E+02   1.579E+01
   9.000E+03   2.251E+00   2.717E+02   2.740E+02   1.590E+01
   9.500E+03   2.255E+00   2.869E+02   2.891E+02   1.601E+01
   1.000E+04   2.259E+00   3.020E+02   3.043E+02   1.611E+01
