  1.000E-03   4.022E+01   3.948E-03   4.022E+01   0.000E+00
   1.500E-03   3.599E+01   5.001E-03   3.599E+01   0.000E+00
   2.000E-03   3.190E+01   6.031E-03   3.190E+01   0.000E+00
   2.500E-03   2.858E+01   6.958E-03   2.858E+01   0.000E+00
   3.000E-03   2.591E+01   7.780E-03   2.592E+01   0.000E+00
   3.500E-03   2.373E+01   8.511E-03   2.374E+01   0.000E+00
   4.000E-03   2.193E+01   9.167E-03   2.194E+01   0.000E+00
   4.500E-03   2.041E+01   9.758E-03   2.042E+01   0.000E+00
   5.000E-03   1.911E+01   1.030E-02   1.912E+01   0.000E+00
   6.000E-03   1.701E+01   1.125E-02   1.702E+01   0.000E+00
   7.000E-03   1.537E+01   1.206E-02   1.538E+01   0.000E+00
   8.000E-03   1.406E+01   1.276E-02   1.407E+01   0.000E+00
   9.000E-03   1.298E+01   1.338E-02   1.299E+01   0.000E+00
   1.000E-02   1.208E+01   1.394E-02   1.209E+01   0.000E+00
   1.500E-02   9.104E+00   1.609E-02   9.120E+00   0.000E+00
   2.000E-02   7.427E+00   1.760E-02   7.445E+00   0.000E+00
   2.500E-02   6.340E+00   1.878E-02   6.359E+00   0.000E+00
   3.000E-02   5.573E+00   1.975E-02   5.593E+00   0.000E+00
   3.500E-02   5.001E+00   2.058E-02   5.021E+00   0.000E+00
   4.000E-02   4.556E+00   2.131E-02   4.578E+00   0.000E+00
   4.500E-02   4.201E+00   2.197E-02   4.223E+00   0.000E+00
   5.000E-02   3.909E+00   2.258E-02   3.932E+00   0.000E+00
   6.000E-02   3.459E+00   2.367E-02   3.482E+00   0.000E+00
   7.000E-02   3.127E+00   2.464E-02   3.151E+00   0.000E+00
   8.000E-02   2.871E+00   2.552E-02   2.897E+00   0.000E+00
   9.000E-02   2.669E+00   2.634E-02   2.695E+00   0.000E+00
   1.000E-01   2.504E+00   2.710E-02   2.531E+00   0.000E+00
   1.500E-01   1.997E+00   3.036E-02   2.028E+00   0.000E+00
   2.000E-01   1.739E+00   3.312E-02   1.772E+00   0.000E+00
   2.500E-01   1.584E+00   3.570E-02   1.620E+00   0.000E+00
   3.000E-01   1.483E+00   3.823E-02   1.522E+00   0.000E+00
   3.500E-01   1.414E+00   4.076E-02   1.455E+00   0.000E+00
   4.000E-01   1.364E+00   4.333E-02   1.407E+00   0.000E+00
   4.500E-01   1.327E+00   4.593E-02   1.373E+00   0.000E+00
   5.000E-01   1.300E+00   4.859E-02   1.348E+00   0.000E+00
   6.000E-01   1.263E+00   5.401E-02   1.317E+00   0.000E+00
   7.000E-01   1.240E+00   5.959E-02   1.300E+00   5.846E-03
   8.000E-01   1.227E+00   6.531E-02   1.292E+00   1.916E-02
   9.000E-01   1.219E+00   7.116E-02   1.290E+00   3.679E-02
   1.000E+00   1.214E+00   7.714E-02   1.291E+00   5.768E-02
   1.500E+00   1.216E+00   1.087E-01   1.325E+00   1.883E-01
   2.000E+00   1.232E+00   1.423E-01   1.374E+00   3.319E-01
   2.500E+00   1.249E+00   1.774E-01   1.427E+00   4.715E-01
   3.000E+00   1.266E+00   2.135E-01   1.480E+00   6.022E-01
   3.500E+00   1.281E+00   2.506E-01   1.532E+00   7.233E-01
   4.000E+00   1.296E+00   2.884E-01   1.584E+00   8.353E-01
   4.500E+00   1.308E+00   3.268E-01   1.635E+00   9.390E-01
   5.000E+00   1.320E+00   3.657E-01   1.686E+00   1.035E+00
   6.000E+00   1.341E+00   4.451E-01   1.786E+00   1.210E+00
   7.000E+00   1.359E+00   5.262E-01   1.885E+00   1.364E+00
   8.000E+00   1.375E+00   6.085E-01   1.983E+00   1.502E+00
   9.000E+00   1.389E+00   6.921E-01   2.081E+00   1.627E+00
   1.000E+01   1.401E+00   7.767E-01   2.178E+00   1.742E+00
   1.500E+01   1.448E+00   1.211E+00   2.659E+00   2.210E+00
   2.000E+01   1.481E+00   1.659E+00   3.140E+00   2.567E+00
   2.500E+01   1.505E+00   2.117E+00   3.622E+00   2.859E+00
   3.000E+01   1.524E+00   2.581E+00   4.106E+00   3.108E+00
   3.500E+01   1.540E+00   3.051E+00   4.592E+00   3.326E+00
   4.000E+01   1.554E+00   3.526E+00   5.079E+00   3.519E+00
   4.500E+01   1.566E+00   4.003E+00   5.569E+00   3.694E+00
   5.000E+01   1.576E+00   4.484E+00   6.060E+00   3.853E+00
   6.000E+01   1.593E+00   5.452E+00   7.046E+00   4.136E+00
   7.000E+01   1.608E+00   6.428E+00   8.036E+00   4.381E+00
   8.000E+01   1.620E+00   7.411E+00   9.031E+00   4.598E+00
   9.000E+01   1.630E+00   8.397E+00   1.003E+01   4.792E+00
   1.000E+02   1.639E+00   9.388E+00   1.103E+01   4.969E+00
   1.500E+02   1.673E+00   1.438E+01   1.605E+01   5.669E+00
   2.000E+02   1.696E+00   1.941E+01   2.111E+01   6.182E+00
   2.500E+02   1.714E+00   2.446E+01   2.617E+01   6.588E+00
   3.000E+02   1.728E+00   2.952E+01   3.125E+01   6.924E+00
   3.500E+02   1.739E+00   3.459E+01   3.633E+01   7.211E+00
   4.000E+02   1.749E+00   3.967E+01   4.142E+01   7.461E+00
   4.500E+02   1.758E+00   4.475E+01   4.651E+01   7.683E+00
   5.000E+02   1.765E+00   4.984E+01   5.160E+01   7.883E+00
   6.000E+02   1.778E+00   6.002E+01   6.180E+01   8.231E+00
   7.000E+02   1.789E+00   7.022E+01   7.201E+01   8.527E+00
   8.000E+02   1.799E+00   8.042E+01   8.222E+01   8.785E+00
   9.000E+02   1.807E+00   9.064E+01   9.244E+01   9.014E+00
   1.000E+03   1.814E+00   1.009E+02   1.027E+02   9.218E+00
   1.500E+03   1.842E+00   1.520E+02   1.538E+02   1.001E+01
   2.000E+03   1.862E+00   2.032E+02   2.050E+02   1.058E+01
   2.500E+03   1.877E+00   2.544E+02   2.563E+02   1.102E+01
   3.000E+03   1.889E+00   3.056E+02   3.075E+02   1.138E+01
   3.500E+03   1.900E+00   3.569E+02   3.588E+02   1.169E+01
   4.000E+03   1.909E+00   4.081E+02   4.100E+02   1.195E+01
   4.500E+03   1.916E+00   4.594E+02   4.613E+02   1.218E+01
   5.000E+03   1.923E+00   5.106E+02   5.126E+02   1.239E+01
   5.500E+03   1.930E+00   5.619E+02   5.638E+02   1.258E+01
   6.000E+03   1.936E+00   6.132E+02   6.151E+02   1.276E+01
   6.500E+03   1.941E+00   6.644E+02   6.664E+02   1.292E+01
   7.000E+03   1.946E+00   7.157E+02   7.177E+02   1.306E+01
   7.500E+03   1.950E+00   7.670E+02   7.689E+02   1.320E+01
   8.000E+03   1.955E+00   8.183E+02   8.202E+02   1.333E+01
   8.500E+03   1.959E+00   8.696E+02   8.715E+02   1.345E+01
   9.000E+03   1.962E+00   9.208E+02   9.228E+02   1.357E+01
   9.500E+03   1.966E+00   9.721E+02   9.741E+02   1.367E+01
   1.000E+04   1.969E+00   1.023E+03   1.025E+03   1.378E+01
