          75
SI28 
          16
           0
          74
  0.877E+07  0.000E+00  0.900E+07  0.489E-03  0.950E+07  0.336E-01
  0.100E+08  0.984E-01  0.105E+08  0.150E+00  0.110E+08  0.211E+00
  0.115E+08  0.250E+00  0.120E+08  0.293E+00  0.125E+08  0.336E+00
  0.130E+08  0.362E+00  0.135E+08  0.382E+00  0.140E+08  0.391E+00
  0.145E+08  0.398E+00  0.150E+08  0.406E+00  0.160E+08  0.408E+00
  0.170E+08  0.400E+00  0.180E+08  0.389E+00  0.190E+08  0.364E+00
  0.200E+08  0.342E+00  0.210E+08  0.327E+00  0.220E+08  0.304E+00
  0.230E+08  0.286E+00  0.240E+08  0.272E+00  0.250E+08  0.245E+00
  0.260E+08  0.225E+00  0.270E+08  0.206E+00  0.280E+08  0.185E+00
  0.290E+08  0.167E+00  0.300E+08  0.154E+00  0.310E+08  0.137E+00
  0.320E+08  0.128E+00  0.330E+08  0.121E+00  0.340E+08  0.108E+00
  0.350E+08  0.102E+00  0.360E+08  0.952E-01  0.370E+08  0.894E-01
  0.380E+08  0.862E-01  0.390E+08  0.830E-01  0.400E+08  0.777E-01
  0.410E+08  0.745E-01  0.420E+08  0.723E-01  0.430E+08  0.692E-01
  0.440E+08  0.676E-01  0.450E+08  0.660E-01  0.460E+08  0.628E-01
  0.470E+08  0.606E-01  0.480E+08  0.596E-01  0.490E+08  0.578E-01
  0.500E+08  0.559E-01  0.520E+08  0.522E-01  0.540E+08  0.505E-01
  0.560E+08  0.487E-01  0.580E+08  0.469E-01  0.600E+08  0.457E-01
  0.620E+08  0.437E-01  0.640E+08  0.418E-01  0.660E+08  0.398E-01
  0.680E+08  0.378E-01  0.700E+08  0.366E-01  0.720E+08  0.355E-01
  0.740E+08  0.343E-01  0.760E+08  0.332E-01  0.780E+08  0.314E-01
  0.800E+08  0.307E-01  0.820E+08  0.300E-01  0.840E+08  0.295E-01
  0.860E+08  0.288E-01  0.880E+08  0.280E-01  0.900E+08  0.270E-01
  0.920E+08  0.261E-01  0.940E+08  0.252E-01  0.960E+08  0.243E-01
  0.980E+08  0.240E-01  0.100E+09  0.237E-01
SI27 
          17
           0
          49
  0.265E+08  0.000E+00  0.280E+08  0.407E-05  0.290E+08  0.645E-04
  0.300E+08  0.287E-03  0.310E+08  0.696E-03  0.320E+08  0.115E-02
  0.330E+08  0.172E-02  0.340E+08  0.270E-02  0.350E+08  0.353E-02
  0.360E+08  0.472E-02  0.370E+08  0.517E-02  0.380E+08  0.567E-02
  0.390E+08  0.644E-02  0.400E+08  0.681E-02  0.410E+08  0.703E-02
  0.420E+08  0.747E-02  0.430E+08  0.737E-02  0.440E+08  0.748E-02
  0.450E+08  0.758E-02  0.460E+08  0.745E-02  0.470E+08  0.715E-02
  0.480E+08  0.704E-02  0.490E+08  0.694E-02  0.500E+08  0.683E-02
  0.520E+08  0.662E-02  0.540E+08  0.640E-02  0.560E+08  0.619E-02
  0.580E+08  0.556E-02  0.600E+08  0.542E-02  0.620E+08  0.529E-02
  0.640E+08  0.515E-02  0.660E+08  0.502E-02  0.680E+08  0.488E-02
  0.700E+08  0.459E-02  0.720E+08  0.420E-02  0.740E+08  0.393E-02
  0.760E+08  0.372E-02  0.780E+08  0.401E-02  0.800E+08  0.383E-02
  0.820E+08  0.366E-02  0.840E+08  0.348E-02  0.860E+08  0.297E-02
  0.880E+08  0.272E-02  0.900E+08  0.297E-02  0.920E+08  0.274E-02
  0.940E+08  0.284E-02  0.960E+08  0.288E-02  0.980E+08  0.267E-02
  0.100E+09  0.258E-02
SI26 
          37
           0
          36
  0.403E+08  0.000E+00  0.410E+08  0.472E-13  0.420E+08  0.111E-09
  0.430E+08  0.291E-08  0.440E+08  0.141E-07  0.450E+08  0.501E-07
  0.460E+08  0.192E-06  0.470E+08  0.430E-06  0.480E+08  0.106E-05
  0.490E+08  0.161E-05  0.500E+08  0.273E-05  0.520E+08  0.516E-05
  0.540E+08  0.642E-05  0.560E+08  0.116E-04  0.580E+08  0.139E-04
  0.600E+08  0.164E-04  0.620E+08  0.202E-04  0.640E+08  0.207E-04
  0.660E+08  0.215E-04  0.680E+08  0.227E-04  0.700E+08  0.241E-04
  0.720E+08  0.259E-04  0.740E+08  0.284E-04  0.760E+08  0.282E-04
  0.780E+08  0.275E-04  0.800E+08  0.298E-04  0.820E+08  0.286E-04
  0.840E+08  0.341E-04  0.860E+08  0.361E-04  0.880E+08  0.335E-04
  0.900E+08  0.335E-04  0.920E+08  0.297E-04  0.940E+08  0.303E-04
  0.960E+08  0.298E-04  0.980E+08  0.298E-04  0.100E+09  0.310E-04
AL29 
         103
           0
          83
  0.300E+07  0.000E+00  0.450E+07  0.279E-03  0.500E+07  0.136E-02
  0.550E+07  0.427E-02  0.600E+07  0.902E-02  0.650E+07  0.150E-01
  0.700E+07  0.213E-01  0.750E+07  0.281E-01  0.800E+07  0.342E-01
  0.850E+07  0.416E-01  0.900E+07  0.482E-01  0.950E+07  0.557E-01
  0.100E+08  0.630E-01  0.105E+08  0.701E-01  0.110E+08  0.762E-01
  0.115E+08  0.830E-01  0.120E+08  0.897E-01  0.125E+08  0.963E-01
  0.130E+08  0.103E+00  0.135E+08  0.109E+00  0.140E+08  0.115E+00
  0.145E+08  0.119E+00  0.150E+08  0.122E+00  0.160E+08  0.114E+00
  0.170E+08  0.102E+00  0.180E+08  0.948E-01  0.190E+08  0.897E-01
  0.200E+08  0.832E-01  0.210E+08  0.776E-01  0.220E+08  0.713E-01
  0.230E+08  0.676E-01  0.240E+08  0.655E-01  0.250E+08  0.637E-01
  0.260E+08  0.619E-01  0.270E+08  0.594E-01  0.280E+08  0.563E-01
  0.290E+08  0.547E-01  0.300E+08  0.538E-01  0.310E+08  0.529E-01
  0.320E+08  0.520E-01  0.330E+08  0.511E-01  0.340E+08  0.502E-01
  0.350E+08  0.492E-01  0.360E+08  0.483E-01  0.370E+08  0.474E-01
  0.380E+08  0.465E-01  0.390E+08  0.456E-01  0.400E+08  0.447E-01
  0.410E+08  0.435E-01  0.420E+08  0.428E-01  0.430E+08  0.420E-01
  0.440E+08  0.413E-01  0.450E+08  0.405E-01  0.460E+08  0.398E-01
  0.470E+08  0.389E-01  0.480E+08  0.385E-01  0.490E+08  0.378E-01
  0.500E+08  0.370E-01  0.520E+08  0.360E-01  0.540E+08  0.350E-01
  0.560E+08  0.345E-01  0.580E+08  0.340E-01  0.600E+08  0.335E-01
  0.620E+08  0.322E-01  0.640E+08  0.309E-01  0.660E+08  0.296E-01
  0.680E+08  0.283E-01  0.700E+08  0.273E-01  0.720E+08  0.270E-01
  0.740E+08  0.267E-01  0.760E+08  0.265E-01  0.780E+08  0.255E-01
  0.800E+08  0.239E-01  0.820E+08  0.235E-01  0.840E+08  0.227E-01
  0.860E+08  0.225E-01  0.880E+08  0.224E-01  0.900E+08  0.223E-01
  0.920E+08  0.216E-01  0.940E+08  0.203E-01  0.960E+08  0.196E-01
  0.980E+08  0.193E-01  0.100E+09  0.188E-01
MG28 
         111
           0
          61
  0.138E+08  0.000E+00  0.160E+08  0.774E-05  0.170E+08  0.159E-03
  0.180E+08  0.466E-03  0.190E+08  0.749E-03  0.200E+08  0.105E-02
  0.210E+08  0.129E-02  0.220E+08  0.159E-02  0.230E+08  0.191E-02
  0.240E+08  0.225E-02  0.250E+08  0.257E-02  0.260E+08  0.294E-02
  0.270E+08  0.336E-02  0.280E+08  0.372E-02  0.290E+08  0.412E-02
  0.300E+08  0.452E-02  0.310E+08  0.482E-02  0.320E+08  0.517E-02
  0.330E+08  0.554E-02  0.340E+08  0.585E-02  0.350E+08  0.617E-02
  0.360E+08  0.644E-02  0.370E+08  0.662E-02  0.380E+08  0.670E-02
  0.390E+08  0.680E-02  0.400E+08  0.680E-02  0.410E+08  0.678E-02
  0.420E+08  0.675E-02  0.430E+08  0.673E-02  0.440E+08  0.653E-02
  0.450E+08  0.632E-02  0.460E+08  0.629E-02  0.470E+08  0.620E-02
  0.480E+08  0.612E-02  0.490E+08  0.602E-02  0.500E+08  0.595E-02
  0.520E+08  0.583E-02  0.540E+08  0.571E-02  0.560E+08  0.562E-02
  0.580E+08  0.552E-02  0.600E+08  0.541E-02  0.620E+08  0.526E-02
  0.640E+08  0.523E-02  0.660E+08  0.514E-02  0.680E+08  0.507E-02
  0.700E+08  0.514E-02  0.720E+08  0.508E-02  0.740E+08  0.501E-02
  0.760E+08  0.494E-02  0.780E+08  0.487E-02  0.800E+08  0.485E-02
  0.820E+08  0.478E-02  0.840E+08  0.470E-02  0.860E+08  0.464E-02
  0.880E+08  0.459E-02  0.900E+08  0.453E-02  0.920E+08  0.447E-02
  0.940E+08  0.457E-02  0.960E+08  0.451E-02  0.980E+08  0.446E-02
  0.100E+09  0.440E-02
SI25 
         121
           0
          21
  0.600E+08  0.000E+00  0.620E+08  0.167E-12  0.640E+08  0.593E-11
  0.660E+08  0.103E-09  0.680E+08  0.425E-09  0.700E+08  0.908E-09
  0.720E+08  0.418E-08  0.740E+08  0.960E-08  0.760E+08  0.239E-07
  0.780E+08  0.322E-07  0.800E+08  0.505E-07  0.820E+08  0.686E-07
  0.840E+08  0.811E-07  0.860E+08  0.105E-06  0.880E+08  0.126E-06
  0.900E+08  0.120E-06  0.920E+08  0.127E-06  0.940E+08  0.132E-06
  0.960E+08  0.161E-06  0.980E+08  0.185E-06  0.100E+09  0.188E-06
SI24 
         122
           0
          13
  0.755E+08  0.000E+00  0.780E+08  0.336E-17  0.800E+08  0.549E-15
  0.820E+08  0.127E-13  0.840E+08  0.120E-13  0.860E+08  0.174E-12
  0.880E+08  0.880E-12  0.900E+08  0.398E-11  0.920E+08  0.183E-10
  0.940E+08  0.311E-10  0.960E+08  0.557E-10  0.980E+08  0.830E-10
  0.100E+09  0.105E-09
AL28 
         153
           0
          69
  0.105E+08  0.000E+00  0.115E+08  0.268E-07  0.120E+08  0.120E-04
  0.125E+08  0.122E-03  0.130E+08  0.474E-03  0.135E+08  0.920E-03
  0.140E+08  0.317E-02  0.145E+08  0.663E-02  0.150E+08  0.116E-01
  0.160E+08  0.326E-01  0.170E+08  0.655E-01  0.180E+08  0.981E-01
  0.190E+08  0.136E+00  0.200E+08  0.172E+00  0.210E+08  0.194E+00
  0.220E+08  0.225E+00  0.230E+08  0.244E+00  0.240E+08  0.250E+00
  0.250E+08  0.260E+00  0.260E+08  0.256E+00  0.270E+08  0.242E+00
  0.280E+08  0.231E+00  0.290E+08  0.223E+00  0.300E+08  0.204E+00
  0.310E+08  0.193E+00  0.320E+08  0.181E+00  0.330E+08  0.167E+00
  0.340E+08  0.158E+00  0.350E+08  0.152E+00  0.360E+08  0.139E+00
  0.370E+08  0.133E+00  0.380E+08  0.128E+00  0.390E+08  0.121E+00
  0.400E+08  0.117E+00  0.410E+08  0.115E+00  0.420E+08  0.111E+00
  0.430E+08  0.107E+00  0.440E+08  0.103E+00  0.450E+08  0.993E-01
  0.460E+08  0.974E-01  0.470E+08  0.949E-01  0.480E+08  0.925E-01
  0.490E+08  0.896E-01  0.500E+08  0.867E-01  0.520E+08  0.816E-01
  0.540E+08  0.798E-01  0.560E+08  0.778E-01  0.580E+08  0.759E-01
  0.600E+08  0.739E-01  0.620E+08  0.719E-01  0.640E+08  0.698E-01
  0.660E+08  0.678E-01  0.680E+08  0.650E-01  0.700E+08  0.632E-01
  0.720E+08  0.619E-01  0.740E+08  0.608E-01  0.760E+08  0.597E-01
  0.780E+08  0.587E-01  0.800E+08  0.576E-01  0.820E+08  0.560E-01
  0.840E+08  0.545E-01  0.860E+08  0.530E-01  0.880E+08  0.521E-01
  0.900E+08  0.512E-01  0.920E+08  0.503E-01  0.940E+08  0.494E-01
  0.960E+08  0.485E-01  0.980E+08  0.476E-01  0.100E+09  0.467E-01
AL27 
         154
           0
          57
  0.184E+08  0.000E+00  0.200E+08  0.157E-06  0.210E+08  0.322E-05
  0.220E+08  0.226E-02  0.230E+08  0.669E-02  0.240E+08  0.184E-01
  0.250E+08  0.444E-01  0.260E+08  0.753E-01  0.270E+08  0.116E+00
  0.280E+08  0.152E+00  0.290E+08  0.184E+00  0.300E+08  0.217E+00
  0.310E+08  0.245E+00  0.320E+08  0.264E+00  0.330E+08  0.280E+00
  0.340E+08  0.300E+00  0.350E+08  0.307E+00  0.360E+08  0.318E+00
  0.370E+08  0.320E+00  0.380E+08  0.316E+00  0.390E+08  0.314E+00
  0.400E+08  0.310E+00  0.410E+08  0.299E+00  0.420E+08  0.295E+00
  0.430E+08  0.286E+00  0.440E+08  0.279E+00  0.450E+08  0.272E+00
  0.460E+08  0.265E+00  0.470E+08  0.254E+00  0.480E+08  0.250E+00
  0.490E+08  0.234E+00  0.500E+08  0.227E+00  0.520E+08  0.221E+00
  0.540E+08  0.214E+00  0.560E+08  0.208E+00  0.580E+08  0.199E+00
  0.600E+08  0.172E+00  0.620E+08  0.164E+00  0.640E+08  0.158E+00
  0.660E+08  0.155E+00  0.680E+08  0.152E+00  0.700E+08  0.148E+00
  0.720E+08  0.145E+00  0.740E+08  0.141E+00  0.760E+08  0.137E+00
  0.780E+08  0.132E+00  0.800E+08  0.128E+00  0.820E+08  0.124E+00
  0.840E+08  0.119E+00  0.860E+08  0.113E+00  0.880E+08  0.107E+00
  0.900E+08  0.101E+00  0.920E+08  0.999E-01  0.940E+08  0.978E-01
  0.960E+08  0.998E-01  0.980E+08  0.101E+00  0.100E+09  0.995E-01
AL26 
         155
           0
          43
  0.320E+08  0.000E+00  0.340E+08  0.181E-08  0.350E+08  0.655E-05
  0.360E+08  0.775E-04  0.370E+08  0.392E-03  0.380E+08  0.996E-03
  0.390E+08  0.215E-02  0.400E+08  0.393E-02  0.410E+08  0.707E-02
  0.420E+08  0.925E-02  0.430E+08  0.134E-01  0.440E+08  0.164E-01
  0.450E+08  0.200E-01  0.460E+08  0.255E-01  0.470E+08  0.311E-01
  0.480E+08  0.345E-01  0.490E+08  0.413E-01  0.500E+08  0.458E-01
  0.520E+08  0.493E-01  0.540E+08  0.521E-01  0.560E+08  0.548E-01
  0.580E+08  0.576E-01  0.600E+08  0.604E-01  0.620E+08  0.631E-01
  0.640E+08  0.659E-01  0.660E+08  0.654E-01  0.680E+08  0.653E-01
  0.700E+08  0.652E-01  0.720E+08  0.650E-01  0.740E+08  0.649E-01
  0.760E+08  0.642E-01  0.780E+08  0.636E-01  0.800E+08  0.630E-01
  0.820E+08  0.624E-01  0.840E+08  0.619E-01  0.860E+08  0.613E-01
  0.880E+08  0.607E-01  0.900E+08  0.596E-01  0.920E+08  0.585E-01
  0.940E+08  0.574E-01  0.960E+08  0.557E-01  0.980E+08  0.541E-01
  0.100E+09  0.524E-01
AL25 
         156
           0
          31
  0.437E+08  0.000E+00  0.460E+08  0.126E-12  0.470E+08  0.312E-08
  0.480E+08  0.932E-07  0.490E+08  0.608E-06  0.500E+08  0.269E-05
  0.520E+08  0.165E-04  0.540E+08  0.408E-04  0.560E+08  0.110E-03
  0.580E+08  0.241E-03  0.600E+08  0.403E-03  0.620E+08  0.650E-03
  0.640E+08  0.639E-03  0.660E+08  0.711E-03  0.680E+08  0.839E-03
  0.700E+08  0.121E-02  0.720E+08  0.130E-02  0.740E+08  0.146E-02
  0.760E+08  0.137E-02  0.780E+08  0.110E-02  0.800E+08  0.117E-02
  0.820E+08  0.116E-02  0.840E+08  0.134E-02  0.860E+08  0.167E-02
  0.880E+08  0.181E-02  0.900E+08  0.187E-02  0.920E+08  0.178E-02
  0.940E+08  0.151E-02  0.960E+08  0.142E-02  0.980E+08  0.154E-02
  0.100E+09  0.211E-02
AL24 
         157
           0
          20
  0.612E+08  0.000E+00  0.640E+08  0.246E-12  0.660E+08  0.425E-10
  0.680E+08  0.835E-09  0.700E+08  0.497E-08  0.720E+08  0.455E-07
  0.740E+08  0.182E-06  0.760E+08  0.812E-06  0.780E+08  0.126E-05
  0.800E+08  0.150E-05  0.820E+08  0.237E-05  0.840E+08  0.307E-05
  0.860E+08  0.497E-05  0.880E+08  0.725E-05  0.900E+08  0.867E-05
  0.920E+08  0.118E-04  0.940E+08  0.112E-04  0.960E+08  0.925E-05
  0.980E+08  0.984E-05  0.100E+09  0.133E-04
AL23 
         158
           0
          12
  0.766E+08  0.000E+00  0.800E+08  0.114E-15  0.820E+08  0.349E-13
  0.840E+08  0.457E-13  0.860E+08  0.485E-12  0.880E+08  0.524E-11
  0.900E+08  0.451E-10  0.920E+08  0.256E-09  0.940E+08  0.984E-09
  0.960E+08  0.119E-08  0.980E+08  0.877E-09  0.100E+09  0.128E-08
AL22 
         159
           0
           2
  0.979E+08  0.000E+00  0.100E+09  0.430E-22
MG27 
         174
           0
          54
  0.203E+08  0.000E+00  0.230E+08  0.728E-09  0.240E+08  0.132E-06
  0.250E+08  0.284E-05  0.260E+08  0.311E-04  0.270E+08  0.114E-03
  0.280E+08  0.262E-03  0.290E+08  0.568E-03  0.300E+08  0.102E-02
  0.310E+08  0.152E-02  0.320E+08  0.240E-02  0.330E+08  0.328E-02
  0.340E+08  0.416E-02  0.350E+08  0.504E-02  0.360E+08  0.592E-02
  0.370E+08  0.680E-02  0.380E+08  0.768E-02  0.390E+08  0.856E-02
  0.400E+08  0.944E-02  0.410E+08  0.103E-01  0.420E+08  0.112E-01
  0.430E+08  0.116E-01  0.440E+08  0.121E-01  0.450E+08  0.125E-01
  0.460E+08  0.128E-01  0.470E+08  0.130E-01  0.480E+08  0.133E-01
  0.490E+08  0.133E-01  0.500E+08  0.134E-01  0.520E+08  0.140E-01
  0.540E+08  0.143E-01  0.560E+08  0.147E-01  0.580E+08  0.143E-01
  0.600E+08  0.138E-01  0.620E+08  0.132E-01  0.640E+08  0.125E-01
  0.660E+08  0.119E-01  0.680E+08  0.112E-01  0.700E+08  0.106E-01
  0.720E+08  0.105E-01  0.740E+08  0.105E-01  0.760E+08  0.104E-01
  0.780E+08  0.100E-01  0.800E+08  0.953E-02  0.820E+08  0.906E-02
  0.840E+08  0.870E-02  0.860E+08  0.886E-02  0.880E+08  0.901E-02
  0.900E+08  0.879E-02  0.920E+08  0.864E-02  0.940E+08  0.831E-02
  0.960E+08  0.797E-02  0.980E+08  0.764E-02  0.100E+09  0.747E-02
MG26 
         175
           0
          87
  0.357E+05  0.000E+00  0.250E+07  0.806E-05  0.300E+07  0.980E-04
  0.350E+07  0.526E-03  0.400E+07  0.134E-02  0.450E+07  0.344E-02
  0.500E+07  0.720E-02  0.550E+07  0.117E-01  0.600E+07  0.168E-01
  0.650E+07  0.222E-01  0.700E+07  0.252E-01  0.750E+07  0.308E-01
  0.800E+07  0.386E-01  0.850E+07  0.446E-01  0.900E+07  0.502E-01
  0.950E+07  0.552E-01  0.100E+08  0.579E-01  0.105E+08  0.606E-01
  0.110E+08  0.676E-01  0.115E+08  0.712E-01  0.120E+08  0.746E-01
  0.125E+08  0.774E-01  0.130E+08  0.799E-01  0.135E+08  0.823E-01
  0.140E+08  0.848E-01  0.145E+08  0.870E-01  0.150E+08  0.888E-01
  0.160E+08  0.894E-01  0.170E+08  0.828E-01  0.180E+08  0.690E-01
  0.190E+08  0.590E-01  0.200E+08  0.510E-01  0.210E+08  0.410E-01
  0.220E+08  0.346E-01  0.230E+08  0.290E-01  0.240E+08  0.242E-01
  0.250E+08  0.210E-01  0.260E+08  0.190E-01  0.270E+08  0.166E-01
  0.280E+08  0.150E-01  0.290E+08  0.133E-01  0.300E+08  0.118E-01
  0.310E+08  0.960E-02  0.320E+08  0.739E-02  0.330E+08  0.517E-02
  0.340E+08  0.617E-02  0.350E+08  0.882E-02  0.360E+08  0.113E-01
  0.370E+08  0.158E-01  0.380E+08  0.212E-01  0.390E+08  0.277E-01
  0.400E+08  0.354E-01  0.410E+08  0.443E-01  0.420E+08  0.487E-01
  0.430E+08  0.555E-01  0.440E+08  0.582E-01  0.450E+08  0.613E-01
  0.460E+08  0.665E-01  0.470E+08  0.707E-01  0.480E+08  0.746E-01
  0.490E+08  0.785E-01  0.500E+08  0.832E-01  0.520E+08  0.739E-01
  0.540E+08  0.767E-01  0.560E+08  0.788E-01  0.580E+08  0.814E-01
  0.600E+08  0.855E-01  0.620E+08  0.896E-01  0.640E+08  0.937E-01
  0.660E+08  0.978E-01  0.680E+08  0.903E-01  0.700E+08  0.878E-01
  0.720E+08  0.863E-01  0.740E+08  0.848E-01  0.760E+08  0.834E-01
  0.780E+08  0.819E-01  0.800E+08  0.804E-01  0.820E+08  0.790E-01
  0.840E+08  0.775E-01  0.860E+08  0.760E-01  0.880E+08  0.749E-01
  0.900E+08  0.738E-01  0.920E+08  0.727E-01  0.940E+08  0.716E-01
  0.960E+08  0.701E-01  0.980E+08  0.641E-01  0.100E+09  0.611E-01
MG25 
         176
           0
          64
  0.115E+08  0.000E+00  0.140E+08  0.876E-06  0.145E+08  0.333E-04
  0.150E+08  0.232E-03  0.160E+08  0.190E-02  0.170E+08  0.820E-02
  0.180E+08  0.179E-01  0.190E+08  0.307E-01  0.200E+08  0.416E-01
  0.210E+08  0.494E-01  0.220E+08  0.610E-01  0.230E+08  0.692E-01
  0.240E+08  0.723E-01  0.250E+08  0.791E-01  0.260E+08  0.803E-01
  0.270E+08  0.742E-01  0.280E+08  0.718E-01  0.290E+08  0.658E-01
  0.300E+08  0.584E-01  0.310E+08  0.529E-01  0.320E+08  0.493E-01
  0.330E+08  0.412E-01  0.340E+08  0.371E-01  0.350E+08  0.328E-01
  0.360E+08  0.287E-01  0.370E+08  0.260E-01  0.380E+08  0.234E-01
  0.390E+08  0.207E-01  0.400E+08  0.191E-01  0.410E+08  0.174E-01
  0.420E+08  0.157E-01  0.430E+08  0.146E-01  0.440E+08  0.136E-01
  0.450E+08  0.126E-01  0.460E+08  0.121E-01  0.470E+08  0.118E-01
  0.480E+08  0.114E-01  0.490E+08  0.126E-01  0.500E+08  0.134E-01
  0.520E+08  0.155E-01  0.540E+08  0.182E-01  0.560E+08  0.218E-01
  0.580E+08  0.251E-01  0.600E+08  0.319E-01  0.620E+08  0.387E-01
  0.640E+08  0.455E-01  0.660E+08  0.500E-01  0.680E+08  0.527E-01
  0.700E+08  0.561E-01  0.720E+08  0.582E-01  0.740E+08  0.606E-01
  0.760E+08  0.631E-01  0.780E+08  0.656E-01  0.800E+08  0.674E-01
  0.820E+08  0.701E-01  0.840E+08  0.727E-01  0.860E+08  0.751E-01
  0.880E+08  0.770E-01  0.900E+08  0.789E-01  0.920E+08  0.803E-01
  0.940E+08  0.816E-01  0.960E+08  0.824E-01  0.980E+08  0.831E-01
  0.100E+09  0.839E-01
MG24 
         177
           0
          55
  0.191E+08  0.000E+00  0.220E+08  0.180E-05  0.230E+08  0.151E-03
  0.240E+08  0.105E-02  0.250E+08  0.402E-02  0.260E+08  0.760E-02
  0.270E+08  0.162E-01  0.280E+08  0.249E-01  0.290E+08  0.349E-01
  0.300E+08  0.435E-01  0.310E+08  0.547E-01  0.320E+08  0.604E-01
  0.330E+08  0.679E-01  0.340E+08  0.762E-01  0.350E+08  0.815E-01
  0.360E+08  0.860E-01  0.370E+08  0.892E-01  0.380E+08  0.898E-01
  0.390E+08  0.906E-01  0.400E+08  0.913E-01  0.410E+08  0.921E-01
  0.420E+08  0.907E-01  0.430E+08  0.893E-01  0.440E+08  0.879E-01
  0.450E+08  0.847E-01  0.460E+08  0.824E-01  0.470E+08  0.784E-01
  0.480E+08  0.750E-01  0.490E+08  0.692E-01  0.500E+08  0.662E-01
  0.520E+08  0.604E-01  0.540E+08  0.572E-01  0.560E+08  0.540E-01
  0.580E+08  0.497E-01  0.600E+08  0.470E-01  0.620E+08  0.444E-01
  0.640E+08  0.409E-01  0.660E+08  0.403E-01  0.680E+08  0.405E-01
  0.700E+08  0.430E-01  0.720E+08  0.457E-01  0.740E+08  0.477E-01
  0.760E+08  0.499E-01  0.780E+08  0.522E-01  0.800E+08  0.536E-01
  0.820E+08  0.550E-01  0.840E+08  0.564E-01  0.860E+08  0.576E-01
  0.880E+08  0.588E-01  0.900E+08  0.602E-01  0.920E+08  0.616E-01
  0.940E+08  0.581E-01  0.960E+08  0.588E-01  0.980E+08  0.598E-01
  0.100E+09  0.609E-01
MG23 
         178
           0
          38
  0.362E+08  0.000E+00  0.390E+08  0.576E-12  0.400E+08  0.799E-10
  0.410E+08  0.162E-07  0.420E+08  0.237E-06  0.430E+08  0.177E-05
  0.440E+08  0.584E-05  0.450E+08  0.180E-04  0.460E+08  0.378E-04
  0.470E+08  0.996E-04  0.480E+08  0.189E-03  0.490E+08  0.318E-03
  0.500E+08  0.468E-03  0.520E+08  0.811E-03  0.540E+08  0.892E-03
  0.560E+08  0.137E-02  0.580E+08  0.188E-02  0.600E+08  0.223E-02
  0.620E+08  0.305E-02  0.640E+08  0.301E-02  0.660E+08  0.304E-02
  0.680E+08  0.333E-02  0.700E+08  0.324E-02  0.720E+08  0.319E-02
  0.740E+08  0.329E-02  0.760E+08  0.326E-02  0.780E+08  0.304E-02
  0.800E+08  0.312E-02  0.820E+08  0.309E-02  0.840E+08  0.320E-02
  0.860E+08  0.328E-02  0.880E+08  0.325E-02  0.900E+08  0.334E-02
  0.920E+08  0.333E-02  0.940E+08  0.318E-02  0.960E+08  0.310E-02
  0.980E+08  0.339E-02  0.100E+09  0.335E-02
MG22 
         179
           0
          26
  0.498E+08  0.000E+00  0.520E+08  0.142E-16  0.540E+08  0.316E-16
  0.560E+08  0.202E-11  0.580E+08  0.120E-09  0.600E+08  0.328E-08
  0.620E+08  0.902E-07  0.640E+08  0.237E-06  0.660E+08  0.644E-06
  0.680E+08  0.868E-06  0.700E+08  0.126E-05  0.720E+08  0.246E-05
  0.740E+08  0.352E-05  0.760E+08  0.616E-05  0.780E+08  0.847E-05
  0.800E+08  0.103E-04  0.820E+08  0.114E-04  0.840E+08  0.118E-04
  0.860E+08  0.125E-04  0.880E+08  0.127E-04  0.900E+08  0.139E-04
  0.920E+08  0.143E-04  0.940E+08  0.159E-04  0.960E+08  0.165E-04
  0.980E+08  0.153E-04  0.100E+09  0.146E-04
MG21 
         180
           0
          15
  0.698E+08  0.000E+00  0.740E+08  0.322E-19  0.760E+08  0.953E-14
  0.780E+08  0.312E-12  0.800E+08  0.210E-11  0.820E+08  0.191E-10
  0.840E+08  0.252E-10  0.860E+08  0.148E-09  0.880E+08  0.794E-09
  0.900E+08  0.196E-08  0.920E+08  0.599E-08  0.940E+08  0.831E-08
  0.960E+08  0.130E-07  0.980E+08  0.171E-07  0.100E+09  0.245E-07
MG20 
         181
           0
           7
  0.849E+08  0.000E+00  0.900E+08  0.564E-22  0.920E+08  0.414E-17
  0.940E+08  0.538E-16  0.960E+08  0.973E-15  0.980E+08  0.179E-14
  0.100E+09  0.492E-14
NA27 
         219
           0
          42
  0.311E+08  0.000E+00  0.350E+08  0.803E-13  0.360E+08  0.988E-11
  0.370E+08  0.226E-09  0.380E+08  0.135E-08  0.390E+08  0.772E-08
  0.400E+08  0.283E-07  0.410E+08  0.696E-07  0.420E+08  0.160E-06
  0.430E+08  0.309E-06  0.440E+08  0.437E-06  0.450E+08  0.731E-06
  0.460E+08  0.112E-05  0.470E+08  0.144E-05  0.480E+08  0.195E-05
  0.490E+08  0.255E-05  0.500E+08  0.298E-05  0.520E+08  0.436E-05
  0.540E+08  0.522E-05  0.560E+08  0.530E-05  0.580E+08  0.568E-05
  0.600E+08  0.587E-05  0.620E+08  0.702E-05  0.640E+08  0.877E-05
  0.660E+08  0.122E-04  0.680E+08  0.147E-04  0.700E+08  0.165E-04
  0.720E+08  0.190E-04  0.740E+08  0.169E-04  0.760E+08  0.166E-04
  0.780E+08  0.174E-04  0.800E+08  0.162E-04  0.820E+08  0.207E-04
  0.840E+08  0.213E-04  0.860E+08  0.195E-04  0.880E+08  0.186E-04
  0.900E+08  0.161E-04  0.920E+08  0.144E-04  0.940E+08  0.136E-04
  0.960E+08  0.159E-04  0.980E+08  0.168E-04  0.100E+09  0.159E-04
NA26 
         220
           0
          38
  0.358E+08  0.000E+00  0.390E+08  0.283E-16  0.400E+08  0.342E-11
  0.410E+08  0.342E-09  0.420E+08  0.895E-08  0.430E+08  0.600E-07
  0.440E+08  0.218E-06  0.450E+08  0.878E-06  0.460E+08  0.306E-05
  0.470E+08  0.614E-05  0.480E+08  0.115E-04  0.490E+08  0.232E-04
  0.500E+08  0.377E-04  0.520E+08  0.630E-04  0.540E+08  0.950E-04
  0.560E+08  0.124E-03  0.580E+08  0.161E-03  0.600E+08  0.191E-03
  0.620E+08  0.262E-03  0.640E+08  0.351E-03  0.660E+08  0.326E-03
  0.680E+08  0.362E-03  0.700E+08  0.377E-03  0.720E+08  0.402E-03
  0.740E+08  0.440E-03  0.760E+08  0.462E-03  0.780E+08  0.517E-03
  0.800E+08  0.558E-03  0.820E+08  0.551E-03  0.840E+08  0.575E-03
  0.860E+08  0.610E-03  0.880E+08  0.686E-03  0.900E+08  0.676E-03
  0.920E+08  0.718E-03  0.940E+08  0.805E-03  0.960E+08  0.666E-03
  0.980E+08  0.694E-03  0.100E+09  0.676E-03
NA25 
         221
           0
          59
  0.147E+08  0.000E+00  0.180E+08  0.109E-09  0.190E+08  0.321E-07
  0.200E+08  0.768E-06  0.210E+08  0.970E-05  0.220E+08  0.409E-04
  0.230E+08  0.130E-03  0.240E+08  0.329E-03  0.250E+08  0.514E-03
  0.260E+08  0.736E-03  0.270E+08  0.106E-02  0.280E+08  0.125E-02
  0.290E+08  0.154E-02  0.300E+08  0.194E-02  0.310E+08  0.206E-02
  0.320E+08  0.223E-02  0.330E+08  0.245E-02  0.340E+08  0.245E-02
  0.350E+08  0.245E-02  0.360E+08  0.248E-02  0.370E+08  0.227E-02
  0.380E+08  0.206E-02  0.390E+08  0.200E-02  0.400E+08  0.187E-02
  0.410E+08  0.173E-02  0.420E+08  0.164E-02  0.430E+08  0.137E-02
  0.440E+08  0.127E-02  0.450E+08  0.121E-02  0.460E+08  0.114E-02
  0.470E+08  0.105E-02  0.480E+08  0.998E-03  0.490E+08  0.960E-03
  0.500E+08  0.893E-03  0.520E+08  0.793E-03  0.540E+08  0.676E-03
  0.560E+08  0.648E-03  0.580E+08  0.596E-03  0.600E+08  0.582E-03
  0.620E+08  0.708E-03  0.640E+08  0.910E-03  0.660E+08  0.110E-02
  0.680E+08  0.135E-02  0.700E+08  0.157E-02  0.720E+08  0.156E-02
  0.740E+08  0.179E-02  0.760E+08  0.203E-02  0.780E+08  0.212E-02
  0.800E+08  0.247E-02  0.820E+08  0.254E-02  0.840E+08  0.263E-02
  0.860E+08  0.274E-02  0.880E+08  0.273E-02  0.900E+08  0.275E-02
  0.920E+08  0.297E-02  0.940E+08  0.312E-02  0.960E+08  0.315E-02
  0.980E+08  0.339E-02  0.100E+09  0.357E-02
NA24 
         222
           0
          52
  0.217E+08  0.000E+00  0.250E+08  0.281E-11  0.260E+08  0.714E-09
  0.270E+08  0.173E-06  0.280E+08  0.285E-05  0.290E+08  0.247E-04
  0.300E+08  0.963E-04  0.310E+08  0.283E-03  0.320E+08  0.717E-03
  0.330E+08  0.143E-02  0.340E+08  0.222E-02  0.350E+08  0.363E-02
  0.360E+08  0.548E-02  0.370E+08  0.727E-02  0.380E+08  0.982E-02
  0.390E+08  0.122E-01  0.400E+08  0.137E-01  0.410E+08  0.153E-01
  0.420E+08  0.169E-01  0.430E+08  0.179E-01  0.440E+08  0.188E-01
  0.450E+08  0.193E-01  0.460E+08  0.196E-01  0.470E+08  0.199E-01
  0.480E+08  0.201E-01  0.490E+08  0.203E-01  0.500E+08  0.198E-01
  0.520E+08  0.191E-01  0.540E+08  0.184E-01  0.560E+08  0.171E-01
  0.580E+08  0.159E-01  0.600E+08  0.149E-01  0.620E+08  0.143E-01
  0.640E+08  0.137E-01  0.660E+08  0.132E-01  0.680E+08  0.126E-01
  0.700E+08  0.120E-01  0.720E+08  0.108E-01  0.740E+08  0.112E-01
  0.760E+08  0.116E-01  0.780E+08  0.123E-01  0.800E+08  0.126E-01
  0.820E+08  0.129E-01  0.840E+08  0.128E-01  0.860E+08  0.126E-01
  0.880E+08  0.124E-01  0.900E+08  0.125E-01  0.920E+08  0.129E-01
  0.940E+08  0.133E-01  0.960E+08  0.137E-01  0.980E+08  0.136E-01
  0.100E+09  0.127E-01
NA23 
         223
           0
          44
  0.289E+08  0.000E+00  0.330E+08  0.214E-09  0.340E+08  0.402E-07
  0.350E+08  0.949E-06  0.360E+08  0.135E-04  0.370E+08  0.856E-04
  0.380E+08  0.260E-03  0.390E+08  0.653E-03  0.400E+08  0.126E-02
  0.410E+08  0.219E-02  0.420E+08  0.380E-02  0.430E+08  0.650E-02
  0.440E+08  0.874E-02  0.450E+08  0.121E-01  0.460E+08  0.158E-01
  0.470E+08  0.191E-01  0.480E+08  0.240E-01  0.490E+08  0.283E-01
  0.500E+08  0.333E-01  0.520E+08  0.397E-01  0.540E+08  0.448E-01
  0.560E+08  0.497E-01  0.580E+08  0.529E-01  0.600E+08  0.561E-01
  0.620E+08  0.593E-01  0.640E+08  0.637E-01  0.660E+08  0.659E-01
  0.680E+08  0.656E-01  0.700E+08  0.651E-01  0.720E+08  0.646E-01
  0.740E+08  0.642E-01  0.760E+08  0.638E-01  0.780E+08  0.634E-01
  0.800E+08  0.630E-01  0.820E+08  0.621E-01  0.840E+08  0.613E-01
  0.860E+08  0.606E-01  0.880E+08  0.594E-01  0.900E+08  0.582E-01
  0.920E+08  0.580E-01  0.940E+08  0.620E-01  0.960E+08  0.628E-01
  0.980E+08  0.618E-01  0.100E+09  0.622E-01
NA22 
         224
           0
          32
  0.417E+08  0.000E+00  0.450E+08  0.666E-15  0.460E+08  0.554E-11
  0.470E+08  0.255E-09  0.480E+08  0.191E-07  0.490E+08  0.349E-06
  0.500E+08  0.296E-05  0.520E+08  0.369E-04  0.540E+08  0.151E-03
  0.560E+08  0.739E-03  0.580E+08  0.178E-02  0.600E+08  0.304E-02
  0.620E+08  0.656E-02  0.640E+08  0.876E-02  0.660E+08  0.124E-01
  0.680E+08  0.155E-01  0.700E+08  0.192E-01  0.720E+08  0.245E-01
  0.740E+08  0.276E-01  0.760E+08  0.287E-01  0.780E+08  0.303E-01
  0.800E+08  0.314E-01  0.820E+08  0.326E-01  0.840E+08  0.345E-01
  0.860E+08  0.362E-01  0.880E+08  0.367E-01  0.900E+08  0.369E-01
  0.920E+08  0.371E-01  0.940E+08  0.373E-01  0.960E+08  0.375E-01
  0.980E+08  0.377E-01  0.100E+09  0.384E-01
NA21 
         225
           0
          23
  0.532E+08  0.000E+00  0.580E+08  0.620E-16  0.600E+08  0.137E-09
  0.620E+08  0.311E-07  0.640E+08  0.287E-06  0.660E+08  0.147E-05
  0.680E+08  0.520E-05  0.700E+08  0.148E-04  0.720E+08  0.480E-04
  0.740E+08  0.830E-04  0.760E+08  0.183E-03  0.780E+08  0.288E-03
  0.800E+08  0.400E-03  0.820E+08  0.444E-03  0.840E+08  0.569E-03
  0.860E+08  0.738E-03  0.880E+08  0.591E-03  0.900E+08  0.878E-03
  0.920E+08  0.106E-02  0.940E+08  0.117E-02  0.960E+08  0.122E-02
  0.980E+08  0.126E-02  0.100E+09  0.123E-02
NA20 
         226
           0
          14
  0.709E+08  0.000E+00  0.760E+08  0.466E-16  0.780E+08  0.132E-12
  0.800E+08  0.337E-11  0.820E+08  0.713E-10  0.840E+08  0.287E-09
  0.860E+08  0.160E-08  0.880E+08  0.137E-07  0.900E+08  0.741E-07
  0.920E+08  0.261E-06  0.940E+08  0.425E-06  0.960E+08  0.765E-06
  0.980E+08  0.112E-05  0.100E+09  0.117E-05
NA19 
         227
           0
           7
  0.855E+08  0.000E+00  0.900E+08  0.822E-22  0.920E+08  0.574E-18
  0.940E+08  0.553E-16  0.960E+08  0.175E-15  0.980E+08  0.127E-14
  0.100E+09  0.129E-13
NE26 
         254
           0
          28
  0.449E+08  0.000E+00  0.490E+08  0.206E-18  0.500E+08  0.305E-17
  0.520E+08  0.112E-14  0.540E+08  0.148E-12  0.560E+08  0.142E-11
  0.580E+08  0.856E-11  0.600E+08  0.711E-10  0.620E+08  0.248E-09
  0.640E+08  0.101E-08  0.660E+08  0.202E-08  0.680E+08  0.277E-08
  0.700E+08  0.521E-08  0.720E+08  0.588E-08  0.740E+08  0.762E-08
  0.760E+08  0.994E-08  0.780E+08  0.918E-08  0.800E+08  0.123E-07
  0.820E+08  0.138E-07  0.840E+08  0.145E-07  0.860E+08  0.169E-07
  0.880E+08  0.181E-07  0.900E+08  0.187E-07  0.920E+08  0.183E-07
  0.940E+08  0.176E-07  0.960E+08  0.235E-07  0.980E+08  0.229E-07
  0.100E+09  0.331E-07
NE25 
         255
           0
          26
  0.483E+08  0.000E+00  0.520E+08  0.232E-20  0.540E+08  0.255E-14
  0.560E+08  0.632E-12  0.580E+08  0.263E-10  0.600E+08  0.638E-09
  0.620E+08  0.573E-08  0.640E+08  0.432E-07  0.660E+08  0.136E-06
  0.680E+08  0.287E-06  0.700E+08  0.566E-06  0.720E+08  0.789E-06
  0.740E+08  0.119E-05  0.760E+08  0.185E-05  0.780E+08  0.237E-05
  0.800E+08  0.284E-05  0.820E+08  0.348E-05  0.840E+08  0.380E-05
  0.860E+08  0.449E-05  0.880E+08  0.568E-05  0.900E+08  0.585E-05
  0.920E+08  0.597E-05  0.940E+08  0.564E-05  0.960E+08  0.524E-05
  0.980E+08  0.508E-05  0.100E+09  0.541E-05
NE24 
         256
           0
          47
  0.257E+08  0.000E+00  0.300E+08  0.222E-15  0.310E+08  0.144E-12
  0.320E+08  0.103E-10  0.330E+08  0.308E-09  0.340E+08  0.304E-08
  0.350E+08  0.193E-07  0.360E+08  0.881E-07  0.370E+08  0.219E-06
  0.380E+08  0.495E-06  0.390E+08  0.105E-05  0.400E+08  0.174E-05
  0.410E+08  0.288E-05  0.420E+08  0.470E-05  0.430E+08  0.630E-05
  0.440E+08  0.816E-05  0.450E+08  0.111E-04  0.460E+08  0.130E-04
  0.470E+08  0.160E-04  0.480E+08  0.197E-04  0.490E+08  0.226E-04
  0.500E+08  0.252E-04  0.520E+08  0.274E-04  0.540E+08  0.290E-04
  0.560E+08  0.341E-04  0.580E+08  0.386E-04  0.600E+08  0.391E-04
  0.620E+08  0.461E-04  0.640E+08  0.467E-04  0.660E+08  0.474E-04
  0.680E+08  0.504E-04  0.700E+08  0.550E-04  0.720E+08  0.593E-04
  0.740E+08  0.606E-04  0.760E+08  0.602E-04  0.780E+08  0.596E-04
  0.800E+08  0.585E-04  0.820E+08  0.600E-04  0.840E+08  0.624E-04
  0.860E+08  0.701E-04  0.880E+08  0.769E-04  0.900E+08  0.807E-04
  0.920E+08  0.866E-04  0.940E+08  0.894E-04  0.960E+08  0.937E-04
  0.980E+08  0.968E-04  0.100E+09  0.110E-03
NE23 
         257
           0
          40
  0.326E+08  0.000E+00  0.370E+08  0.323E-15  0.380E+08  0.125E-12
  0.390E+08  0.259E-10  0.400E+08  0.163E-08  0.410E+08  0.138E-07
  0.420E+08  0.112E-06  0.430E+08  0.551E-06  0.440E+08  0.162E-05
  0.450E+08  0.433E-05  0.460E+08  0.982E-05  0.470E+08  0.159E-04
  0.480E+08  0.284E-04  0.490E+08  0.506E-04  0.500E+08  0.787E-04
  0.520E+08  0.141E-03  0.540E+08  0.205E-03  0.560E+08  0.256E-03
  0.580E+08  0.313E-03  0.600E+08  0.375E-03  0.620E+08  0.492E-03
  0.640E+08  0.609E-03  0.660E+08  0.667E-03  0.680E+08  0.626E-03
  0.700E+08  0.610E-03  0.720E+08  0.615E-03  0.740E+08  0.624E-03
  0.760E+08  0.708E-03  0.780E+08  0.730E-03  0.800E+08  0.846E-03
  0.820E+08  0.870E-03  0.840E+08  0.833E-03  0.860E+08  0.782E-03
  0.880E+08  0.793E-03  0.900E+08  0.804E-03  0.920E+08  0.893E-03
  0.940E+08  0.997E-03  0.960E+08  0.101E-02  0.980E+08  0.902E-03
  0.100E+09  0.853E-03
NE22 
         258
           0
          61
  0.110E+08  0.000E+00  0.160E+08  0.622E-10  0.170E+08  0.858E-08
  0.180E+08  0.452E-06  0.190E+08  0.406E-05  0.200E+08  0.963E-05
  0.210E+08  0.346E-04  0.220E+08  0.872E-04  0.230E+08  0.155E-03
  0.240E+08  0.296E-03  0.250E+08  0.448E-03  0.260E+08  0.517E-03
  0.270E+08  0.711E-03  0.280E+08  0.931E-03  0.290E+08  0.106E-02
  0.300E+08  0.134E-02  0.310E+08  0.155E-02  0.320E+08  0.155E-02
  0.330E+08  0.171E-02  0.340E+08  0.182E-02  0.350E+08  0.167E-02
  0.360E+08  0.167E-02  0.370E+08  0.160E-02  0.380E+08  0.147E-02
  0.390E+08  0.140E-02  0.400E+08  0.135E-02  0.410E+08  0.112E-02
  0.420E+08  0.103E-02  0.430E+08  0.935E-03  0.440E+08  0.864E-03
  0.450E+08  0.808E-03  0.460E+08  0.765E-03  0.470E+08  0.623E-03
  0.480E+08  0.578E-03  0.490E+08  0.611E-03  0.500E+08  0.597E-03
  0.520E+08  0.688E-03  0.540E+08  0.941E-03  0.560E+08  0.188E-02
  0.580E+08  0.284E-02  0.600E+08  0.410E-02  0.620E+08  0.535E-02
  0.640E+08  0.661E-02  0.660E+08  0.827E-02  0.680E+08  0.929E-02
  0.700E+08  0.103E-01  0.720E+08  0.120E-01  0.740E+08  0.132E-01
  0.760E+08  0.145E-01  0.780E+08  0.153E-01  0.800E+08  0.156E-01
  0.820E+08  0.160E-01  0.840E+08  0.163E-01  0.860E+08  0.166E-01
  0.880E+08  0.170E-01  0.900E+08  0.173E-01  0.920E+08  0.175E-01
  0.940E+08  0.152E-01  0.960E+08  0.157E-01  0.980E+08  0.158E-01
  0.100E+09  0.159E-01
NE21 
         259
           0
          46
  0.217E+08  0.000E+00  0.310E+08  0.345E-04  0.320E+08  0.827E-04
  0.330E+08  0.207E-03  0.340E+08  0.417E-03  0.350E+08  0.800E-03
  0.360E+08  0.127E-02  0.370E+08  0.184E-02  0.380E+08  0.230E-02
  0.390E+08  0.285E-02  0.400E+08  0.343E-02  0.410E+08  0.411E-02
  0.420E+08  0.452E-02  0.430E+08  0.492E-02  0.440E+08  0.527E-02
  0.450E+08  0.537E-02  0.460E+08  0.546E-02  0.470E+08  0.563E-02
  0.480E+08  0.559E-02  0.490E+08  0.555E-02  0.500E+08  0.551E-02
  0.520E+08  0.543E-02  0.540E+08  0.536E-02  0.560E+08  0.528E-02
  0.580E+08  0.520E-02  0.600E+08  0.512E-02  0.620E+08  0.504E-02
  0.640E+08  0.496E-02  0.660E+08  0.489E-02  0.680E+08  0.481E-02
  0.700E+08  0.473E-02  0.720E+08  0.465E-02  0.740E+08  0.677E-02
  0.760E+08  0.958E-02  0.780E+08  0.116E-01  0.800E+08  0.135E-01
  0.820E+08  0.150E-01  0.840E+08  0.162E-01  0.860E+08  0.181E-01
  0.880E+08  0.200E-01  0.900E+08  0.219E-01  0.920E+08  0.238E-01
  0.940E+08  0.257E-01  0.960E+08  0.256E-01  0.980E+08  0.258E-01
  0.100E+09  0.259E-01
NE20 
         260
           0
          43
  0.287E+08  0.000E+00  0.340E+08  0.126E-09  0.350E+08  0.316E-07
  0.360E+08  0.171E-05  0.370E+08  0.151E-04  0.380E+08  0.558E-04
  0.390E+08  0.238E-03  0.400E+08  0.570E-03  0.410E+08  0.115E-02
  0.420E+08  0.194E-02  0.430E+08  0.307E-02  0.440E+08  0.390E-02
  0.450E+08  0.508E-02  0.460E+08  0.657E-02  0.470E+08  0.786E-02
  0.480E+08  0.937E-02  0.490E+08  0.119E-01  0.500E+08  0.129E-01
  0.520E+08  0.144E-01  0.540E+08  0.104E-01  0.560E+08  0.117E-01
  0.580E+08  0.130E-01  0.600E+08  0.143E-01  0.620E+08  0.154E-01
  0.640E+08  0.166E-01  0.660E+08  0.155E-01  0.680E+08  0.149E-01
  0.700E+08  0.140E-01  0.720E+08  0.130E-01  0.740E+08  0.121E-01
  0.760E+08  0.117E-01  0.780E+08  0.113E-01  0.800E+08  0.109E-01
  0.820E+08  0.105E-01  0.840E+08  0.101E-01  0.860E+08  0.111E-01
  0.880E+08  0.128E-01  0.900E+08  0.145E-01  0.920E+08  0.163E-01
  0.940E+08  0.180E-01  0.960E+08  0.197E-01  0.980E+08  0.202E-01
  0.100E+09  0.181E-01
NE19 
         261
           0
          27
  0.462E+08  0.000E+00  0.500E+08  0.775E-19  0.520E+08  0.203E-13
  0.540E+08  0.200E-12  0.560E+08  0.131E-09  0.580E+08  0.452E-08
  0.600E+08  0.737E-07  0.620E+08  0.129E-05  0.640E+08  0.342E-05
  0.660E+08  0.930E-05  0.680E+08  0.161E-04  0.700E+08  0.238E-04
  0.720E+08  0.463E-04  0.740E+08  0.606E-04  0.760E+08  0.889E-04
  0.780E+08  0.122E-03  0.800E+08  0.147E-03  0.820E+08  0.160E-03
  0.840E+08  0.180E-03  0.860E+08  0.194E-03  0.880E+08  0.187E-03
  0.900E+08  0.198E-03  0.920E+08  0.206E-03  0.940E+08  0.219E-03
  0.960E+08  0.225E-03  0.980E+08  0.221E-03  0.100E+09  0.208E-03
NE18 
         262
           0
          21
  0.582E+08  0.000E+00  0.620E+08  0.176E-22  0.640E+08  0.200E-18
  0.660E+08  0.810E-15  0.680E+08  0.320E-13  0.700E+08  0.181E-12
  0.720E+08  0.292E-10  0.740E+08  0.308E-09  0.760E+08  0.360E-08
  0.780E+08  0.144E-07  0.800E+08  0.265E-07  0.820E+08  0.546E-07
  0.840E+08  0.597E-07  0.860E+08  0.135E-06  0.880E+08  0.284E-06
  0.900E+08  0.460E-06  0.920E+08  0.868E-06  0.940E+08  0.949E-06
  0.960E+08  0.117E-05  0.980E+08  0.119E-05  0.100E+09  0.115E-05
NE17 
         263
           0
          10
  0.781E+08  0.000E+00  0.840E+08  0.355E-28  0.860E+08  0.924E-22
  0.880E+08  0.207E-17  0.900E+08  0.221E-15  0.920E+08  0.242E-13
  0.940E+08  0.100E-12  0.960E+08  0.682E-12  0.980E+08  0.211E-11
  0.100E+09  0.566E-11
F25  
         275
           0
          17
  0.650E+08  0.000E+00  0.700E+08  0.163E-27  0.720E+08  0.233E-24
  0.740E+08  0.326E-19  0.760E+08  0.106E-16  0.780E+08  0.110E-14
  0.800E+08  0.397E-13  0.820E+08  0.153E-12  0.840E+08  0.558E-12
  0.860E+08  0.945E-12  0.880E+08  0.215E-11  0.900E+08  0.688E-11
  0.920E+08  0.130E-10  0.940E+08  0.360E-10  0.960E+08  0.534E-10
  0.980E+08  0.616E-10  0.100E+09  0.824E-10
F24  
         276
           0
          16
  0.671E+08  0.000E+00  0.720E+08  0.430E-28  0.740E+08  0.137E-21
  0.760E+08  0.272E-17  0.780E+08  0.109E-14  0.800E+08  0.139E-11
  0.820E+08  0.158E-10  0.840E+08  0.939E-10  0.860E+08  0.178E-09
  0.880E+08  0.465E-09  0.900E+08  0.963E-09  0.920E+08  0.236E-08
  0.940E+08  0.704E-08  0.960E+08  0.131E-07  0.980E+08  0.184E-07
  0.100E+09  0.280E-07
F23  
         277
           0
          29
  0.429E+08  0.000E+00  0.480E+08  0.404E-21  0.490E+08  0.981E-17
  0.500E+08  0.965E-15  0.520E+08  0.374E-12  0.540E+08  0.222E-10
  0.560E+08  0.298E-09  0.580E+08  0.118E-08  0.600E+08  0.633E-08
  0.620E+08  0.228E-07  0.640E+08  0.636E-07  0.660E+08  0.119E-06
  0.680E+08  0.200E-06  0.700E+08  0.335E-06  0.720E+08  0.373E-06
  0.740E+08  0.538E-06  0.760E+08  0.683E-06  0.780E+08  0.723E-06
  0.800E+08  0.926E-06  0.820E+08  0.983E-06  0.840E+08  0.113E-05
  0.860E+08  0.121E-05  0.880E+08  0.122E-05  0.900E+08  0.120E-05
  0.920E+08  0.129E-05  0.940E+08  0.129E-05  0.960E+08  0.132E-05
  0.980E+08  0.146E-05  0.100E+09  0.172E-05
F22  
         278
           0
          26
  0.484E+08  0.000E+00  0.520E+08  0.275E-24  0.540E+08  0.176E-17
  0.560E+08  0.106E-13  0.580E+08  0.675E-11  0.600E+08  0.627E-09
  0.620E+08  0.406E-08  0.640E+08  0.545E-07  0.660E+08  0.294E-06
  0.680E+08  0.949E-06  0.700E+08  0.245E-05  0.720E+08  0.369E-05
  0.740E+08  0.645E-05  0.760E+08  0.106E-04  0.780E+08  0.127E-04
  0.800E+08  0.218E-04  0.820E+08  0.297E-04  0.840E+08  0.348E-04
  0.860E+08  0.389E-04  0.880E+08  0.442E-04  0.900E+08  0.472E-04
  0.920E+08  0.466E-04  0.940E+08  0.586E-04  0.960E+08  0.592E-04
  0.980E+08  0.593E-04  0.100E+09  0.624E-04
F21  
         279
           0
          45
  0.268E+08  0.000E+00  0.320E+08  0.444E-18  0.330E+08  0.358E-14
  0.340E+08  0.622E-12  0.350E+08  0.466E-10  0.360E+08  0.790E-09
  0.370E+08  0.932E-08  0.380E+08  0.351E-07  0.390E+08  0.143E-06
  0.400E+08  0.448E-06  0.410E+08  0.122E-05  0.420E+08  0.244E-05
  0.430E+08  0.482E-05  0.440E+08  0.693E-05  0.450E+08  0.102E-04
  0.460E+08  0.151E-04  0.470E+08  0.211E-04  0.480E+08  0.269E-04
  0.490E+08  0.357E-04  0.500E+08  0.393E-04  0.520E+08  0.500E-04
  0.540E+08  0.597E-04  0.560E+08  0.705E-04  0.580E+08  0.753E-04
  0.600E+08  0.739E-04  0.620E+08  0.757E-04  0.640E+08  0.749E-04
  0.660E+08  0.675E-04  0.680E+08  0.616E-04  0.700E+08  0.633E-04
  0.720E+08  0.555E-04  0.740E+08  0.500E-04  0.760E+08  0.479E-04
  0.780E+08  0.473E-04  0.800E+08  0.515E-04  0.820E+08  0.611E-04
  0.840E+08  0.770E-04  0.860E+08  0.982E-04  0.880E+08  0.120E-03
  0.900E+08  0.148E-03  0.920E+08  0.172E-03  0.940E+08  0.208E-03
  0.960E+08  0.235E-03  0.980E+08  0.262E-03  0.100E+09  0.320E-03
F20  
         280
           0
          39
  0.329E+08  0.000E+00  0.380E+08  0.251E-18  0.390E+08  0.767E-15
  0.400E+08  0.303E-12  0.410E+08  0.200E-10  0.420E+08  0.101E-08
  0.430E+08  0.223E-07  0.440E+08  0.145E-06  0.450E+08  0.484E-06
  0.460E+08  0.147E-05  0.470E+08  0.414E-05  0.480E+08  0.958E-05
  0.490E+08  0.189E-04  0.500E+08  0.341E-04  0.520E+08  0.865E-04
  0.540E+08  0.159E-03  0.560E+08  0.326E-03  0.580E+08  0.534E-03
  0.600E+08  0.754E-03  0.620E+08  0.929E-03  0.640E+08  0.116E-02
  0.660E+08  0.132E-02  0.680E+08  0.145E-02  0.700E+08  0.168E-02
  0.720E+08  0.169E-02  0.740E+08  0.169E-02  0.760E+08  0.179E-02
  0.780E+08  0.158E-02  0.800E+08  0.154E-02  0.820E+08  0.173E-02
  0.840E+08  0.167E-02  0.860E+08  0.163E-02  0.880E+08  0.170E-02
  0.900E+08  0.164E-02  0.920E+08  0.152E-02  0.940E+08  0.165E-02
  0.960E+08  0.165E-02  0.980E+08  0.179E-02  0.100E+09  0.196E-02
F19  
         281
           0
          32
  0.397E+08  0.000E+00  0.450E+08  0.674E-19  0.460E+08  0.103E-14
  0.470E+08  0.423E-12  0.480E+08  0.505E-10  0.490E+08  0.137E-08
  0.500E+08  0.156E-07  0.520E+08  0.201E-06  0.540E+08  0.204E-05
  0.560E+08  0.181E-04  0.580E+08  0.606E-04  0.600E+08  0.153E-03
  0.620E+08  0.336E-03  0.640E+08  0.561E-03  0.660E+08  0.887E-03
  0.680E+08  0.112E-02  0.700E+08  0.166E-02  0.720E+08  0.222E-02
  0.740E+08  0.252E-02  0.760E+08  0.318E-02  0.780E+08  0.341E-02
  0.800E+08  0.341E-02  0.820E+08  0.380E-02  0.840E+08  0.397E-02
  0.860E+08  0.402E-02  0.880E+08  0.430E-02  0.900E+08  0.412E-02
  0.920E+08  0.397E-02  0.940E+08  0.405E-02  0.960E+08  0.385E-02
  0.980E+08  0.389E-02  0.100E+09  0.410E-02
F18  
         282
           0
          24
  0.505E+08  0.000E+00  0.560E+08  0.161E-20  0.580E+08  0.617E-14
  0.600E+08  0.398E-09  0.620E+08  0.194E-07  0.640E+08  0.242E-06
  0.660E+08  0.164E-05  0.680E+08  0.710E-05  0.700E+08  0.239E-04
  0.720E+08  0.972E-04  0.740E+08  0.276E-03  0.760E+08  0.473E-03
  0.780E+08  0.816E-03  0.800E+08  0.116E-02  0.820E+08  0.144E-02
  0.840E+08  0.187E-02  0.860E+08  0.268E-02  0.880E+08  0.343E-02
  0.900E+08  0.458E-02  0.920E+08  0.492E-02  0.940E+08  0.516E-02
  0.960E+08  0.557E-02  0.980E+08  0.592E-02  0.100E+09  0.602E-02
F17  
         283
           0
          19
  0.600E+08  0.000E+00  0.660E+08  0.938E-20  0.680E+08  0.263E-16
  0.700E+08  0.165E-13  0.720E+08  0.204E-10  0.740E+08  0.153E-08
  0.760E+08  0.307E-07  0.780E+08  0.196E-06  0.800E+08  0.332E-06
  0.820E+08  0.848E-06  0.840E+08  0.173E-05  0.860E+08  0.364E-05
  0.880E+08  0.904E-05  0.900E+08  0.183E-04  0.920E+08  0.417E-04
  0.940E+08  0.431E-04  0.960E+08  0.444E-04  0.980E+08  0.524E-04
  0.100E+09  0.757E-04
F16  
         284
           0
          11
  0.774E+08  0.000E+00  0.820E+08  0.274E-29  0.840E+08  0.717E-25
  0.860E+08  0.446E-20  0.880E+08  0.961E-16  0.900E+08  0.747E-13
  0.920E+08  0.197E-12  0.940E+08  0.250E-11  0.960E+08  0.163E-10
  0.980E+08  0.210E-09  0.100E+09  0.854E-09
O24  
         467
           0
           8
  0.822E+08  0.000E+00  0.880E+08  0.475E-37  0.900E+08  0.482E-30
  0.920E+08  0.111E-25  0.940E+08  0.201E-21  0.960E+08  0.332E-19
  0.980E+08  0.292E-18  0.100E+09  0.179E-17
O23  
         468
           0
           7
  0.832E+08  0.000E+00  0.900E+08  0.277E-31  0.920E+08  0.138E-25
  0.940E+08  0.315E-20  0.960E+08  0.132E-17  0.980E+08  0.661E-20
  0.100E+09  0.377E-17
O22  
         469
           0
          21
  0.567E+08  0.000E+00  0.620E+08  0.296E-30  0.640E+08  0.332E-21
  0.660E+08  0.901E-18  0.680E+08  0.722E-16  0.700E+08  0.573E-14
  0.720E+08  0.265E-13  0.740E+08  0.453E-12  0.760E+08  0.272E-11
  0.780E+08  0.107E-10  0.800E+08  0.647E-10  0.820E+08  0.134E-09
  0.840E+08  0.253E-09  0.860E+08  0.543E-09  0.880E+08  0.783E-09
  0.900E+08  0.120E-08  0.920E+08  0.188E-08  0.940E+08  0.294E-08
  0.960E+08  0.383E-08  0.980E+08  0.515E-08  0.100E+09  0.625E-08
O21  
         470
           0
          19
  0.614E+08  0.000E+00  0.660E+08  0.115E-29  0.680E+08  0.727E-22
  0.700E+08  0.234E-17  0.720E+08  0.102E-15  0.740E+08  0.236E-13
  0.760E+08  0.120E-11  0.780E+08  0.153E-10  0.800E+08  0.362E-09
  0.820E+08  0.122E-08  0.840E+08  0.465E-08  0.860E+08  0.934E-08
  0.880E+08  0.196E-07  0.900E+08  0.399E-07  0.920E+08  0.667E-07
  0.940E+08  0.131E-06  0.960E+08  0.194E-06  0.980E+08  0.240E-06
  0.100E+09  0.333E-06
O20  
         471
           0
          32
  0.383E+08  0.000E+00  0.450E+08  0.246E-21  0.460E+08  0.545E-18
  0.470E+08  0.934E-16  0.480E+08  0.509E-14  0.490E+08  0.185E-12
  0.500E+08  0.201E-11  0.520E+08  0.542E-10  0.540E+08  0.559E-09
  0.560E+08  0.374E-08  0.580E+08  0.113E-07  0.600E+08  0.386E-07
  0.620E+08  0.993E-07  0.640E+08  0.207E-06  0.660E+08  0.355E-06
  0.680E+08  0.521E-06  0.700E+08  0.766E-06  0.720E+08  0.895E-06
  0.740E+08  0.113E-05  0.760E+08  0.137E-05  0.780E+08  0.145E-05
  0.800E+08  0.163E-05  0.820E+08  0.196E-05  0.840E+08  0.183E-05
  0.860E+08  0.187E-05  0.880E+08  0.185E-05  0.900E+08  0.188E-05
  0.920E+08  0.189E-05  0.940E+08  0.197E-05  0.960E+08  0.228E-05
  0.980E+08  0.242E-05  0.100E+09  0.270E-05
O19  
         472
           0
          28
  0.439E+08  0.000E+00  0.490E+08  0.178E-24  0.500E+08  0.162E-20
  0.520E+08  0.176E-16  0.540E+08  0.377E-12  0.560E+08  0.615E-10
  0.580E+08  0.147E-08  0.600E+08  0.233E-07  0.620E+08  0.126E-06
  0.640E+08  0.505E-06  0.660E+08  0.129E-05  0.680E+08  0.316E-05
  0.700E+08  0.661E-05  0.720E+08  0.106E-04  0.740E+08  0.151E-04
  0.760E+08  0.218E-04  0.780E+08  0.277E-04  0.800E+08  0.330E-04
  0.820E+08  0.410E-04  0.840E+08  0.480E-04  0.860E+08  0.543E-04
  0.880E+08  0.588E-04  0.900E+08  0.608E-04  0.920E+08  0.629E-04
  0.940E+08  0.603E-04  0.960E+08  0.570E-04  0.980E+08  0.654E-04
  0.100E+09  0.655E-04
O18  
         473
           0
          46
  0.210E+08  0.000E+00  0.310E+08  0.229E-09  0.320E+08  0.108E-08
  0.330E+08  0.961E-08  0.340E+08  0.629E-07  0.350E+08  0.304E-06
  0.360E+08  0.800E-06  0.370E+08  0.202E-05  0.380E+08  0.292E-05
  0.390E+08  0.513E-05  0.400E+08  0.928E-05  0.410E+08  0.149E-04
  0.420E+08  0.204E-04  0.430E+08  0.294E-04  0.440E+08  0.337E-04
  0.450E+08  0.403E-04  0.460E+08  0.517E-04  0.470E+08  0.605E-04
  0.480E+08  0.664E-04  0.490E+08  0.765E-04  0.500E+08  0.816E-04
  0.520E+08  0.850E-04  0.540E+08  0.844E-04  0.560E+08  0.809E-04
  0.580E+08  0.754E-04  0.600E+08  0.736E-04  0.620E+08  0.704E-04
  0.640E+08  0.652E-04  0.660E+08  0.578E-04  0.680E+08  0.509E-04
  0.700E+08  0.465E-04  0.720E+08  0.434E-04  0.740E+08  0.491E-04
  0.760E+08  0.594E-04  0.780E+08  0.722E-04  0.800E+08  0.100E-03
  0.820E+08  0.125E-03  0.840E+08  0.163E-03  0.860E+08  0.215E-03
  0.880E+08  0.264E-03  0.900E+08  0.328E-03  0.920E+08  0.371E-03
  0.940E+08  0.421E-03  0.960E+08  0.470E-03  0.980E+08  0.478E-03
  0.100E+09  0.519E-03
O17  
         474
           0
          41
  0.293E+08  0.000E+00  0.360E+08  0.140E-16  0.370E+08  0.173E-13
  0.380E+08  0.127E-11  0.390E+08  0.664E-10  0.400E+08  0.124E-08
  0.410E+08  0.122E-07  0.420E+08  0.142E-06  0.430E+08  0.836E-06
  0.440E+08  0.255E-05  0.450E+08  0.662E-05  0.460E+08  0.169E-04
  0.470E+08  0.321E-04  0.480E+08  0.687E-04  0.490E+08  0.134E-03
  0.500E+08  0.195E-03  0.520E+08  0.263E-03  0.540E+08  0.374E-03
  0.560E+08  0.555E-03  0.580E+08  0.755E-03  0.600E+08  0.965E-03
  0.620E+08  0.110E-02  0.640E+08  0.114E-02  0.660E+08  0.120E-02
  0.680E+08  0.990E-03  0.700E+08  0.989E-03  0.720E+08  0.114E-02
  0.740E+08  0.944E-03  0.760E+08  0.867E-03  0.780E+08  0.845E-03
  0.800E+08  0.782E-03  0.820E+08  0.682E-03  0.840E+08  0.723E-03
  0.860E+08  0.806E-03  0.880E+08  0.104E-02  0.900E+08  0.136E-02
  0.920E+08  0.165E-02  0.940E+08  0.190E-02  0.960E+08  0.180E-02
  0.980E+08  0.176E-02  0.100E+09  0.204E-02
O16  
         475
           0
          37
  0.336E+08  0.000E+00  0.400E+08  0.105E-16  0.410E+08  0.127E-12
  0.420E+08  0.295E-10  0.430E+08  0.832E-09  0.440E+08  0.224E-07
  0.450E+08  0.213E-06  0.460E+08  0.162E-05  0.470E+08  0.662E-05
  0.480E+08  0.250E-04  0.490E+08  0.490E-04  0.500E+08  0.107E-03
  0.520E+08  0.327E-03  0.540E+08  0.665E-03  0.560E+08  0.135E-02
  0.580E+08  0.245E-02  0.600E+08  0.329E-02  0.620E+08  0.468E-02
  0.640E+08  0.607E-02  0.660E+08  0.724E-02  0.680E+08  0.862E-02
  0.700E+08  0.936E-02  0.720E+08  0.101E-01  0.740E+08  0.110E-01
  0.760E+08  0.114E-01  0.780E+08  0.114E-01  0.800E+08  0.113E-01
  0.820E+08  0.115E-01  0.840E+08  0.118E-01  0.860E+08  0.118E-01
  0.880E+08  0.118E-01  0.900E+08  0.114E-01  0.920E+08  0.113E-01
  0.940E+08  0.115E-01  0.960E+08  0.118E-01  0.980E+08  0.126E-01
  0.100E+09  0.133E-01
O15  
         476
           0
          23
  0.498E+08  0.000E+00  0.580E+08  0.783E-15  0.600E+08  0.477E-11
  0.620E+08  0.429E-08  0.640E+08  0.226E-07  0.660E+08  0.208E-06
  0.680E+08  0.724E-06  0.700E+08  0.184E-05  0.720E+08  0.649E-05
  0.740E+08  0.148E-04  0.760E+08  0.365E-04  0.780E+08  0.672E-04
  0.800E+08  0.863E-04  0.820E+08  0.113E-03  0.840E+08  0.148E-03
  0.860E+08  0.201E-03  0.880E+08  0.245E-03  0.900E+08  0.295E-03
  0.920E+08  0.408E-03  0.940E+08  0.428E-03  0.960E+08  0.455E-03
  0.980E+08  0.484E-03  0.100E+09  0.511E-03
N21  
         575
           0
          10
  0.784E+08  0.000E+00  0.840E+08  0.698E-37  0.860E+08  0.703E-33
  0.880E+08  0.160E-28  0.900E+08  0.254E-24  0.920E+08  0.243E-21
  0.940E+08  0.641E-18  0.960E+08  0.237E-16  0.980E+08  0.131E-15
  0.100E+09  0.401E-15
N20  
         576
           0
           7
  0.834E+08  0.000E+00  0.900E+08  0.374E-33  0.920E+08  0.417E-27
  0.940E+08  0.145E-21  0.960E+08  0.309E-18  0.980E+08  0.370E-16
  0.100E+09  0.152E-14
N19  
         577
           0
          20
  0.584E+08  0.000E+00  0.640E+08  0.275E-31  0.660E+08  0.210E-24
  0.680E+08  0.328E-20  0.700E+08  0.632E-17  0.720E+08  0.225E-15
  0.740E+08  0.637E-14  0.760E+08  0.192E-12  0.780E+08  0.149E-11
  0.800E+08  0.171E-10  0.820E+08  0.502E-10  0.840E+08  0.180E-09
  0.860E+08  0.525E-09  0.880E+08  0.843E-09  0.900E+08  0.178E-08
  0.920E+08  0.281E-08  0.940E+08  0.508E-08  0.960E+08  0.741E-08
  0.980E+08  0.959E-08  0.100E+09  0.142E-07
N18  
         578
           0
          18
  0.616E+08  0.000E+00  0.680E+08  0.553E-27  0.700E+08  0.564E-21
  0.720E+08  0.568E-18  0.740E+08  0.798E-15  0.760E+08  0.154E-12
  0.780E+08  0.360E-11  0.800E+08  0.788E-10  0.820E+08  0.454E-09
  0.840E+08  0.326E-08  0.860E+08  0.112E-07  0.880E+08  0.277E-07
  0.900E+08  0.723E-07  0.920E+08  0.131E-06  0.940E+08  0.211E-06
  0.960E+08  0.355E-06  0.980E+08  0.464E-06  0.100E+09  0.789E-06
N17  
         579
           0
          32
  0.375E+08  0.000E+00  0.450E+08  0.477E-23  0.460E+08  0.944E-20
  0.470E+08  0.498E-17  0.480E+08  0.369E-15  0.490E+08  0.546E-14
  0.500E+08  0.127E-12  0.520E+08  0.697E-11  0.540E+08  0.213E-09
  0.560E+08  0.405E-08  0.580E+08  0.215E-07  0.600E+08  0.906E-07
  0.620E+08  0.268E-06  0.640E+08  0.417E-06  0.660E+08  0.730E-06
  0.680E+08  0.104E-05  0.700E+08  0.167E-05  0.720E+08  0.232E-05
  0.740E+08  0.291E-05  0.760E+08  0.357E-05  0.780E+08  0.355E-05
  0.800E+08  0.386E-05  0.820E+08  0.355E-05  0.840E+08  0.406E-05
  0.860E+08  0.415E-05  0.880E+08  0.456E-05  0.900E+08  0.419E-05
  0.920E+08  0.413E-05  0.940E+08  0.397E-05  0.960E+08  0.385E-05
  0.980E+08  0.384E-05  0.100E+09  0.472E-05
N16  
         580
           0
          28
  0.413E+08  0.000E+00  0.490E+08  0.451E-19  0.500E+08  0.177E-16
  0.520E+08  0.227E-14  0.540E+08  0.213E-11  0.560E+08  0.111E-08
  0.580E+08  0.268E-07  0.600E+08  0.278E-06  0.620E+08  0.143E-05
  0.640E+08  0.445E-05  0.660E+08  0.769E-05  0.680E+08  0.152E-04
  0.700E+08  0.274E-04  0.720E+08  0.540E-04  0.740E+08  0.808E-04
  0.760E+08  0.122E-03  0.780E+08  0.139E-03  0.800E+08  0.171E-03
  0.820E+08  0.165E-03  0.840E+08  0.181E-03  0.860E+08  0.173E-03
  0.880E+08  0.263E-03  0.900E+08  0.263E-03  0.920E+08  0.273E-03
  0.940E+08  0.281E-03  0.960E+08  0.225E-03  0.980E+08  0.226E-03
  0.100E+09  0.189E-03
N15  
         581
           0
          27
  0.439E+08  0.000E+00  0.500E+08  0.385E-21  0.520E+08  0.912E-17
  0.540E+08  0.805E-13  0.560E+08  0.607E-09  0.580E+08  0.264E-07
  0.600E+08  0.656E-06  0.620E+08  0.488E-05  0.640E+08  0.157E-04
  0.660E+08  0.573E-04  0.680E+08  0.874E-04  0.700E+08  0.204E-03
  0.720E+08  0.411E-03  0.740E+08  0.618E-03  0.760E+08  0.106E-02
  0.780E+08  0.145E-02  0.800E+08  0.187E-02  0.820E+08  0.214E-02
  0.840E+08  0.271E-02  0.860E+08  0.339E-02  0.880E+08  0.390E-02
  0.900E+08  0.447E-02  0.920E+08  0.487E-02  0.940E+08  0.522E-02
  0.960E+08  0.572E-02  0.980E+08  0.580E-02  0.100E+09  0.587E-02
N14  
         582
           0
          21
  0.551E+08  0.000E+00  0.620E+08  0.163E-20  0.640E+08  0.161E-15
  0.660E+08  0.156E-11  0.680E+08  0.180E-09  0.700E+08  0.646E-08
  0.720E+08  0.260E-07  0.740E+08  0.372E-06  0.760E+08  0.275E-05
  0.780E+08  0.988E-05  0.800E+08  0.232E-04  0.820E+08  0.867E-04
  0.840E+08  0.154E-03  0.860E+08  0.324E-03  0.880E+08  0.287E-03
  0.900E+08  0.534E-03  0.920E+08  0.836E-03  0.940E+08  0.106E-02
  0.960E+08  0.182E-02  0.980E+08  0.227E-02  0.100E+09  0.284E-02
C18  
         875
           0
          11
  0.752E+08  0.000E+00  0.820E+08  0.193E-37  0.840E+08  0.923E-32
  0.860E+08  0.176E-27  0.880E+08  0.254E-24  0.900E+08  0.809E-21
  0.920E+08  0.141E-18  0.940E+08  0.528E-17  0.960E+08  0.628E-16
  0.980E+08  0.426E-15  0.100E+09  0.268E-14
C17  
         876
           0
          10
  0.773E+08  0.000E+00  0.840E+08  0.747E-34  0.860E+08  0.124E-28
  0.880E+08  0.187E-25  0.900E+08  0.394E-21  0.920E+08  0.123E-18
  0.940E+08  0.188E-16  0.960E+08  0.157E-14  0.980E+08  0.240E-13
  0.100E+09  0.256E-12
C16  
         877
           0
          23
  0.511E+08  0.000E+00  0.580E+08  0.964E-33  0.600E+08  0.304E-26
  0.620E+08  0.177E-21  0.640E+08  0.557E-18  0.660E+08  0.134E-15
  0.680E+08  0.795E-14  0.700E+08  0.254E-12  0.720E+08  0.166E-11
  0.740E+08  0.114E-10  0.760E+08  0.481E-10  0.780E+08  0.128E-09
  0.800E+08  0.416E-09  0.820E+08  0.770E-09  0.840E+08  0.172E-08
  0.860E+08  0.364E-08  0.880E+08  0.532E-08  0.900E+08  0.726E-08
  0.920E+08  0.853E-08  0.940E+08  0.108E-07  0.960E+08  0.144E-07
  0.980E+08  0.169E-07  0.100E+09  0.195E-07
C15  
         878
           0
          22
  0.532E+08  0.000E+00  0.600E+08  0.280E-31  0.620E+08  0.304E-24
  0.640E+08  0.315E-19  0.660E+08  0.803E-16  0.680E+08  0.750E-14
  0.700E+08  0.973E-12  0.720E+08  0.151E-10  0.740E+08  0.207E-09
  0.760E+08  0.152E-08  0.780E+08  0.481E-08  0.800E+08  0.251E-07
  0.820E+08  0.400E-07  0.840E+08  0.943E-07  0.860E+08  0.140E-06
  0.880E+08  0.279E-06  0.900E+08  0.445E-06  0.920E+08  0.595E-06
  0.940E+08  0.844E-06  0.960E+08  0.145E-05  0.980E+08  0.142E-05
  0.100E+09  0.118E-05
C14  
         879
           0
          41
  0.275E+08  0.000E+00  0.360E+08  0.122E-21  0.370E+08  0.196E-18
  0.380E+08  0.512E-17  0.390E+08  0.101E-14  0.400E+08  0.356E-13
  0.410E+08  0.611E-12  0.420E+08  0.680E-11  0.430E+08  0.568E-10
  0.440E+08  0.168E-09  0.450E+08  0.107E-08  0.460E+08  0.406E-08
  0.470E+08  0.116E-07  0.480E+08  0.285E-07  0.490E+08  0.156E-06
  0.500E+08  0.246E-06  0.520E+08  0.439E-06  0.540E+08  0.948E-06
  0.560E+08  0.145E-05  0.580E+08  0.248E-05  0.600E+08  0.486E-05
  0.620E+08  0.698E-05  0.640E+08  0.820E-05  0.660E+08  0.104E-04
  0.680E+08  0.113E-04  0.700E+08  0.118E-04  0.720E+08  0.127E-04
  0.740E+08  0.122E-04  0.760E+08  0.134E-04  0.780E+08  0.136E-04
  0.800E+08  0.124E-04  0.820E+08  0.119E-04  0.840E+08  0.135E-04
  0.860E+08  0.120E-04  0.880E+08  0.109E-04  0.900E+08  0.141E-04
  0.920E+08  0.161E-04  0.940E+08  0.193E-04  0.960E+08  0.229E-04
  0.980E+08  0.282E-04  0.100E+09  0.350E-04
C13  
         880
           0
          33
  0.359E+08  0.000E+00  0.440E+08  0.138E-26  0.450E+08  0.484E-22
  0.460E+08  0.335E-19  0.470E+08  0.530E-17  0.480E+08  0.858E-15
  0.490E+08  0.235E-13  0.500E+08  0.579E-12  0.520E+08  0.395E-10
  0.540E+08  0.527E-09  0.560E+08  0.155E-07  0.580E+08  0.175E-06
  0.600E+08  0.126E-05  0.620E+08  0.431E-05  0.640E+08  0.641E-05
  0.660E+08  0.138E-04  0.680E+08  0.169E-04  0.700E+08  0.288E-04
  0.720E+08  0.467E-04  0.740E+08  0.667E-04  0.760E+08  0.922E-04
  0.780E+08  0.114E-03  0.800E+08  0.109E-03  0.820E+08  0.104E-03
  0.840E+08  0.118E-03  0.860E+08  0.143E-03  0.880E+08  0.144E-03
  0.900E+08  0.158E-03  0.920E+08  0.152E-03  0.940E+08  0.139E-03
  0.960E+08  0.151E-03  0.980E+08  0.138E-03  0.100E+09  0.180E-03
