          78
P31  
          16
           0
          75
  0.818E+07  0.000E+00  0.850E+07  0.116E-02  0.900E+07  0.391E-01
  0.950E+07  0.109E+00  0.100E+08  0.193E+00  0.105E+08  0.252E+00
  0.110E+08  0.290E+00  0.115E+08  0.330E+00  0.120E+08  0.354E+00
  0.125E+08  0.380E+00  0.130E+08  0.398E+00  0.135E+08  0.416E+00
  0.140E+08  0.421E+00  0.145E+08  0.427E+00  0.150E+08  0.427E+00
  0.160E+08  0.428E+00  0.170E+08  0.419E+00  0.180E+08  0.408E+00
  0.190E+08  0.391E+00  0.200E+08  0.359E+00  0.210E+08  0.324E+00
  0.220E+08  0.280E+00  0.230E+08  0.248E+00  0.240E+08  0.220E+00
  0.250E+08  0.192E+00  0.260E+08  0.172E+00  0.270E+08  0.147E+00
  0.280E+08  0.131E+00  0.290E+08  0.117E+00  0.300E+08  0.108E+00
  0.310E+08  0.985E-01  0.320E+08  0.918E-01  0.330E+08  0.856E-01
  0.340E+08  0.795E-01  0.350E+08  0.754E-01  0.360E+08  0.713E-01
  0.370E+08  0.682E-01  0.380E+08  0.651E-01  0.390E+08  0.636E-01
  0.400E+08  0.605E-01  0.410E+08  0.585E-01  0.420E+08  0.564E-01
  0.430E+08  0.549E-01  0.440E+08  0.533E-01  0.450E+08  0.520E-01
  0.460E+08  0.507E-01  0.470E+08  0.491E-01  0.480E+08  0.479E-01
  0.490E+08  0.470E-01  0.500E+08  0.461E-01  0.520E+08  0.423E-01
  0.540E+08  0.384E-01  0.560E+08  0.369E-01  0.580E+08  0.356E-01
  0.600E+08  0.349E-01  0.620E+08  0.341E-01  0.640E+08  0.333E-01
  0.660E+08  0.325E-01  0.680E+08  0.317E-01  0.700E+08  0.307E-01
  0.720E+08  0.297E-01  0.740E+08  0.287E-01  0.760E+08  0.277E-01
  0.780E+08  0.267E-01  0.800E+08  0.260E-01  0.820E+08  0.252E-01
  0.840E+08  0.243E-01  0.860E+08  0.230E-01  0.880E+08  0.218E-01
  0.900E+08  0.205E-01  0.920E+08  0.200E-01  0.940E+08  0.210E-01
  0.960E+08  0.204E-01  0.980E+08  0.199E-01  0.100E+09  0.194E-01
P30  
          17
           0
          55
  0.209E+08  0.000E+00  0.220E+08  0.346E-03  0.230E+08  0.563E-02
  0.240E+08  0.161E-01  0.250E+08  0.351E-01  0.260E+08  0.524E-01
  0.270E+08  0.820E-01  0.280E+08  0.105E+00  0.290E+08  0.123E+00
  0.300E+08  0.135E+00  0.310E+08  0.147E+00  0.320E+08  0.151E+00
  0.330E+08  0.155E+00  0.340E+08  0.157E+00  0.350E+08  0.156E+00
  0.360E+08  0.148E+00  0.370E+08  0.143E+00  0.380E+08  0.136E+00
  0.390E+08  0.126E+00  0.400E+08  0.119E+00  0.410E+08  0.112E+00
  0.420E+08  0.107E+00  0.430E+08  0.102E+00  0.440E+08  0.969E-01
  0.450E+08  0.904E-01  0.460E+08  0.845E-01  0.470E+08  0.799E-01
  0.480E+08  0.761E-01  0.490E+08  0.727E-01  0.500E+08  0.706E-01
  0.520E+08  0.665E-01  0.540E+08  0.608E-01  0.560E+08  0.569E-01
  0.580E+08  0.516E-01  0.600E+08  0.463E-01  0.620E+08  0.445E-01
  0.640E+08  0.418E-01  0.660E+08  0.404E-01  0.680E+08  0.391E-01
  0.700E+08  0.379E-01  0.720E+08  0.367E-01  0.740E+08  0.356E-01
  0.760E+08  0.344E-01  0.780E+08  0.326E-01  0.800E+08  0.307E-01
  0.820E+08  0.289E-01  0.840E+08  0.295E-01  0.860E+08  0.289E-01
  0.880E+08  0.279E-01  0.900E+08  0.271E-01  0.920E+08  0.263E-01
  0.940E+08  0.251E-01  0.960E+08  0.238E-01  0.980E+08  0.226E-01
  0.100E+09  0.233E-01
P29  
          37
           0
          43
  0.326E+08  0.000E+00  0.340E+08  0.461E-07  0.350E+08  0.839E-06
  0.360E+08  0.122E-04  0.370E+08  0.367E-04  0.380E+08  0.785E-04
  0.390E+08  0.189E-03  0.400E+08  0.396E-03  0.410E+08  0.570E-03
  0.420E+08  0.851E-03  0.430E+08  0.105E-02  0.440E+08  0.134E-02
  0.450E+08  0.149E-02  0.460E+08  0.173E-02  0.470E+08  0.197E-02
  0.480E+08  0.207E-02  0.490E+08  0.218E-02  0.500E+08  0.213E-02
  0.520E+08  0.203E-02  0.540E+08  0.196E-02  0.560E+08  0.222E-02
  0.580E+08  0.270E-02  0.600E+08  0.280E-02  0.620E+08  0.285E-02
  0.640E+08  0.248E-02  0.660E+08  0.207E-02  0.680E+08  0.210E-02
  0.700E+08  0.198E-02  0.720E+08  0.223E-02  0.740E+08  0.243E-02
  0.760E+08  0.220E-02  0.780E+08  0.221E-02  0.800E+08  0.209E-02
  0.820E+08  0.175E-02  0.840E+08  0.149E-02  0.860E+08  0.134E-02
  0.880E+08  0.136E-02  0.900E+08  0.149E-02  0.920E+08  0.153E-02
  0.940E+08  0.154E-02  0.960E+08  0.141E-02  0.980E+08  0.125E-02
  0.100E+09  0.108E-02
SI32 
         103
           0
          90
  0.100E-04  0.000E+00  0.100E+07  0.269E-03  0.150E+07  0.950E-03
  0.200E+07  0.209E-02  0.250E+07  0.323E-02  0.300E+07  0.429E-02
  0.350E+07  0.555E-02  0.400E+07  0.638E-02  0.450E+07  0.818E-02
  0.500E+07  0.952E-02  0.550E+07  0.127E-01  0.600E+07  0.159E-01
  0.650E+07  0.195E-01  0.700E+07  0.237E-01  0.750E+07  0.269E-01
  0.800E+07  0.317E-01  0.850E+07  0.376E-01  0.900E+07  0.416E-01
  0.950E+07  0.470E-01  0.100E+08  0.528E-01  0.105E+08  0.566E-01
  0.110E+08  0.613E-01  0.115E+08  0.640E-01  0.120E+08  0.653E-01
  0.125E+08  0.646E-01  0.130E+08  0.638E-01  0.135E+08  0.632E-01
  0.140E+08  0.622E-01  0.145E+08  0.615E-01  0.150E+08  0.608E-01
  0.160E+08  0.594E-01  0.170E+08  0.579E-01  0.180E+08  0.565E-01
  0.190E+08  0.550E-01  0.200E+08  0.526E-01  0.210E+08  0.506E-01
  0.220E+08  0.522E-01  0.230E+08  0.506E-01  0.240E+08  0.493E-01
  0.250E+08  0.472E-01  0.260E+08  0.462E-01  0.270E+08  0.453E-01
  0.280E+08  0.443E-01  0.290E+08  0.436E-01  0.300E+08  0.429E-01
  0.310E+08  0.422E-01  0.320E+08  0.414E-01  0.330E+08  0.402E-01
  0.340E+08  0.389E-01  0.350E+08  0.382E-01  0.360E+08  0.374E-01
  0.370E+08  0.367E-01  0.380E+08  0.360E-01  0.390E+08  0.353E-01
  0.400E+08  0.346E-01  0.410E+08  0.338E-01  0.420E+08  0.333E-01
  0.430E+08  0.329E-01  0.440E+08  0.324E-01  0.450E+08  0.320E-01
  0.460E+08  0.312E-01  0.470E+08  0.304E-01  0.480E+08  0.296E-01
  0.490E+08  0.291E-01  0.500E+08  0.286E-01  0.520E+08  0.277E-01
  0.540E+08  0.264E-01  0.560E+08  0.251E-01  0.580E+08  0.240E-01
  0.600E+08  0.235E-01  0.620E+08  0.230E-01  0.640E+08  0.226E-01
  0.660E+08  0.221E-01  0.680E+08  0.216E-01  0.700E+08  0.206E-01
  0.720E+08  0.197E-01  0.740E+08  0.190E-01  0.760E+08  0.182E-01
  0.780E+08  0.182E-01  0.800E+08  0.182E-01  0.820E+08  0.181E-01
  0.840E+08  0.181E-01  0.860E+08  0.172E-01  0.880E+08  0.164E-01
  0.900E+08  0.155E-01  0.920E+08  0.149E-01  0.940E+08  0.151E-01
  0.960E+08  0.153E-01  0.980E+08  0.155E-01  0.100E+09  0.149E-01
AL31 
         111
           0
          58
  0.162E+08  0.000E+00  0.190E+08  0.548E-04  0.200E+08  0.433E-03
  0.210E+08  0.963E-03  0.220E+08  0.143E-02  0.230E+08  0.180E-02
  0.240E+08  0.219E-02  0.250E+08  0.266E-02  0.260E+08  0.307E-02
  0.270E+08  0.341E-02  0.280E+08  0.383E-02  0.290E+08  0.423E-02
  0.300E+08  0.465E-02  0.310E+08  0.507E-02  0.320E+08  0.549E-02
  0.330E+08  0.588E-02  0.340E+08  0.628E-02  0.350E+08  0.662E-02
  0.360E+08  0.688E-02  0.370E+08  0.712E-02  0.380E+08  0.717E-02
  0.390E+08  0.696E-02  0.400E+08  0.695E-02  0.410E+08  0.683E-02
  0.420E+08  0.671E-02  0.430E+08  0.642E-02  0.440E+08  0.638E-02
  0.450E+08  0.634E-02  0.460E+08  0.622E-02  0.470E+08  0.610E-02
  0.480E+08  0.609E-02  0.490E+08  0.600E-02  0.500E+08  0.592E-02
  0.520E+08  0.575E-02  0.540E+08  0.560E-02  0.560E+08  0.538E-02
  0.580E+08  0.525E-02  0.600E+08  0.484E-02  0.620E+08  0.475E-02
  0.640E+08  0.466E-02  0.660E+08  0.458E-02  0.680E+08  0.452E-02
  0.700E+08  0.478E-02  0.720E+08  0.470E-02  0.740E+08  0.460E-02
  0.760E+08  0.443E-02  0.780E+08  0.436E-02  0.800E+08  0.431E-02
  0.820E+08  0.425E-02  0.840E+08  0.420E-02  0.860E+08  0.443E-02
  0.880E+08  0.437E-02  0.900E+08  0.431E-02  0.920E+08  0.401E-02
  0.940E+08  0.396E-02  0.960E+08  0.390E-02  0.980E+08  0.385E-02
  0.100E+09  0.394E-02
P28  
         121
           0
          26
  0.510E+08  0.000E+00  0.520E+08  0.151E-11  0.540E+08  0.307E-09
  0.560E+08  0.549E-08  0.580E+08  0.358E-07  0.600E+08  0.202E-06
  0.620E+08  0.690E-06  0.640E+08  0.203E-05  0.660E+08  0.363E-05
  0.680E+08  0.619E-05  0.700E+08  0.860E-05  0.720E+08  0.863E-05
  0.740E+08  0.108E-04  0.760E+08  0.126E-04  0.780E+08  0.159E-04
  0.800E+08  0.172E-04  0.820E+08  0.188E-04  0.840E+08  0.187E-04
  0.860E+08  0.191E-04  0.880E+08  0.171E-04  0.900E+08  0.157E-04
  0.920E+08  0.167E-04  0.940E+08  0.204E-04  0.960E+08  0.209E-04
  0.980E+08  0.223E-04  0.100E+09  0.206E-04
P27  
         122
           0
          18
  0.659E+08  0.000E+00  0.680E+08  0.730E-16  0.700E+08  0.922E-12
  0.720E+08  0.455E-11  0.740E+08  0.428E-10  0.760E+08  0.275E-09
  0.780E+08  0.565E-09  0.800E+08  0.170E-08  0.820E+08  0.492E-08
  0.840E+08  0.840E-08  0.860E+08  0.151E-07  0.880E+08  0.168E-07
  0.900E+08  0.199E-07  0.920E+08  0.370E-07  0.940E+08  0.503E-07
  0.960E+08  0.666E-07  0.980E+08  0.825E-07  0.100E+09  0.906E-07
P26  
         123
           0
           8
  0.866E+08  0.000E+00  0.880E+08  0.350E-24  0.900E+08  0.195E-21
  0.920E+08  0.618E-15  0.940E+08  0.132E-14  0.960E+08  0.174E-13
  0.980E+08  0.174E-12  0.100E+09  0.677E-12
SI31 
         153
           0
          76
  0.662E+07  0.000E+00  0.800E+07  0.383E-06  0.850E+07  0.957E-05
  0.900E+07  0.563E-04  0.950E+07  0.174E-03  0.100E+08  0.376E-03
  0.105E+08  0.237E-02  0.110E+08  0.438E-02  0.115E+08  0.751E-02
  0.120E+08  0.124E-01  0.125E+08  0.184E-01  0.130E+08  0.253E-01
  0.135E+08  0.326E-01  0.140E+08  0.396E-01  0.145E+08  0.487E-01
  0.150E+08  0.571E-01  0.160E+08  0.752E-01  0.170E+08  0.920E-01
  0.180E+08  0.108E+00  0.190E+08  0.120E+00  0.200E+08  0.129E+00
  0.210E+08  0.131E+00  0.220E+08  0.127E+00  0.230E+08  0.124E+00
  0.240E+08  0.122E+00  0.250E+08  0.119E+00  0.260E+08  0.116E+00
  0.270E+08  0.110E+00  0.280E+08  0.105E+00  0.290E+08  0.102E+00
  0.300E+08  0.100E+00  0.310E+08  0.975E-01  0.320E+08  0.911E-01
  0.330E+08  0.882E-01  0.340E+08  0.859E-01  0.350E+08  0.833E-01
  0.360E+08  0.813E-01  0.370E+08  0.794E-01  0.380E+08  0.774E-01
  0.390E+08  0.754E-01  0.400E+08  0.737E-01  0.410E+08  0.726E-01
  0.420E+08  0.713E-01  0.430E+08  0.701E-01  0.440E+08  0.688E-01
  0.450E+08  0.675E-01  0.460E+08  0.667E-01  0.470E+08  0.658E-01
  0.480E+08  0.648E-01  0.490E+08  0.635E-01  0.500E+08  0.622E-01
  0.520E+08  0.595E-01  0.540E+08  0.593E-01  0.560E+08  0.576E-01
  0.580E+08  0.560E-01  0.600E+08  0.543E-01  0.620E+08  0.531E-01
  0.640E+08  0.520E-01  0.660E+08  0.508E-01  0.680E+08  0.495E-01
  0.700E+08  0.487E-01  0.720E+08  0.479E-01  0.740E+08  0.471E-01
  0.760E+08  0.461E-01  0.780E+08  0.454E-01  0.800E+08  0.446E-01
  0.820E+08  0.437E-01  0.840E+08  0.428E-01  0.860E+08  0.422E-01
  0.880E+08  0.417E-01  0.900E+08  0.409E-01  0.920E+08  0.406E-01
  0.940E+08  0.400E-01  0.960E+08  0.394E-01  0.980E+08  0.384E-01
  0.100E+09  0.377E-01
SI30 
         154
           0
          62
  0.134E+08  0.000E+00  0.150E+08  0.210E-08  0.160E+08  0.305E-05
  0.170E+08  0.741E-03  0.180E+08  0.320E-02  0.190E+08  0.153E-01
  0.200E+08  0.600E-01  0.210E+08  0.118E+00  0.220E+08  0.195E+00
  0.230E+08  0.233E+00  0.240E+08  0.268E+00  0.250E+08  0.299E+00
  0.260E+08  0.312E+00  0.270E+08  0.327E+00  0.280E+08  0.334E+00
  0.290E+08  0.328E+00  0.300E+08  0.325E+00  0.310E+08  0.322E+00
  0.320E+08  0.319E+00  0.330E+08  0.316E+00  0.340E+08  0.313E+00
  0.350E+08  0.303E+00  0.360E+08  0.296E+00  0.370E+08  0.289E+00
  0.380E+08  0.281E+00  0.390E+08  0.272E+00  0.400E+08  0.263E+00
  0.410E+08  0.256E+00  0.420E+08  0.252E+00  0.430E+08  0.246E+00
  0.440E+08  0.240E+00  0.450E+08  0.234E+00  0.460E+08  0.224E+00
  0.470E+08  0.218E+00  0.480E+08  0.213E+00  0.490E+08  0.205E+00
  0.500E+08  0.200E+00  0.520E+08  0.193E+00  0.540E+08  0.187E+00
  0.560E+08  0.177E+00  0.580E+08  0.171E+00  0.600E+08  0.165E+00
  0.620E+08  0.150E+00  0.640E+08  0.143E+00  0.660E+08  0.139E+00
  0.680E+08  0.136E+00  0.700E+08  0.134E+00  0.720E+08  0.131E+00
  0.740E+08  0.127E+00  0.760E+08  0.123E+00  0.780E+08  0.116E+00
  0.800E+08  0.112E+00  0.820E+08  0.110E+00  0.840E+08  0.109E+00
  0.860E+08  0.107E+00  0.880E+08  0.106E+00  0.900E+08  0.104E+00
  0.920E+08  0.103E+00  0.940E+08  0.101E+00  0.960E+08  0.989E-01
  0.980E+08  0.969E-01  0.100E+09  0.948E-01
SI29 
         155
           0
          50
  0.244E+08  0.000E+00  0.270E+08  0.503E-05  0.280E+08  0.198E-03
  0.290E+08  0.607E-03  0.300E+08  0.161E-02  0.310E+08  0.448E-02
  0.320E+08  0.114E-01  0.330E+08  0.208E-01  0.340E+08  0.362E-01
  0.350E+08  0.484E-01  0.360E+08  0.607E-01  0.370E+08  0.747E-01
  0.380E+08  0.922E-01  0.390E+08  0.111E+00  0.400E+08  0.129E+00
  0.410E+08  0.143E+00  0.420E+08  0.148E+00  0.430E+08  0.153E+00
  0.440E+08  0.163E+00  0.450E+08  0.171E+00  0.460E+08  0.179E+00
  0.470E+08  0.185E+00  0.480E+08  0.189E+00  0.490E+08  0.193E+00
  0.500E+08  0.193E+00  0.520E+08  0.193E+00  0.540E+08  0.193E+00
  0.560E+08  0.193E+00  0.580E+08  0.193E+00  0.600E+08  0.193E+00
  0.620E+08  0.193E+00  0.640E+08  0.194E+00  0.660E+08  0.194E+00
  0.680E+08  0.187E+00  0.700E+08  0.181E+00  0.720E+08  0.169E+00
  0.740E+08  0.163E+00  0.760E+08  0.157E+00  0.780E+08  0.151E+00
  0.800E+08  0.147E+00  0.820E+08  0.144E+00  0.840E+08  0.140E+00
  0.860E+08  0.136E+00  0.880E+08  0.130E+00  0.900E+08  0.124E+00
  0.920E+08  0.118E+00  0.940E+08  0.113E+00  0.960E+08  0.116E+00
  0.980E+08  0.112E+00  0.100E+09  0.109E+00
SI28 
         156
           0
          42
  0.331E+08  0.000E+00  0.350E+08  0.106E-12  0.360E+08  0.115E-06
  0.370E+08  0.371E-05  0.380E+08  0.401E-04  0.390E+08  0.288E-03
  0.400E+08  0.651E-03  0.410E+08  0.141E-02  0.420E+08  0.223E-02
  0.430E+08  0.331E-02  0.440E+08  0.538E-02  0.450E+08  0.920E-02
  0.460E+08  0.124E-01  0.470E+08  0.173E-01  0.480E+08  0.223E-01
  0.490E+08  0.257E-01  0.500E+08  0.290E-01  0.520E+08  0.393E-01
  0.540E+08  0.480E-01  0.560E+08  0.643E-01  0.580E+08  0.710E-01
  0.600E+08  0.777E-01  0.620E+08  0.870E-01  0.640E+08  0.926E-01
  0.660E+08  0.983E-01  0.680E+08  0.103E+00  0.700E+08  0.107E+00
  0.720E+08  0.117E+00  0.740E+08  0.114E+00  0.760E+08  0.122E+00
  0.780E+08  0.123E+00  0.800E+08  0.124E+00  0.820E+08  0.126E+00
  0.840E+08  0.127E+00  0.860E+08  0.128E+00  0.880E+08  0.129E+00
  0.900E+08  0.127E+00  0.920E+08  0.124E+00  0.940E+08  0.121E+00
  0.960E+08  0.121E+00  0.980E+08  0.120E+00  0.100E+09  0.117E+00
SI27 
         157
           0
          25
  0.508E+08  0.000E+00  0.540E+08  0.277E-11  0.560E+08  0.174E-07
  0.580E+08  0.182E-06  0.600E+08  0.185E-05  0.620E+08  0.767E-05
  0.640E+08  0.147E-04  0.660E+08  0.380E-04  0.680E+08  0.657E-04
  0.700E+08  0.136E-03  0.720E+08  0.238E-03  0.740E+08  0.407E-03
  0.760E+08  0.582E-03  0.780E+08  0.711E-03  0.800E+08  0.855E-03
  0.820E+08  0.963E-03  0.840E+08  0.107E-02  0.860E+08  0.120E-02
  0.880E+08  0.135E-02  0.900E+08  0.152E-02  0.920E+08  0.168E-02
  0.940E+08  0.170E-02  0.960E+08  0.177E-02  0.980E+08  0.173E-02
  0.100E+09  0.168E-02
SI26 
         158
           0
          18
  0.645E+08  0.000E+00  0.680E+08  0.180E-15  0.700E+08  0.891E-12
  0.720E+08  0.315E-10  0.740E+08  0.574E-09  0.760E+08  0.150E-08
  0.780E+08  0.511E-08  0.800E+08  0.165E-07  0.820E+08  0.383E-07
  0.840E+08  0.127E-06  0.860E+08  0.306E-06  0.880E+08  0.533E-06
  0.900E+08  0.941E-06  0.920E+08  0.115E-05  0.940E+08  0.144E-05
  0.960E+08  0.209E-05  0.980E+08  0.270E-05  0.100E+09  0.387E-05
SI25 
         159
           0
           8
  0.842E+08  0.000E+00  0.880E+08  0.734E-18  0.900E+08  0.298E-15
  0.920E+08  0.590E-14  0.940E+08  0.489E-13  0.960E+08  0.468E-12
  0.980E+08  0.248E-11  0.100E+09  0.156E-10
AL30 
         174
           0
          53
  0.214E+08  0.000E+00  0.240E+08  0.125E-10  0.250E+08  0.834E-08
  0.260E+08  0.568E-06  0.270E+08  0.524E-05  0.280E+08  0.209E-04
  0.290E+08  0.575E-04  0.300E+08  0.117E-03  0.310E+08  0.191E-03
  0.320E+08  0.377E-03  0.330E+08  0.593E-03  0.340E+08  0.817E-03
  0.350E+08  0.102E-02  0.360E+08  0.142E-02  0.370E+08  0.172E-02
  0.380E+08  0.229E-02  0.390E+08  0.302E-02  0.400E+08  0.376E-02
  0.410E+08  0.438E-02  0.420E+08  0.505E-02  0.430E+08  0.573E-02
  0.440E+08  0.614E-02  0.450E+08  0.656E-02  0.460E+08  0.729E-02
  0.470E+08  0.782E-02  0.480E+08  0.834E-02  0.490E+08  0.887E-02
  0.500E+08  0.866E-02  0.520E+08  0.837E-02  0.540E+08  0.854E-02
  0.560E+08  0.826E-02  0.580E+08  0.842E-02  0.600E+08  0.857E-02
  0.620E+08  0.873E-02  0.640E+08  0.889E-02  0.660E+08  0.861E-02
  0.680E+08  0.834E-02  0.700E+08  0.806E-02  0.720E+08  0.779E-02
  0.740E+08  0.751E-02  0.760E+08  0.724E-02  0.780E+08  0.696E-02
  0.800E+08  0.690E-02  0.820E+08  0.663E-02  0.840E+08  0.607E-02
  0.860E+08  0.552E-02  0.880E+08  0.538E-02  0.900E+08  0.538E-02
  0.920E+08  0.570E-02  0.940E+08  0.616E-02  0.960E+08  0.594E-02
  0.980E+08  0.583E-02  0.100E+09  0.527E-02
AL29 
         175
           0
          86
  0.458E+06  0.000E+00  0.300E+07  0.204E-05  0.350E+07  0.316E-04
  0.400E+07  0.132E-03  0.450E+07  0.536E-03  0.500E+07  0.150E-02
  0.550E+07  0.336E-02  0.600E+07  0.576E-02  0.650E+07  0.860E-02
  0.700E+07  0.105E-01  0.750E+07  0.136E-01  0.800E+07  0.170E-01
  0.850E+07  0.214E-01  0.900E+07  0.250E-01  0.950E+07  0.284E-01
  0.100E+08  0.318E-01  0.105E+08  0.338E-01  0.110E+08  0.358E-01
  0.115E+08  0.386E-01  0.120E+08  0.428E-01  0.125E+08  0.454E-01
  0.130E+08  0.480E-01  0.135E+08  0.502E-01  0.140E+08  0.504E-01
  0.145E+08  0.506E-01  0.150E+08  0.507E-01  0.160E+08  0.510E-01
  0.170E+08  0.466E-01  0.180E+08  0.398E-01  0.190E+08  0.312E-01
  0.200E+08  0.268E-01  0.210E+08  0.242E-01  0.220E+08  0.214E-01
  0.230E+08  0.186E-01  0.240E+08  0.164E-01  0.250E+08  0.147E-01
  0.260E+08  0.124E-01  0.270E+08  0.111E-01  0.280E+08  0.104E-01
  0.290E+08  0.957E-02  0.300E+08  0.878E-02  0.310E+08  0.792E-02
  0.320E+08  0.688E-02  0.330E+08  0.626E-02  0.340E+08  0.592E-02
  0.350E+08  0.558E-02  0.360E+08  0.524E-02  0.370E+08  0.490E-02
  0.380E+08  0.457E-02  0.390E+08  0.423E-02  0.400E+08  0.389E-02
  0.410E+08  0.355E-02  0.420E+08  0.400E-02  0.430E+08  0.446E-02
  0.440E+08  0.493E-02  0.450E+08  0.573E-02  0.460E+08  0.652E-02
  0.470E+08  0.734E-02  0.480E+08  0.820E-02  0.490E+08  0.915E-02
  0.500E+08  0.101E-01  0.520E+08  0.115E-01  0.540E+08  0.130E-01
  0.560E+08  0.154E-01  0.580E+08  0.169E-01  0.600E+08  0.180E-01
  0.620E+08  0.191E-01  0.640E+08  0.205E-01  0.660E+08  0.213E-01
  0.680E+08  0.226E-01  0.700E+08  0.235E-01  0.720E+08  0.244E-01
  0.740E+08  0.254E-01  0.760E+08  0.254E-01  0.780E+08  0.250E-01
  0.800E+08  0.247E-01  0.820E+08  0.240E-01  0.840E+08  0.232E-01
  0.860E+08  0.224E-01  0.880E+08  0.218E-01  0.900E+08  0.216E-01
  0.920E+08  0.215E-01  0.940E+08  0.213E-01  0.960E+08  0.210E-01
  0.980E+08  0.206E-01  0.100E+09  0.203E-01
AL28 
         176
           0
          66
  0.102E+08  0.000E+00  0.130E+08  0.288E-05  0.135E+08  0.270E-04
  0.140E+08  0.178E-03  0.145E+08  0.725E-03  0.150E+08  0.194E-02
  0.160E+08  0.698E-02  0.170E+08  0.155E-01  0.180E+08  0.259E-01
  0.190E+08  0.384E-01  0.200E+08  0.510E-01  0.210E+08  0.559E-01
  0.220E+08  0.621E-01  0.230E+08  0.699E-01  0.240E+08  0.714E-01
  0.250E+08  0.725E-01  0.260E+08  0.724E-01  0.270E+08  0.688E-01
  0.280E+08  0.626E-01  0.290E+08  0.587E-01  0.300E+08  0.554E-01
  0.310E+08  0.467E-01  0.320E+08  0.420E-01  0.330E+08  0.373E-01
  0.340E+08  0.330E-01  0.350E+08  0.299E-01  0.360E+08  0.273E-01
  0.370E+08  0.256E-01  0.380E+08  0.228E-01  0.390E+08  0.200E-01
  0.400E+08  0.181E-01  0.410E+08  0.165E-01  0.420E+08  0.155E-01
  0.430E+08  0.146E-01  0.440E+08  0.131E-01  0.450E+08  0.121E-01
  0.460E+08  0.117E-01  0.470E+08  0.115E-01  0.480E+08  0.114E-01
  0.490E+08  0.113E-01  0.500E+08  0.111E-01  0.520E+08  0.114E-01
  0.540E+08  0.120E-01  0.560E+08  0.134E-01  0.580E+08  0.157E-01
  0.600E+08  0.180E-01  0.620E+08  0.203E-01  0.640E+08  0.226E-01
  0.660E+08  0.249E-01  0.680E+08  0.273E-01  0.700E+08  0.296E-01
  0.720E+08  0.319E-01  0.740E+08  0.342E-01  0.760E+08  0.365E-01
  0.780E+08  0.380E-01  0.800E+08  0.395E-01  0.820E+08  0.410E-01
  0.840E+08  0.426E-01  0.860E+08  0.441E-01  0.880E+08  0.456E-01
  0.900E+08  0.469E-01  0.920E+08  0.481E-01  0.940E+08  0.494E-01
  0.960E+08  0.506E-01  0.980E+08  0.519E-01  0.100E+09  0.511E-01
AL27 
         177
           0
          56
  0.182E+08  0.000E+00  0.210E+08  0.717E-07  0.220E+08  0.181E-04
  0.230E+08  0.298E-03  0.240E+08  0.120E-02  0.250E+08  0.409E-02
  0.260E+08  0.976E-02  0.270E+08  0.181E-01  0.280E+08  0.243E-01
  0.290E+08  0.337E-01  0.300E+08  0.379E-01  0.310E+08  0.464E-01
  0.320E+08  0.545E-01  0.330E+08  0.598E-01  0.340E+08  0.634E-01
  0.350E+08  0.670E-01  0.360E+08  0.719E-01  0.370E+08  0.708E-01
  0.380E+08  0.699E-01  0.390E+08  0.689E-01  0.400E+08  0.680E-01
  0.410E+08  0.671E-01  0.420E+08  0.665E-01  0.430E+08  0.636E-01
  0.440E+08  0.589E-01  0.450E+08  0.557E-01  0.460E+08  0.540E-01
  0.470E+08  0.505E-01  0.480E+08  0.470E-01  0.490E+08  0.436E-01
  0.500E+08  0.401E-01  0.520E+08  0.344E-01  0.540E+08  0.308E-01
  0.560E+08  0.304E-01  0.580E+08  0.295E-01  0.600E+08  0.286E-01
  0.620E+08  0.276E-01  0.640E+08  0.267E-01  0.660E+08  0.264E-01
  0.680E+08  0.295E-01  0.700E+08  0.332E-01  0.720E+08  0.382E-01
  0.740E+08  0.460E-01  0.760E+08  0.506E-01  0.780E+08  0.546E-01
  0.800E+08  0.557E-01  0.820E+08  0.566E-01  0.840E+08  0.575E-01
  0.860E+08  0.587E-01  0.880E+08  0.599E-01  0.900E+08  0.611E-01
  0.920E+08  0.624E-01  0.940E+08  0.636E-01  0.960E+08  0.648E-01
  0.980E+08  0.660E-01  0.100E+09  0.666E-01
AL26 
         178
           0
          42
  0.316E+08  0.000E+00  0.350E+08  0.382E-09  0.360E+08  0.104E-06
  0.370E+08  0.846E-06  0.380E+08  0.131E-04  0.390E+08  0.747E-04
  0.400E+08  0.344E-03  0.410E+08  0.704E-03  0.420E+08  0.115E-02
  0.430E+08  0.164E-02  0.440E+08  0.283E-02  0.450E+08  0.406E-02
  0.460E+08  0.559E-02  0.470E+08  0.751E-02  0.480E+08  0.871E-02
  0.490E+08  0.990E-02  0.500E+08  0.111E-01  0.520E+08  0.142E-01
  0.540E+08  0.172E-01  0.560E+08  0.183E-01  0.580E+08  0.195E-01
  0.600E+08  0.201E-01  0.620E+08  0.196E-01  0.640E+08  0.185E-01
  0.660E+08  0.175E-01  0.680E+08  0.169E-01  0.700E+08  0.167E-01
  0.720E+08  0.165E-01  0.740E+08  0.163E-01  0.760E+08  0.161E-01
  0.780E+08  0.154E-01  0.800E+08  0.141E-01  0.820E+08  0.140E-01
  0.840E+08  0.141E-01  0.860E+08  0.146E-01  0.880E+08  0.151E-01
  0.900E+08  0.156E-01  0.920E+08  0.161E-01  0.940E+08  0.166E-01
  0.960E+08  0.171E-01  0.980E+08  0.180E-01  0.100E+09  0.187E-01
AL25 
         179
           0
          31
  0.433E+08  0.000E+00  0.460E+08  0.570E-17  0.470E+08  0.347E-12
  0.480E+08  0.223E-10  0.490E+08  0.142E-08  0.500E+08  0.330E-07
  0.520E+08  0.547E-06  0.540E+08  0.329E-05  0.560E+08  0.118E-04
  0.580E+08  0.291E-04  0.600E+08  0.676E-04  0.620E+08  0.136E-03
  0.640E+08  0.239E-03  0.660E+08  0.325E-03  0.680E+08  0.342E-03
  0.700E+08  0.411E-03  0.720E+08  0.432E-03  0.740E+08  0.548E-03
  0.760E+08  0.664E-03  0.780E+08  0.676E-03  0.800E+08  0.721E-03
  0.820E+08  0.619E-03  0.840E+08  0.527E-03  0.860E+08  0.530E-03
  0.880E+08  0.499E-03  0.900E+08  0.594E-03  0.920E+08  0.644E-03
  0.940E+08  0.657E-03  0.960E+08  0.697E-03  0.980E+08  0.696E-03
  0.100E+09  0.531E-03
AL24 
         180
           0
          19
  0.608E+08  0.000E+00  0.660E+08  0.137E-13  0.680E+08  0.853E-11
  0.700E+08  0.140E-09  0.720E+08  0.121E-08  0.740E+08  0.594E-08
  0.760E+08  0.258E-07  0.780E+08  0.746E-07  0.800E+08  0.191E-06
  0.820E+08  0.549E-06  0.840E+08  0.855E-06  0.860E+08  0.112E-05
  0.880E+08  0.170E-05  0.900E+08  0.223E-05  0.920E+08  0.309E-05
  0.940E+08  0.410E-05  0.960E+08  0.511E-05  0.980E+08  0.650E-05
  0.100E+09  0.713E-05
AL23 
         181
           0
          11
  0.762E+08  0.000E+00  0.820E+08  0.448E-18  0.840E+08  0.101E-14
  0.860E+08  0.990E-13  0.880E+08  0.104E-11  0.900E+08  0.198E-11
  0.920E+08  0.993E-11  0.940E+08  0.158E-10  0.960E+08  0.683E-10
  0.980E+08  0.229E-09  0.100E+09  0.513E-09
AL22 
         182
           0
           2
  0.946E+08  0.000E+00  0.100E+09  0.815E-24
MG30 
         219
           0
          43
  0.299E+08  0.000E+00  0.340E+08  0.683E-15  0.350E+08  0.570E-13
  0.360E+08  0.292E-11  0.370E+08  0.192E-10  0.380E+08  0.108E-09
  0.390E+08  0.430E-09  0.400E+08  0.113E-08  0.410E+08  0.269E-08
  0.420E+08  0.499E-08  0.430E+08  0.106E-07  0.440E+08  0.176E-07
  0.450E+08  0.328E-07  0.460E+08  0.439E-07  0.470E+08  0.572E-07
  0.480E+08  0.753E-07  0.490E+08  0.103E-06  0.500E+08  0.113E-06
  0.520E+08  0.144E-06  0.540E+08  0.227E-06  0.560E+08  0.315E-06
  0.580E+08  0.454E-06  0.600E+08  0.703E-06  0.620E+08  0.919E-06
  0.640E+08  0.116E-05  0.660E+08  0.110E-05  0.680E+08  0.109E-05
  0.700E+08  0.150E-05  0.720E+08  0.147E-05  0.740E+08  0.148E-05
  0.760E+08  0.178E-05  0.780E+08  0.167E-05  0.800E+08  0.162E-05
  0.820E+08  0.151E-05  0.840E+08  0.114E-05  0.860E+08  0.104E-05
  0.880E+08  0.124E-05  0.900E+08  0.120E-05  0.920E+08  0.142E-05
  0.940E+08  0.137E-05  0.960E+08  0.127E-05  0.980E+08  0.117E-05
  0.100E+09  0.895E-06
MG29 
         220
           0
          39
  0.343E+08  0.000E+00  0.380E+08  0.115E-16  0.390E+08  0.255E-12
  0.400E+08  0.360E-10  0.410E+08  0.570E-09  0.420E+08  0.265E-08
  0.430E+08  0.116E-07  0.440E+08  0.320E-07  0.450E+08  0.956E-07
  0.460E+08  0.220E-06  0.470E+08  0.463E-06  0.480E+08  0.760E-06
  0.490E+08  0.102E-05  0.500E+08  0.180E-05  0.520E+08  0.303E-05
  0.540E+08  0.389E-05  0.560E+08  0.530E-05  0.580E+08  0.634E-05
  0.600E+08  0.878E-05  0.620E+08  0.126E-04  0.640E+08  0.141E-04
  0.660E+08  0.156E-04  0.680E+08  0.146E-04  0.700E+08  0.152E-04
  0.720E+08  0.170E-04  0.740E+08  0.193E-04  0.760E+08  0.211E-04
  0.780E+08  0.317E-04  0.800E+08  0.337E-04  0.820E+08  0.350E-04
  0.840E+08  0.358E-04  0.860E+08  0.293E-04  0.880E+08  0.271E-04
  0.900E+08  0.268E-04  0.920E+08  0.270E-04  0.940E+08  0.404E-04
  0.960E+08  0.395E-04  0.980E+08  0.376E-04  0.100E+09  0.353E-04
MG28 
         221
           0
          62
  0.113E+08  0.000E+00  0.150E+08  0.299E-11  0.160E+08  0.182E-08
  0.170E+08  0.669E-07  0.180E+08  0.699E-06  0.190E+08  0.371E-05
  0.200E+08  0.975E-05  0.210E+08  0.227E-04  0.220E+08  0.378E-04
  0.230E+08  0.586E-04  0.240E+08  0.949E-04  0.250E+08  0.155E-03
  0.260E+08  0.206E-03  0.270E+08  0.281E-03  0.280E+08  0.362E-03
  0.290E+08  0.400E-03  0.300E+08  0.441E-03  0.310E+08  0.482E-03
  0.320E+08  0.506E-03  0.330E+08  0.490E-03  0.340E+08  0.493E-03
  0.350E+08  0.490E-03  0.360E+08  0.429E-03  0.370E+08  0.408E-03
  0.380E+08  0.388E-03  0.390E+08  0.367E-03  0.400E+08  0.343E-03
  0.410E+08  0.325E-03  0.420E+08  0.315E-03  0.430E+08  0.274E-03
  0.440E+08  0.262E-03  0.450E+08  0.252E-03  0.460E+08  0.233E-03
  0.470E+08  0.220E-03  0.480E+08  0.211E-03  0.490E+08  0.218E-03
  0.500E+08  0.215E-03  0.520E+08  0.179E-03  0.540E+08  0.163E-03
  0.560E+08  0.162E-03  0.580E+08  0.158E-03  0.600E+08  0.173E-03
  0.620E+08  0.197E-03  0.640E+08  0.218E-03  0.660E+08  0.246E-03
  0.680E+08  0.286E-03  0.700E+08  0.317E-03  0.720E+08  0.333E-03
  0.740E+08  0.356E-03  0.760E+08  0.378E-03  0.780E+08  0.405E-03
  0.800E+08  0.436E-03  0.820E+08  0.440E-03  0.840E+08  0.470E-03
  0.860E+08  0.484E-03  0.880E+08  0.487E-03  0.900E+08  0.520E-03
  0.920E+08  0.530E-03  0.940E+08  0.563E-03  0.960E+08  0.600E-03
  0.980E+08  0.606E-03  0.100E+09  0.663E-03
MG27 
         222
           0
          55
  0.177E+08  0.000E+00  0.220E+08  0.123E-10  0.230E+08  0.262E-08
  0.240E+08  0.109E-06  0.250E+08  0.163E-05  0.260E+08  0.881E-05
  0.270E+08  0.329E-04  0.280E+08  0.930E-04  0.290E+08  0.178E-03
  0.300E+08  0.349E-03  0.310E+08  0.667E-03  0.320E+08  0.119E-02
  0.330E+08  0.163E-02  0.340E+08  0.228E-02  0.350E+08  0.283E-02
  0.360E+08  0.330E-02  0.370E+08  0.400E-02  0.380E+08  0.466E-02
  0.390E+08  0.506E-02  0.400E+08  0.545E-02  0.410E+08  0.578E-02
  0.420E+08  0.601E-02  0.430E+08  0.599E-02  0.440E+08  0.598E-02
  0.450E+08  0.596E-02  0.460E+08  0.573E-02  0.470E+08  0.549E-02
  0.480E+08  0.534E-02  0.490E+08  0.520E-02  0.500E+08  0.505E-02
  0.520E+08  0.476E-02  0.540E+08  0.422E-02  0.560E+08  0.422E-02
  0.580E+08  0.421E-02  0.600E+08  0.421E-02  0.620E+08  0.420E-02
  0.640E+08  0.387E-02  0.660E+08  0.371E-02  0.680E+08  0.352E-02
  0.700E+08  0.310E-02  0.720E+08  0.298E-02  0.740E+08  0.330E-02
  0.760E+08  0.343E-02  0.780E+08  0.383E-02  0.800E+08  0.394E-02
  0.820E+08  0.402E-02  0.840E+08  0.403E-02  0.860E+08  0.378E-02
  0.880E+08  0.372E-02  0.900E+08  0.406E-02  0.920E+08  0.414E-02
  0.940E+08  0.442E-02  0.960E+08  0.453E-02  0.980E+08  0.449E-02
  0.100E+09  0.438E-02
MG26 
         223
           0
          49
  0.244E+08  0.000E+00  0.280E+08  0.204E-12  0.290E+08  0.103E-09
  0.300E+08  0.844E-08  0.310E+08  0.341E-06  0.320E+08  0.486E-05
  0.330E+08  0.322E-04  0.340E+08  0.121E-03  0.350E+08  0.282E-03
  0.360E+08  0.760E-03  0.370E+08  0.134E-02  0.380E+08  0.279E-02
  0.390E+08  0.498E-02  0.400E+08  0.835E-02  0.410E+08  0.104E-01
  0.420E+08  0.124E-01  0.430E+08  0.141E-01  0.440E+08  0.169E-01
  0.450E+08  0.197E-01  0.460E+08  0.224E-01  0.470E+08  0.247E-01
  0.480E+08  0.260E-01  0.490E+08  0.272E-01  0.500E+08  0.285E-01
  0.520E+08  0.309E-01  0.540E+08  0.318E-01  0.560E+08  0.308E-01
  0.580E+08  0.303E-01  0.600E+08  0.299E-01  0.620E+08  0.294E-01
  0.640E+08  0.290E-01  0.660E+08  0.285E-01  0.680E+08  0.281E-01
  0.700E+08  0.276E-01  0.720E+08  0.272E-01  0.740E+08  0.267E-01
  0.760E+08  0.261E-01  0.780E+08  0.266E-01  0.800E+08  0.276E-01
  0.820E+08  0.285E-01  0.840E+08  0.294E-01  0.860E+08  0.306E-01
  0.880E+08  0.313E-01  0.900E+08  0.321E-01  0.920E+08  0.328E-01
  0.940E+08  0.336E-01  0.960E+08  0.343E-01  0.980E+08  0.350E-01
  0.100E+09  0.351E-01
MG25 
         224
           0
          37
  0.358E+08  0.000E+00  0.400E+08  0.120E-11  0.410E+08  0.129E-09
  0.420E+08  0.493E-08  0.430E+08  0.741E-07  0.440E+08  0.131E-05
  0.450E+08  0.612E-05  0.460E+08  0.267E-04  0.470E+08  0.739E-04
  0.480E+08  0.149E-03  0.490E+08  0.250E-03  0.500E+08  0.544E-03
  0.520E+08  0.177E-02  0.540E+08  0.312E-02  0.560E+08  0.474E-02
  0.580E+08  0.636E-02  0.600E+08  0.797E-02  0.620E+08  0.959E-02
  0.640E+08  0.112E-01  0.660E+08  0.128E-01  0.680E+08  0.144E-01
  0.700E+08  0.161E-01  0.720E+08  0.177E-01  0.740E+08  0.193E-01
  0.760E+08  0.209E-01  0.780E+08  0.225E-01  0.800E+08  0.241E-01
  0.820E+08  0.258E-01  0.840E+08  0.274E-01  0.860E+08  0.290E-01
  0.880E+08  0.301E-01  0.900E+08  0.313E-01  0.920E+08  0.324E-01
  0.940E+08  0.332E-01  0.960E+08  0.340E-01  0.980E+08  0.347E-01
  0.100E+09  0.348E-01
MG24 
         225
           0
          30
  0.434E+08  0.000E+00  0.470E+08  0.599E-19  0.480E+08  0.503E-13
  0.490E+08  0.338E-11  0.500E+08  0.930E-09  0.520E+08  0.348E-06
  0.540E+08  0.813E-05  0.560E+08  0.733E-04  0.580E+08  0.178E-03
  0.600E+08  0.298E-03  0.620E+08  0.653E-03  0.640E+08  0.131E-02
  0.660E+08  0.244E-02  0.680E+08  0.481E-02  0.700E+08  0.724E-02
  0.720E+08  0.110E-01  0.740E+08  0.148E-01  0.760E+08  0.171E-01
  0.780E+08  0.193E-01  0.800E+08  0.216E-01  0.820E+08  0.238E-01
  0.840E+08  0.261E-01  0.860E+08  0.283E-01  0.880E+08  0.312E-01
  0.900E+08  0.321E-01  0.920E+08  0.304E-01  0.940E+08  0.309E-01
  0.960E+08  0.312E-01  0.980E+08  0.320E-01  0.100E+09  0.328E-01
MG23 
         226
           0
          19
  0.604E+08  0.000E+00  0.660E+08  0.207E-16  0.680E+08  0.848E-12
  0.700E+08  0.217E-09  0.720E+08  0.871E-08  0.740E+08  0.858E-07
  0.760E+08  0.377E-06  0.780E+08  0.123E-05  0.800E+08  0.339E-05
  0.820E+08  0.654E-05  0.840E+08  0.170E-04  0.860E+08  0.389E-04
  0.880E+08  0.718E-04  0.900E+08  0.116E-03  0.920E+08  0.164E-03
  0.940E+08  0.209E-03  0.960E+08  0.289E-03  0.980E+08  0.343E-03
  0.100E+09  0.424E-03
MG22 
         227
           0
          12
  0.740E+08  0.000E+00  0.800E+08  0.271E-20  0.820E+08  0.110E-16
  0.840E+08  0.757E-14  0.860E+08  0.234E-12  0.880E+08  0.571E-11
  0.900E+08  0.127E-09  0.920E+08  0.432E-09  0.940E+08  0.132E-08
  0.960E+08  0.396E-08  0.980E+08  0.686E-08  0.100E+09  0.178E-07
MG21 
         228
           0
           2
  0.940E+08  0.000E+00  0.100E+09  0.789E-24
NA29 
         254
           0
          24
  0.495E+08  0.000E+00  0.560E+08  0.637E-17  0.580E+08  0.878E-15
  0.600E+08  0.632E-13  0.620E+08  0.860E-12  0.640E+08  0.591E-11
  0.660E+08  0.368E-10  0.680E+08  0.994E-10  0.700E+08  0.273E-09
  0.720E+08  0.499E-09  0.740E+08  0.976E-09  0.760E+08  0.159E-08
  0.780E+08  0.195E-08  0.800E+08  0.279E-08  0.820E+08  0.317E-08
  0.840E+08  0.347E-08  0.860E+08  0.410E-08  0.880E+08  0.426E-08
  0.900E+08  0.551E-08  0.920E+08  0.588E-08  0.940E+08  0.580E-08
  0.960E+08  0.626E-08  0.980E+08  0.657E-08  0.100E+09  0.739E-08
NA28 
         255
           0
          23
  0.517E+08  0.000E+00  0.580E+08  0.315E-15  0.600E+08  0.395E-13
  0.620E+08  0.442E-11  0.640E+08  0.922E-10  0.660E+08  0.650E-09
  0.680E+08  0.579E-08  0.700E+08  0.159E-07  0.720E+08  0.340E-07
  0.740E+08  0.573E-07  0.760E+08  0.899E-07  0.780E+08  0.115E-06
  0.800E+08  0.165E-06  0.820E+08  0.242E-06  0.840E+08  0.311E-06
  0.860E+08  0.385E-06  0.880E+08  0.432E-06  0.900E+08  0.483E-06
  0.920E+08  0.468E-06  0.940E+08  0.475E-06  0.960E+08  0.509E-06
  0.980E+08  0.618E-06  0.100E+09  0.677E-06
NA27 
         256
           0
          43
  0.284E+08  0.000E+00  0.340E+08  0.861E-14  0.350E+08  0.506E-12
  0.360E+08  0.341E-10  0.370E+08  0.380E-09  0.380E+08  0.195E-08
  0.390E+08  0.948E-08  0.400E+08  0.315E-07  0.410E+08  0.758E-07
  0.420E+08  0.145E-06  0.430E+08  0.329E-06  0.440E+08  0.528E-06
  0.450E+08  0.984E-06  0.460E+08  0.138E-05  0.470E+08  0.188E-05
  0.480E+08  0.255E-05  0.490E+08  0.295E-05  0.500E+08  0.382E-05
  0.520E+08  0.590E-05  0.540E+08  0.676E-05  0.560E+08  0.902E-05
  0.580E+08  0.107E-04  0.600E+08  0.120E-04  0.620E+08  0.147E-04
  0.640E+08  0.170E-04  0.660E+08  0.177E-04  0.680E+08  0.192E-04
  0.700E+08  0.193E-04  0.720E+08  0.189E-04  0.740E+08  0.192E-04
  0.760E+08  0.183E-04  0.780E+08  0.187E-04  0.800E+08  0.200E-04
  0.820E+08  0.188E-04  0.840E+08  0.190E-04  0.860E+08  0.188E-04
  0.880E+08  0.193E-04  0.900E+08  0.193E-04  0.920E+08  0.190E-04
  0.940E+08  0.193E-04  0.960E+08  0.219E-04  0.980E+08  0.224E-04
  0.100E+09  0.231E-04
NA26 
         257
           0
          39
  0.332E+08  0.000E+00  0.380E+08  0.305E-17  0.390E+08  0.184E-12
  0.400E+08  0.272E-10  0.410E+08  0.847E-09  0.420E+08  0.793E-08
  0.430E+08  0.405E-07  0.440E+08  0.147E-06  0.450E+08  0.643E-06
  0.460E+08  0.190E-05  0.470E+08  0.412E-05  0.480E+08  0.820E-05
  0.490E+08  0.105E-04  0.500E+08  0.201E-04  0.520E+08  0.530E-04
  0.540E+08  0.989E-04  0.560E+08  0.141E-03  0.580E+08  0.202E-03
  0.600E+08  0.246E-03  0.620E+08  0.296E-03  0.640E+08  0.367E-03
  0.660E+08  0.402E-03  0.680E+08  0.434E-03  0.700E+08  0.481E-03
  0.720E+08  0.447E-03  0.740E+08  0.491E-03  0.760E+08  0.540E-03
  0.780E+08  0.529E-03  0.800E+08  0.560E-03  0.820E+08  0.553E-03
  0.840E+08  0.583E-03  0.860E+08  0.582E-03  0.880E+08  0.547E-03
  0.900E+08  0.579E-03  0.920E+08  0.627E-03  0.940E+08  0.607E-03
  0.960E+08  0.628E-03  0.980E+08  0.614E-03  0.100E+09  0.644E-03
NA25 
         258
           0
          60
  0.121E+08  0.000E+00  0.170E+08  0.329E-12  0.180E+08  0.187E-09
  0.190E+08  0.189E-07  0.200E+08  0.167E-06  0.210E+08  0.138E-05
  0.220E+08  0.446E-05  0.230E+08  0.127E-04  0.240E+08  0.297E-04
  0.250E+08  0.581E-04  0.260E+08  0.868E-04  0.270E+08  0.127E-03
  0.280E+08  0.179E-03  0.290E+08  0.213E-03  0.300E+08  0.249E-03
  0.310E+08  0.309E-03  0.320E+08  0.354E-03  0.330E+08  0.367E-03
  0.340E+08  0.412E-03  0.350E+08  0.418E-03  0.360E+08  0.391E-03
  0.370E+08  0.373E-03  0.380E+08  0.372E-03  0.390E+08  0.364E-03
  0.400E+08  0.333E-03  0.410E+08  0.322E-03  0.420E+08  0.299E-03
  0.430E+08  0.249E-03  0.440E+08  0.237E-03  0.450E+08  0.212E-03
  0.460E+08  0.199E-03  0.470E+08  0.181E-03  0.480E+08  0.172E-03
  0.490E+08  0.156E-03  0.500E+08  0.142E-03  0.520E+08  0.123E-03
  0.540E+08  0.114E-03  0.560E+08  0.134E-03  0.580E+08  0.159E-03
  0.600E+08  0.247E-03  0.620E+08  0.319E-03  0.640E+08  0.499E-03
  0.660E+08  0.719E-03  0.680E+08  0.102E-02  0.700E+08  0.140E-02
  0.720E+08  0.167E-02  0.740E+08  0.207E-02  0.760E+08  0.224E-02
  0.780E+08  0.228E-02  0.800E+08  0.251E-02  0.820E+08  0.266E-02
  0.840E+08  0.280E-02  0.860E+08  0.290E-02  0.880E+08  0.286E-02
  0.900E+08  0.299E-02  0.920E+08  0.289E-02  0.940E+08  0.286E-02
  0.960E+08  0.295E-02  0.980E+08  0.301E-02  0.100E+09  0.320E-02
NA24 
         259
           0
          46
  0.214E+08  0.000E+00  0.310E+08  0.793E-05  0.320E+08  0.372E-04
  0.330E+08  0.748E-04  0.340E+08  0.170E-03  0.350E+08  0.304E-03
  0.360E+08  0.496E-03  0.370E+08  0.779E-03  0.380E+08  0.117E-02
  0.390E+08  0.148E-02  0.400E+08  0.193E-02  0.410E+08  0.222E-02
  0.420E+08  0.255E-02  0.430E+08  0.269E-02  0.440E+08  0.309E-02
  0.450E+08  0.329E-02  0.460E+08  0.326E-02  0.470E+08  0.341E-02
  0.480E+08  0.348E-02  0.490E+08  0.334E-02  0.500E+08  0.305E-02
  0.520E+08  0.300E-02  0.540E+08  0.287E-02  0.560E+08  0.275E-02
  0.580E+08  0.254E-02  0.600E+08  0.231E-02  0.620E+08  0.200E-02
  0.640E+08  0.174E-02  0.660E+08  0.144E-02  0.680E+08  0.147E-02
  0.700E+08  0.163E-02  0.720E+08  0.177E-02  0.740E+08  0.208E-02
  0.760E+08  0.250E-02  0.780E+08  0.283E-02  0.800E+08  0.331E-02
  0.820E+08  0.394E-02  0.840E+08  0.437E-02  0.860E+08  0.535E-02
  0.880E+08  0.633E-02  0.900E+08  0.688E-02  0.920E+08  0.745E-02
  0.940E+08  0.769E-02  0.960E+08  0.792E-02  0.980E+08  0.813E-02
  0.100E+09  0.754E-02
NA23 
         260
           0
          44
  0.286E+08  0.000E+00  0.330E+08  0.167E-15  0.340E+08  0.816E-12
  0.350E+08  0.129E-09  0.360E+08  0.120E-07  0.370E+08  0.128E-06
  0.380E+08  0.176E-05  0.390E+08  0.835E-05  0.400E+08  0.359E-04
  0.410E+08  0.621E-04  0.420E+08  0.142E-03  0.430E+08  0.275E-03
  0.440E+08  0.521E-03  0.450E+08  0.850E-03  0.460E+08  0.113E-02
  0.470E+08  0.149E-02  0.480E+08  0.190E-02  0.490E+08  0.212E-02
  0.500E+08  0.256E-02  0.520E+08  0.345E-02  0.540E+08  0.433E-02
  0.560E+08  0.522E-02  0.580E+08  0.610E-02  0.600E+08  0.699E-02
  0.620E+08  0.787E-02  0.640E+08  0.857E-02  0.660E+08  0.866E-02
  0.680E+08  0.841E-02  0.700E+08  0.801E-02  0.720E+08  0.735E-02
  0.740E+08  0.739E-02  0.760E+08  0.748E-02  0.780E+08  0.707E-02
  0.800E+08  0.708E-02  0.820E+08  0.695E-02  0.840E+08  0.725E-02
  0.860E+08  0.761E-02  0.880E+08  0.867E-02  0.900E+08  0.102E-01
  0.920E+08  0.111E-01  0.940E+08  0.127E-01  0.960E+08  0.141E-01
  0.980E+08  0.154E-01  0.100E+09  0.173E-01
NA22 
         261
           0
          31
  0.414E+08  0.000E+00  0.460E+08  0.595E-18  0.470E+08  0.154E-14
  0.480E+08  0.479E-12  0.490E+08  0.133E-10  0.500E+08  0.247E-08
  0.520E+08  0.361E-06  0.540E+08  0.726E-05  0.560E+08  0.238E-04
  0.580E+08  0.794E-04  0.600E+08  0.173E-03  0.620E+08  0.363E-03
  0.640E+08  0.824E-03  0.660E+08  0.138E-02  0.680E+08  0.225E-02
  0.700E+08  0.299E-02  0.720E+08  0.338E-02  0.740E+08  0.406E-02
  0.760E+08  0.474E-02  0.780E+08  0.527E-02  0.800E+08  0.577E-02
  0.820E+08  0.594E-02  0.840E+08  0.643E-02  0.860E+08  0.640E-02
  0.880E+08  0.588E-02  0.900E+08  0.577E-02  0.920E+08  0.566E-02
  0.940E+08  0.575E-02  0.960E+08  0.597E-02  0.980E+08  0.595E-02
  0.100E+09  0.631E-02
NA21 
         262
           0
          23
  0.528E+08  0.000E+00  0.580E+08  0.100E-18  0.600E+08  0.246E-15
  0.620E+08  0.463E-12  0.640E+08  0.178E-09  0.660E+08  0.612E-08
  0.680E+08  0.115E-06  0.700E+08  0.509E-06  0.720E+08  0.178E-05
  0.740E+08  0.551E-05  0.760E+08  0.100E-04  0.780E+08  0.175E-04
  0.800E+08  0.294E-04  0.820E+08  0.505E-04  0.840E+08  0.773E-04
  0.860E+08  0.772E-04  0.880E+08  0.120E-03  0.900E+08  0.153E-03
  0.920E+08  0.169E-03  0.940E+08  0.205E-03  0.960E+08  0.210E-03
  0.980E+08  0.242E-03  0.100E+09  0.267E-03
NA20 
         263
           0
          13
  0.704E+08  0.000E+00  0.780E+08  0.481E-20  0.800E+08  0.276E-16
  0.820E+08  0.180E-13  0.840E+08  0.156E-11  0.860E+08  0.228E-10
  0.880E+08  0.225E-09  0.900E+08  0.886E-09  0.920E+08  0.259E-08
  0.940E+08  0.548E-08  0.960E+08  0.138E-07  0.980E+08  0.349E-07
  0.100E+09  0.707E-07
NE28 
         275
           0
          16
  0.657E+08  0.000E+00  0.720E+08  0.393E-25  0.740E+08  0.118E-21
  0.760E+08  0.684E-19  0.780E+08  0.803E-18  0.800E+08  0.274E-16
  0.820E+08  0.529E-15  0.840E+08  0.317E-14  0.860E+08  0.217E-13
  0.880E+08  0.656E-13  0.900E+08  0.142E-12  0.920E+08  0.268E-12
  0.940E+08  0.375E-12  0.960E+08  0.714E-12  0.980E+08  0.117E-11
  0.100E+09  0.244E-11
NE27 
         276
           0
          15
  0.686E+08  0.000E+00  0.740E+08  0.907E-22  0.760E+08  0.154E-18
  0.780E+08  0.799E-17  0.800E+08  0.153E-14  0.820E+08  0.134E-13
  0.840E+08  0.148E-12  0.860E+08  0.122E-11  0.880E+08  0.377E-11
  0.900E+08  0.909E-11  0.920E+08  0.123E-10  0.940E+08  0.177E-10
  0.960E+08  0.350E-10  0.980E+08  0.809E-10  0.100E+09  0.121E-09
NE26 
         277
           0
          29
  0.422E+08  0.000E+00  0.480E+08  0.500E-23  0.490E+08  0.259E-20
  0.500E+08  0.540E-17  0.520E+08  0.841E-14  0.540E+08  0.777E-12
  0.560E+08  0.702E-11  0.580E+08  0.472E-10  0.600E+08  0.153E-09
  0.620E+08  0.491E-09  0.640E+08  0.133E-08  0.660E+08  0.312E-08
  0.680E+08  0.659E-08  0.700E+08  0.110E-07  0.720E+08  0.160E-07
  0.740E+08  0.168E-07  0.760E+08  0.216E-07  0.780E+08  0.272E-07
  0.800E+08  0.293E-07  0.820E+08  0.324E-07  0.840E+08  0.388E-07
  0.860E+08  0.419E-07  0.880E+08  0.414E-07  0.900E+08  0.338E-07
  0.920E+08  0.395E-07  0.940E+08  0.496E-07  0.960E+08  0.518E-07
  0.980E+08  0.582E-07  0.100E+09  0.713E-07
NE25 
         278
           0
          26
  0.456E+08  0.000E+00  0.520E+08  0.249E-17  0.540E+08  0.966E-14
  0.560E+08  0.382E-11  0.580E+08  0.163E-09  0.600E+08  0.218E-08
  0.620E+08  0.752E-08  0.640E+08  0.355E-07  0.660E+08  0.114E-06
  0.680E+08  0.382E-06  0.700E+08  0.823E-06  0.720E+08  0.140E-05
  0.740E+08  0.219E-05  0.760E+08  0.280E-05  0.780E+08  0.313E-05
  0.800E+08  0.399E-05  0.820E+08  0.468E-05  0.840E+08  0.691E-05
  0.860E+08  0.835E-05  0.880E+08  0.877E-05  0.900E+08  0.939E-05
  0.920E+08  0.803E-05  0.940E+08  0.750E-05  0.960E+08  0.794E-05
  0.980E+08  0.774E-05  0.100E+09  0.964E-05
NE24 
         279
           0
          48
  0.231E+08  0.000E+00  0.290E+08  0.338E-17  0.300E+08  0.159E-14
  0.310E+08  0.238E-12  0.320E+08  0.175E-10  0.330E+08  0.150E-09
  0.340E+08  0.134E-08  0.350E+08  0.538E-08  0.360E+08  0.210E-07
  0.370E+08  0.652E-07  0.380E+08  0.166E-06  0.390E+08  0.371E-06
  0.400E+08  0.651E-06  0.410E+08  0.114E-05  0.420E+08  0.165E-05
  0.430E+08  0.253E-05  0.440E+08  0.360E-05  0.450E+08  0.528E-05
  0.460E+08  0.629E-05  0.470E+08  0.780E-05  0.480E+08  0.963E-05
  0.490E+08  0.105E-04  0.500E+08  0.125E-04  0.520E+08  0.162E-04
  0.540E+08  0.175E-04  0.560E+08  0.198E-04  0.580E+08  0.196E-04
  0.600E+08  0.176E-04  0.620E+08  0.179E-04  0.640E+08  0.167E-04
  0.660E+08  0.176E-04  0.680E+08  0.162E-04  0.700E+08  0.150E-04
  0.720E+08  0.138E-04  0.740E+08  0.138E-04  0.760E+08  0.140E-04
  0.780E+08  0.165E-04  0.800E+08  0.207E-04  0.820E+08  0.267E-04
  0.840E+08  0.329E-04  0.860E+08  0.457E-04  0.880E+08  0.562E-04
  0.900E+08  0.702E-04  0.920E+08  0.753E-04  0.940E+08  0.821E-04
  0.960E+08  0.929E-04  0.980E+08  0.107E-03  0.100E+09  0.118E-03
NE23 
         280
           0
          41
  0.300E+08  0.000E+00  0.360E+08  0.749E-18  0.370E+08  0.500E-15
  0.380E+08  0.133E-12  0.390E+08  0.260E-10  0.400E+08  0.475E-09
  0.410E+08  0.322E-08  0.420E+08  0.145E-07  0.430E+08  0.551E-07
  0.440E+08  0.199E-06  0.450E+08  0.688E-06  0.460E+08  0.178E-05
  0.470E+08  0.316E-05  0.480E+08  0.624E-05  0.490E+08  0.808E-05
  0.500E+08  0.143E-04  0.520E+08  0.378E-04  0.540E+08  0.707E-04
  0.560E+08  0.116E-03  0.580E+08  0.159E-03  0.600E+08  0.196E-03
  0.620E+08  0.217E-03  0.640E+08  0.237E-03  0.660E+08  0.274E-03
  0.680E+08  0.294E-03  0.700E+08  0.299E-03  0.720E+08  0.290E-03
  0.740E+08  0.305E-03  0.760E+08  0.319E-03  0.780E+08  0.314E-03
  0.800E+08  0.268E-03  0.820E+08  0.280E-03  0.840E+08  0.267E-03
  0.860E+08  0.264E-03  0.880E+08  0.272E-03  0.900E+08  0.280E-03
  0.920E+08  0.315E-03  0.940E+08  0.323E-03  0.960E+08  0.314E-03
  0.980E+08  0.354E-03  0.100E+09  0.378E-03
NE22 
         281
           0
          36
  0.353E+08  0.000E+00  0.410E+08  0.953E-19  0.420E+08  0.161E-15
  0.430E+08  0.252E-13  0.440E+08  0.130E-11  0.450E+08  0.858E-10
  0.460E+08  0.200E-08  0.470E+08  0.147E-07  0.480E+08  0.787E-07
  0.490E+08  0.140E-06  0.500E+08  0.808E-06  0.520E+08  0.109E-04
  0.540E+08  0.616E-04  0.560E+08  0.176E-03  0.580E+08  0.357E-03
  0.600E+08  0.417E-03  0.620E+08  0.613E-03  0.640E+08  0.100E-02
  0.660E+08  0.139E-02  0.680E+08  0.192E-02  0.700E+08  0.231E-02
  0.720E+08  0.288E-02  0.740E+08  0.327E-02  0.760E+08  0.320E-02
  0.780E+08  0.313E-02  0.800E+08  0.326E-02  0.820E+08  0.335E-02
  0.840E+08  0.348E-02  0.860E+08  0.344E-02  0.880E+08  0.369E-02
  0.900E+08  0.350E-02  0.920E+08  0.341E-02  0.940E+08  0.314E-02
  0.960E+08  0.328E-02  0.980E+08  0.337E-02  0.100E+09  0.364E-02
NE21 
         282
           0
          26
  0.460E+08  0.000E+00  0.520E+08  0.451E-19  0.540E+08  0.475E-13
  0.560E+08  0.653E-10  0.580E+08  0.905E-08  0.600E+08  0.792E-07
  0.620E+08  0.643E-06  0.640E+08  0.349E-05  0.660E+08  0.140E-04
  0.680E+08  0.580E-04  0.700E+08  0.174E-03  0.720E+08  0.371E-03
  0.740E+08  0.724E-03  0.760E+08  0.105E-02  0.780E+08  0.138E-02
  0.800E+08  0.182E-02  0.820E+08  0.218E-02  0.840E+08  0.297E-02
  0.860E+08  0.373E-02  0.880E+08  0.462E-02  0.900E+08  0.521E-02
  0.920E+08  0.549E-02  0.940E+08  0.562E-02  0.960E+08  0.580E-02
  0.980E+08  0.576E-02  0.100E+09  0.600E-02
NE20 
         283
           0
          22
  0.530E+08  0.000E+00  0.600E+08  0.177E-15  0.620E+08  0.409E-11
  0.640E+08  0.362E-09  0.660E+08  0.296E-08  0.680E+08  0.133E-06
  0.700E+08  0.180E-05  0.720E+08  0.958E-05  0.740E+08  0.462E-04
  0.760E+08  0.911E-04  0.780E+08  0.177E-03  0.800E+08  0.302E-03
  0.820E+08  0.317E-03  0.840E+08  0.598E-03  0.860E+08  0.113E-02
  0.880E+08  0.156E-02  0.900E+08  0.239E-02  0.920E+08  0.281E-02
  0.940E+08  0.335E-02  0.960E+08  0.406E-02  0.980E+08  0.429E-02
  0.100E+09  0.452E-02
NE19 
         284
           0
          13
  0.704E+08  0.000E+00  0.780E+08  0.702E-21  0.800E+08  0.552E-18
  0.820E+08  0.241E-15  0.840E+08  0.109E-12  0.860E+08  0.780E-11
  0.880E+08  0.132E-09  0.900E+08  0.185E-08  0.920E+08  0.517E-08
  0.940E+08  0.168E-07  0.960E+08  0.519E-07  0.980E+08  0.108E-06
  0.100E+09  0.310E-06
F27  
         467
           0
           3
  0.881E+08  0.000E+00  0.980E+08  0.194E-25  0.100E+09  0.306E-23
F26  
         468
           0
           4
  0.897E+08  0.000E+00  0.960E+08  0.143E-28  0.980E+08  0.153E-24
  0.100E+09  0.187E-21
F25  
         469
           0
          17
  0.623E+08  0.000E+00  0.700E+08  0.915E-24  0.720E+08  0.371E-20
  0.740E+08  0.575E-17  0.760E+08  0.335E-15  0.780E+08  0.242E-14
  0.800E+08  0.227E-13  0.820E+08  0.196E-12  0.840E+08  0.726E-12
  0.860E+08  0.408E-11  0.880E+08  0.125E-10  0.900E+08  0.276E-10
  0.920E+08  0.546E-10  0.940E+08  0.746E-10  0.960E+08  0.116E-09
  0.980E+08  0.180E-09  0.100E+09  0.235E-09
F24  
         470
           0
          16
  0.644E+08  0.000E+00  0.720E+08  0.298E-23  0.740E+08  0.384E-18
  0.760E+08  0.984E-15  0.780E+08  0.210E-13  0.800E+08  0.836E-12
  0.820E+08  0.956E-11  0.840E+08  0.533E-10  0.860E+08  0.409E-09
  0.880E+08  0.974E-09  0.900E+08  0.252E-08  0.920E+08  0.608E-08
  0.940E+08  0.104E-07  0.960E+08  0.181E-07  0.980E+08  0.292E-07
  0.100E+09  0.517E-07
F23  
         471
           0
          29
  0.402E+08  0.000E+00  0.480E+08  0.169E-19  0.490E+08  0.570E-18
  0.500E+08  0.194E-15  0.520E+08  0.360E-12  0.540E+08  0.272E-10
  0.560E+08  0.283E-09  0.580E+08  0.159E-08  0.600E+08  0.562E-08
  0.620E+08  0.128E-07  0.640E+08  0.342E-07  0.660E+08  0.805E-07
  0.680E+08  0.165E-06  0.700E+08  0.295E-06  0.720E+08  0.417E-06
  0.740E+08  0.554E-06  0.760E+08  0.715E-06  0.780E+08  0.737E-06
  0.800E+08  0.869E-06  0.820E+08  0.102E-05  0.840E+08  0.107E-05
  0.860E+08  0.117E-05  0.880E+08  0.115E-05  0.900E+08  0.122E-05
  0.920E+08  0.115E-05  0.940E+08  0.113E-05  0.960E+08  0.119E-05
  0.980E+08  0.132E-05  0.100E+09  0.145E-05
F22  
         472
           0
          25
  0.457E+08  0.000E+00  0.540E+08  0.870E-17  0.560E+08  0.482E-13
  0.580E+08  0.475E-11  0.600E+08  0.266E-09  0.620E+08  0.280E-08
  0.640E+08  0.272E-07  0.660E+08  0.124E-06  0.680E+08  0.513E-06
  0.700E+08  0.147E-05  0.720E+08  0.311E-05  0.740E+08  0.495E-05
  0.760E+08  0.815E-05  0.780E+08  0.106E-04  0.800E+08  0.155E-04
  0.820E+08  0.207E-04  0.840E+08  0.272E-04  0.860E+08  0.359E-04
  0.880E+08  0.379E-04  0.900E+08  0.374E-04  0.920E+08  0.409E-04
  0.940E+08  0.404E-04  0.960E+08  0.485E-04  0.980E+08  0.499E-04
  0.100E+09  0.547E-04
F21  
         473
           0
          46
  0.242E+08  0.000E+00  0.310E+08  0.169E-20  0.320E+08  0.379E-16
  0.330E+08  0.268E-14  0.340E+08  0.182E-12  0.350E+08  0.266E-11
  0.360E+08  0.230E-10  0.370E+08  0.379E-09  0.380E+08  0.234E-08
  0.390E+08  0.935E-08  0.400E+08  0.308E-07  0.410E+08  0.822E-07
  0.420E+08  0.127E-06  0.430E+08  0.297E-06  0.440E+08  0.543E-06
  0.450E+08  0.960E-06  0.460E+08  0.126E-05  0.470E+08  0.180E-05
  0.480E+08  0.250E-05  0.490E+08  0.286E-05  0.500E+08  0.411E-05
  0.520E+08  0.563E-05  0.540E+08  0.665E-05  0.560E+08  0.896E-05
  0.580E+08  0.102E-04  0.600E+08  0.924E-05  0.620E+08  0.949E-05
  0.640E+08  0.871E-05  0.660E+08  0.859E-05  0.680E+08  0.868E-05
  0.700E+08  0.772E-05  0.720E+08  0.756E-05  0.740E+08  0.816E-05
  0.760E+08  0.900E-05  0.780E+08  0.106E-04  0.800E+08  0.141E-04
  0.820E+08  0.207E-04  0.840E+08  0.289E-04  0.860E+08  0.479E-04
  0.880E+08  0.696E-04  0.900E+08  0.928E-04  0.920E+08  0.114E-03
  0.940E+08  0.127E-03  0.960E+08  0.154E-03  0.980E+08  0.175E-03
  0.100E+09  0.191E-03
F20  
         474
           0
          37
  0.326E+08  0.000E+00  0.400E+08  0.109E-17  0.410E+08  0.509E-15
  0.420E+08  0.326E-13  0.430E+08  0.221E-11  0.440E+08  0.783E-10
  0.450E+08  0.131E-08  0.460E+08  0.432E-08  0.470E+08  0.222E-07
  0.480E+08  0.965E-07  0.490E+08  0.194E-06  0.500E+08  0.107E-05
  0.520E+08  0.379E-05  0.540E+08  0.131E-04  0.560E+08  0.330E-04
  0.580E+08  0.453E-04  0.600E+08  0.688E-04  0.620E+08  0.940E-04
  0.640E+08  0.129E-03  0.660E+08  0.186E-03  0.680E+08  0.205E-03
  0.700E+08  0.226E-03  0.720E+08  0.243E-03  0.740E+08  0.237E-03
  0.760E+08  0.247E-03  0.780E+08  0.233E-03  0.800E+08  0.237E-03
  0.820E+08  0.239E-03  0.840E+08  0.217E-03  0.860E+08  0.216E-03
  0.880E+08  0.222E-03  0.900E+08  0.191E-03  0.920E+08  0.209E-03
  0.940E+08  0.214E-03  0.960E+08  0.252E-03  0.980E+08  0.292E-03
  0.100E+09  0.352E-03
F19  
         475
           0
          30
  0.394E+08  0.000E+00  0.470E+08  0.250E-18  0.480E+08  0.175E-15
  0.490E+08  0.198E-14  0.500E+08  0.138E-11  0.520E+08  0.349E-09
  0.540E+08  0.994E-08  0.560E+08  0.270E-06  0.580E+08  0.136E-05
  0.600E+08  0.428E-05  0.620E+08  0.108E-04  0.640E+08  0.234E-04
  0.660E+08  0.619E-04  0.680E+08  0.107E-03  0.700E+08  0.155E-03
  0.720E+08  0.230E-03  0.740E+08  0.302E-03  0.760E+08  0.370E-03
  0.780E+08  0.414E-03  0.800E+08  0.445E-03  0.820E+08  0.508E-03
  0.840E+08  0.541E-03  0.860E+08  0.556E-03  0.880E+08  0.554E-03
  0.900E+08  0.539E-03  0.920E+08  0.541E-03  0.940E+08  0.546E-03
  0.960E+08  0.568E-03  0.980E+08  0.547E-03  0.100E+09  0.543E-03
F18  
         476
           0
          23
  0.501E+08  0.000E+00  0.580E+08  0.560E-19  0.600E+08  0.577E-16
  0.620E+08  0.904E-13  0.640E+08  0.459E-10  0.660E+08  0.232E-08
  0.680E+08  0.644E-07  0.700E+08  0.707E-06  0.720E+08  0.286E-05
  0.740E+08  0.606E-05  0.760E+08  0.127E-04  0.780E+08  0.232E-04
  0.800E+08  0.450E-04  0.820E+08  0.806E-04  0.840E+08  0.159E-03
  0.860E+08  0.232E-03  0.880E+08  0.350E-03  0.900E+08  0.382E-03
  0.920E+08  0.438E-03  0.940E+08  0.536E-03  0.960E+08  0.615E-03
  0.980E+08  0.717E-03  0.100E+09  0.855E-03
O24  
         575
           0
           8
  0.794E+08  0.000E+00  0.880E+08  0.344E-31  0.900E+08  0.332E-26
  0.920E+08  0.542E-23  0.940E+08  0.153E-21  0.960E+08  0.115E-19
  0.980E+08  0.393E-18  0.100E+09  0.187E-17
O23  
         576
           0
           8
  0.805E+08  0.000E+00  0.880E+08  0.277E-29  0.900E+08  0.397E-24
  0.920E+08  0.652E-21  0.940E+08  0.193E-19  0.960E+08  0.295E-17
  0.980E+08  0.831E-17  0.100E+09  0.167E-15
O22  
         577
           0
          20
  0.540E+08  0.000E+00  0.640E+08  0.301E-23  0.660E+08  0.289E-19
  0.680E+08  0.128E-16  0.700E+08  0.240E-14  0.720E+08  0.545E-13
  0.740E+08  0.101E-11  0.760E+08  0.644E-11  0.780E+08  0.122E-10
  0.800E+08  0.384E-10  0.820E+08  0.920E-10  0.840E+08  0.202E-09
  0.860E+08  0.560E-09  0.880E+08  0.114E-08  0.900E+08  0.198E-08
  0.920E+08  0.301E-08  0.940E+08  0.325E-08  0.960E+08  0.411E-08
  0.980E+08  0.509E-08  0.100E+09  0.631E-08
O21  
         578
           0
          18
  0.587E+08  0.000E+00  0.680E+08  0.562E-22  0.700E+08  0.405E-18
  0.720E+08  0.462E-15  0.740E+08  0.659E-13  0.760E+08  0.310E-11
  0.780E+08  0.200E-10  0.800E+08  0.138E-09  0.820E+08  0.696E-09
  0.840E+08  0.228E-08  0.860E+08  0.806E-08  0.880E+08  0.195E-07
  0.900E+08  0.397E-07  0.920E+08  0.761E-07  0.940E+08  0.109E-06
  0.960E+08  0.175E-06  0.980E+08  0.254E-06  0.100E+09  0.351E-06
O20  
         579
           0
          33
  0.357E+08  0.000E+00  0.440E+08  0.223E-23  0.450E+08  0.134E-19
  0.460E+08  0.827E-18  0.470E+08  0.289E-16  0.480E+08  0.938E-15
  0.490E+08  0.928E-14  0.500E+08  0.207E-12  0.520E+08  0.169E-10
  0.540E+08  0.199E-09  0.560E+08  0.993E-09  0.580E+08  0.421E-08
  0.600E+08  0.143E-07  0.620E+08  0.267E-07  0.640E+08  0.596E-07
  0.660E+08  0.121E-06  0.680E+08  0.201E-06  0.700E+08  0.332E-06
  0.720E+08  0.405E-06  0.740E+08  0.520E-06  0.760E+08  0.623E-06
  0.780E+08  0.682E-06  0.800E+08  0.770E-06  0.820E+08  0.804E-06
  0.840E+08  0.819E-06  0.860E+08  0.928E-06  0.880E+08  0.793E-06
  0.900E+08  0.800E-06  0.920E+08  0.763E-06  0.940E+08  0.776E-06
  0.960E+08  0.907E-06  0.980E+08  0.992E-06  0.100E+09  0.120E-05
O19  
         580
           0
          27
  0.412E+08  0.000E+00  0.500E+08  0.310E-21  0.520E+08  0.951E-17
  0.540E+08  0.216E-13  0.560E+08  0.464E-11  0.580E+08  0.176E-09
  0.600E+08  0.151E-08  0.620E+08  0.112E-07  0.640E+08  0.738E-07
  0.660E+08  0.205E-06  0.680E+08  0.441E-06  0.700E+08  0.107E-05
  0.720E+08  0.219E-05  0.740E+08  0.398E-05  0.760E+08  0.601E-05
  0.780E+08  0.727E-05  0.800E+08  0.967E-05  0.820E+08  0.116E-04
  0.840E+08  0.126E-04  0.860E+08  0.136E-04  0.880E+08  0.171E-04
  0.900E+08  0.182E-04  0.920E+08  0.213E-04  0.940E+08  0.204E-04
  0.960E+08  0.219E-04  0.980E+08  0.219E-04  0.100E+09  0.217E-04
O18  
         581
           0
          25
  0.453E+08  0.000E+00  0.540E+08  0.501E-22  0.560E+08  0.135E-16
  0.580E+08  0.235E-13  0.600E+08  0.111E-11  0.620E+08  0.584E-10
  0.640E+08  0.225E-08  0.660E+08  0.139E-07  0.680E+08  0.981E-07
  0.700E+08  0.397E-06  0.720E+08  0.103E-05  0.740E+08  0.261E-05
  0.760E+08  0.511E-05  0.780E+08  0.792E-05  0.800E+08  0.138E-04
  0.820E+08  0.198E-04  0.840E+08  0.311E-04  0.860E+08  0.465E-04
  0.880E+08  0.608E-04  0.900E+08  0.786E-04  0.920E+08  0.925E-04
  0.940E+08  0.101E-03  0.960E+08  0.121E-03  0.980E+08  0.131E-03
  0.100E+09  0.146E-03
O17  
         582
           0
          20
  0.536E+08  0.000E+00  0.640E+08  0.852E-18  0.660E+08  0.799E-15
  0.680E+08  0.267E-12  0.700E+08  0.342E-10  0.720E+08  0.178E-08
  0.740E+08  0.271E-07  0.760E+08  0.123E-06  0.780E+08  0.579E-06
  0.800E+08  0.164E-05  0.820E+08  0.426E-05  0.840E+08  0.125E-04
  0.860E+08  0.197E-04  0.880E+08  0.425E-04  0.900E+08  0.744E-04
  0.920E+08  0.116E-03  0.940E+08  0.166E-03  0.960E+08  0.217E-03
  0.980E+08  0.289E-03  0.100E+09  0.385E-03
N21  
         875
           0
           9
  0.757E+08  0.000E+00  0.860E+08  0.954E-29  0.880E+08  0.330E-24
  0.900E+08  0.618E-22  0.920E+08  0.122E-19  0.940E+08  0.147E-18
  0.960E+08  0.428E-17  0.980E+08  0.728E-16  0.100E+09  0.390E-15
N20  
         876
           0
           7
  0.806E+08  0.000E+00  0.900E+08  0.299E-29  0.920E+08  0.124E-23
  0.940E+08  0.136E-21  0.960E+08  0.131E-19  0.980E+08  0.234E-17
  0.100E+09  0.142E-15
N19  
         877
           0
          19
  0.556E+08  0.000E+00  0.660E+08  0.207E-26  0.680E+08  0.577E-22
  0.700E+08  0.658E-18  0.720E+08  0.198E-15  0.740E+08  0.148E-13
  0.760E+08  0.391E-12  0.780E+08  0.580E-12  0.800E+08  0.408E-11
  0.820E+08  0.150E-10  0.840E+08  0.525E-10  0.860E+08  0.235E-09
  0.880E+08  0.582E-09  0.900E+08  0.130E-08  0.920E+08  0.244E-08
  0.940E+08  0.267E-08  0.960E+08  0.414E-08  0.980E+08  0.486E-08
  0.100E+09  0.735E-08
N18  
         878
           0
          17
  0.588E+08  0.000E+00  0.700E+08  0.299E-22  0.720E+08  0.197E-17
  0.740E+08  0.113E-14  0.760E+08  0.129E-12  0.780E+08  0.171E-11
  0.800E+08  0.184E-10  0.820E+08  0.153E-09  0.840E+08  0.584E-09
  0.860E+08  0.387E-08  0.880E+08  0.134E-07  0.900E+08  0.337E-07
  0.920E+08  0.681E-07  0.940E+08  0.102E-06  0.960E+08  0.177E-06
  0.980E+08  0.277E-06  0.100E+09  0.339E-06
N17  
         879
           0
          33
  0.349E+08  0.000E+00  0.440E+08  0.192E-26  0.450E+08  0.438E-22
  0.460E+08  0.473E-20  0.470E+08  0.564E-18  0.480E+08  0.136E-16
  0.490E+08  0.177E-15  0.500E+08  0.378E-14  0.520E+08  0.462E-12
  0.540E+08  0.137E-10  0.560E+08  0.189E-09  0.580E+08  0.130E-08
  0.600E+08  0.494E-08  0.620E+08  0.158E-07  0.640E+08  0.356E-07
  0.660E+08  0.738E-07  0.680E+08  0.112E-06  0.700E+08  0.149E-06
  0.720E+08  0.222E-06  0.740E+08  0.303E-06  0.760E+08  0.402E-06
  0.780E+08  0.450E-06  0.800E+08  0.480E-06  0.820E+08  0.476E-06
  0.840E+08  0.502E-06  0.860E+08  0.494E-06  0.880E+08  0.444E-06
  0.900E+08  0.487E-06  0.920E+08  0.532E-06  0.940E+08  0.561E-06
  0.960E+08  0.605E-06  0.980E+08  0.723E-06  0.100E+09  0.917E-06
N16  
         880
           0
          26
  0.409E+08  0.000E+00  0.520E+08  0.269E-19  0.540E+08  0.137E-15
  0.560E+08  0.437E-12  0.580E+08  0.256E-10  0.600E+08  0.468E-09
  0.620E+08  0.455E-08  0.640E+08  0.223E-07  0.660E+08  0.190E-06
  0.680E+08  0.596E-06  0.700E+08  0.103E-05  0.720E+08  0.310E-05
  0.740E+08  0.478E-05  0.760E+08  0.903E-05  0.780E+08  0.122E-04
  0.800E+08  0.139E-04  0.820E+08  0.184E-04  0.840E+08  0.220E-04
  0.860E+08  0.212E-04  0.880E+08  0.246E-04  0.900E+08  0.269E-04
  0.920E+08  0.234E-04  0.940E+08  0.327E-04  0.960E+08  0.332E-04
  0.980E+08  0.334E-04  0.100E+09  0.334E-04
