         101
TI49 
          16
           0
          69
  0.112E+08  0.000E+00  0.115E+08  0.894E-02  0.120E+08  0.111E+00
  0.125E+08  0.276E+00  0.130E+08  0.417E+00  0.135E+08  0.588E+00
  0.140E+08  0.731E+00  0.145E+08  0.843E+00  0.150E+08  0.928E+00
  0.160E+08  0.103E+01  0.170E+08  0.108E+01  0.180E+08  0.111E+01
  0.190E+08  0.111E+01  0.200E+08  0.110E+01  0.210E+08  0.108E+01
  0.220E+08  0.101E+01  0.230E+08  0.888E+00  0.240E+08  0.722E+00
  0.250E+08  0.598E+00  0.260E+08  0.511E+00  0.270E+08  0.426E+00
  0.280E+08  0.361E+00  0.290E+08  0.320E+00  0.300E+08  0.280E+00
  0.310E+08  0.245E+00  0.320E+08  0.230E+00  0.330E+08  0.211E+00
  0.340E+08  0.190E+00  0.350E+08  0.178E+00  0.360E+08  0.170E+00
  0.370E+08  0.161E+00  0.380E+08  0.154E+00  0.390E+08  0.151E+00
  0.400E+08  0.143E+00  0.410E+08  0.138E+00  0.420E+08  0.135E+00
  0.430E+08  0.132E+00  0.440E+08  0.125E+00  0.450E+08  0.121E+00
  0.460E+08  0.118E+00  0.470E+08  0.115E+00  0.480E+08  0.112E+00
  0.490E+08  0.110E+00  0.500E+08  0.107E+00  0.520E+08  0.103E+00
  0.540E+08  0.979E-01  0.560E+08  0.932E-01  0.580E+08  0.861E-01
  0.600E+08  0.826E-01  0.620E+08  0.793E-01  0.640E+08  0.772E-01
  0.660E+08  0.742E-01  0.680E+08  0.723E-01  0.700E+08  0.703E-01
  0.720E+08  0.684E-01  0.740E+08  0.664E-01  0.760E+08  0.644E-01
  0.780E+08  0.623E-01  0.800E+08  0.603E-01  0.820E+08  0.584E-01
  0.840E+08  0.558E-01  0.860E+08  0.531E-01  0.880E+08  0.513E-01
  0.900E+08  0.499E-01  0.920E+08  0.484E-01  0.940E+08  0.476E-01
  0.960E+08  0.467E-01  0.980E+08  0.459E-01  0.100E+09  0.451E-01
TI48 
          17
           0
          56
  0.195E+08  0.000E+00  0.210E+08  0.210E-01  0.220E+08  0.708E-01
  0.230E+08  0.171E+00  0.240E+08  0.314E+00  0.250E+08  0.414E+00
  0.260E+08  0.476E+00  0.270E+08  0.539E+00  0.280E+08  0.584E+00
  0.290E+08  0.600E+00  0.300E+08  0.619E+00  0.310E+08  0.634E+00
  0.320E+08  0.628E+00  0.330E+08  0.624E+00  0.340E+08  0.621E+00
  0.350E+08  0.607E+00  0.360E+08  0.588E+00  0.370E+08  0.555E+00
  0.380E+08  0.523E+00  0.390E+08  0.491E+00  0.400E+08  0.455E+00
  0.410E+08  0.426E+00  0.420E+08  0.398E+00  0.430E+08  0.369E+00
  0.440E+08  0.341E+00  0.450E+08  0.316E+00  0.460E+08  0.299E+00
  0.470E+08  0.273E+00  0.480E+08  0.255E+00  0.490E+08  0.245E+00
  0.500E+08  0.225E+00  0.520E+08  0.199E+00  0.540E+08  0.182E+00
  0.560E+08  0.166E+00  0.580E+08  0.155E+00  0.600E+08  0.149E+00
  0.620E+08  0.143E+00  0.640E+08  0.135E+00  0.660E+08  0.128E+00
  0.680E+08  0.123E+00  0.700E+08  0.120E+00  0.720E+08  0.117E+00
  0.740E+08  0.111E+00  0.760E+08  0.106E+00  0.780E+08  0.100E+00
  0.800E+08  0.947E-01  0.820E+08  0.891E-01  0.840E+08  0.864E-01
  0.860E+08  0.847E-01  0.880E+08  0.830E-01  0.900E+08  0.812E-01
  0.920E+08  0.795E-01  0.940E+08  0.771E-01  0.960E+08  0.748E-01
  0.980E+08  0.725E-01  0.100E+09  0.701E-01
TI47 
          37
           0
          44
  0.313E+08  0.000E+00  0.330E+08  0.932E-04  0.340E+08  0.190E-02
  0.350E+08  0.763E-02  0.360E+08  0.162E-01  0.370E+08  0.382E-01
  0.380E+08  0.605E-01  0.390E+08  0.782E-01  0.400E+08  0.102E+00
  0.410E+08  0.123E+00  0.420E+08  0.136E+00  0.430E+08  0.153E+00
  0.440E+08  0.174E+00  0.450E+08  0.186E+00  0.460E+08  0.191E+00
  0.470E+08  0.206E+00  0.480E+08  0.210E+00  0.490E+08  0.203E+00
  0.500E+08  0.200E+00  0.520E+08  0.194E+00  0.540E+08  0.188E+00
  0.560E+08  0.182E+00  0.580E+08  0.172E+00  0.600E+08  0.160E+00
  0.620E+08  0.151E+00  0.640E+08  0.142E+00  0.660E+08  0.125E+00
  0.680E+08  0.116E+00  0.700E+08  0.104E+00  0.720E+08  0.962E-01
  0.740E+08  0.891E-01  0.760E+08  0.881E-01  0.780E+08  0.826E-01
  0.800E+08  0.796E-01  0.820E+08  0.767E-01  0.840E+08  0.737E-01
  0.860E+08  0.705E-01  0.880E+08  0.673E-01  0.900E+08  0.648E-01
  0.920E+08  0.608E-01  0.940E+08  0.568E-01  0.960E+08  0.521E-01
  0.980E+08  0.506E-01  0.100E+09  0.491E-01
SC50 
         103
           0
          76
  0.623E+07  0.000E+00  0.800E+07  0.461E-05  0.850E+07  0.665E-04
  0.900E+07  0.257E-03  0.950E+07  0.655E-03  0.100E+08  0.129E-02
  0.105E+08  0.218E-02  0.110E+08  0.328E-02  0.115E+08  0.439E-02
  0.120E+08  0.585E-02  0.125E+08  0.725E-02  0.130E+08  0.850E-02
  0.135E+08  0.105E-01  0.140E+08  0.124E-01  0.145E+08  0.142E-01
  0.150E+08  0.159E-01  0.160E+08  0.181E-01  0.170E+08  0.185E-01
  0.180E+08  0.189E-01  0.190E+08  0.185E-01  0.200E+08  0.183E-01
  0.210E+08  0.181E-01  0.220E+08  0.179E-01  0.230E+08  0.177E-01
  0.240E+08  0.175E-01  0.250E+08  0.173E-01  0.260E+08  0.171E-01
  0.270E+08  0.169E-01  0.280E+08  0.168E-01  0.290E+08  0.166E-01
  0.300E+08  0.164E-01  0.310E+08  0.162E-01  0.320E+08  0.160E-01
  0.330E+08  0.158E-01  0.340E+08  0.156E-01  0.350E+08  0.154E-01
  0.360E+08  0.152E-01  0.370E+08  0.150E-01  0.380E+08  0.148E-01
  0.390E+08  0.144E-01  0.400E+08  0.142E-01  0.410E+08  0.140E-01
  0.420E+08  0.138E-01  0.430E+08  0.137E-01  0.440E+08  0.134E-01
  0.450E+08  0.132E-01  0.460E+08  0.127E-01  0.470E+08  0.124E-01
  0.480E+08  0.121E-01  0.490E+08  0.121E-01  0.500E+08  0.120E-01
  0.520E+08  0.117E-01  0.540E+08  0.115E-01  0.560E+08  0.112E-01
  0.580E+08  0.109E-01  0.600E+08  0.106E-01  0.620E+08  0.103E-01
  0.640E+08  0.990E-02  0.660E+08  0.955E-02  0.680E+08  0.920E-02
  0.700E+08  0.890E-02  0.720E+08  0.860E-02  0.740E+08  0.830E-02
  0.760E+08  0.805E-02  0.780E+08  0.775E-02  0.800E+08  0.750E-02
  0.820E+08  0.725E-02  0.840E+08  0.722E-02  0.860E+08  0.718E-02
  0.880E+08  0.715E-02  0.900E+08  0.695E-02  0.920E+08  0.675E-02
  0.940E+08  0.655E-02  0.960E+08  0.635E-02  0.980E+08  0.615E-02
  0.100E+09  0.600E-02
CA49 
         111
           0
          58
  0.170E+08  0.000E+00  0.190E+08  0.206E-03  0.200E+08  0.556E-03
  0.210E+08  0.815E-03  0.220E+08  0.103E-02  0.230E+08  0.130E-02
  0.240E+08  0.158E-02  0.250E+08  0.186E-02  0.260E+08  0.216E-02
  0.270E+08  0.247E-02  0.280E+08  0.279E-02  0.290E+08  0.304E-02
  0.300E+08  0.339E-02  0.310E+08  0.370E-02  0.320E+08  0.406E-02
  0.330E+08  0.443E-02  0.340E+08  0.479E-02  0.350E+08  0.510E-02
  0.360E+08  0.530E-02  0.370E+08  0.547E-02  0.380E+08  0.552E-02
  0.390E+08  0.542E-02  0.400E+08  0.540E-02  0.410E+08  0.542E-02
  0.420E+08  0.539E-02  0.430E+08  0.535E-02  0.440E+08  0.531E-02
  0.450E+08  0.524E-02  0.460E+08  0.519E-02  0.470E+08  0.531E-02
  0.480E+08  0.525E-02  0.490E+08  0.495E-02  0.500E+08  0.465E-02
  0.520E+08  0.459E-02  0.540E+08  0.453E-02  0.560E+08  0.447E-02
  0.580E+08  0.441E-02  0.600E+08  0.433E-02  0.620E+08  0.445E-02
  0.640E+08  0.441E-02  0.660E+08  0.470E-02  0.680E+08  0.466E-02
  0.700E+08  0.433E-02  0.720E+08  0.428E-02  0.740E+08  0.423E-02
  0.760E+08  0.418E-02  0.780E+08  0.414E-02  0.800E+08  0.409E-02
  0.820E+08  0.405E-02  0.840E+08  0.400E-02  0.860E+08  0.396E-02
  0.880E+08  0.391E-02  0.900E+08  0.402E-02  0.920E+08  0.428E-02
  0.940E+08  0.424E-02  0.960E+08  0.394E-02  0.980E+08  0.390E-02
  0.100E+09  0.386E-02
TI46 
         121
           0
          35
  0.404E+08  0.000E+00  0.420E+08  0.466E-06  0.430E+08  0.180E-04
  0.440E+08  0.219E-03  0.450E+08  0.857E-03  0.460E+08  0.240E-02
  0.470E+08  0.501E-02  0.480E+08  0.901E-02  0.490E+08  0.149E-01
  0.500E+08  0.209E-01  0.520E+08  0.329E-01  0.540E+08  0.400E-01
  0.560E+08  0.556E-01  0.580E+08  0.664E-01  0.600E+08  0.734E-01
  0.620E+08  0.805E-01  0.640E+08  0.855E-01  0.660E+08  0.956E-01
  0.680E+08  0.974E-01  0.700E+08  0.985E-01  0.720E+08  0.997E-01
  0.740E+08  0.987E-01  0.760E+08  0.921E-01  0.780E+08  0.887E-01
  0.800E+08  0.854E-01  0.820E+08  0.821E-01  0.840E+08  0.802E-01
  0.860E+08  0.782E-01  0.880E+08  0.755E-01  0.900E+08  0.739E-01
  0.920E+08  0.722E-01  0.940E+08  0.703E-01  0.960E+08  0.672E-01
  0.980E+08  0.642E-01  0.100E+09  0.611E-01
TI45 
         122
           0
          24
  0.538E+08  0.000E+00  0.560E+08  0.476E-07  0.580E+08  0.382E-05
  0.600E+08  0.123E-04  0.620E+08  0.817E-04  0.640E+08  0.230E-03
  0.660E+08  0.510E-03  0.680E+08  0.916E-03  0.700E+08  0.165E-02
  0.720E+08  0.239E-02  0.740E+08  0.377E-02  0.760E+08  0.516E-02
  0.780E+08  0.654E-02  0.800E+08  0.731E-02  0.820E+08  0.765E-02
  0.840E+08  0.800E-02  0.860E+08  0.789E-02  0.880E+08  0.777E-02
  0.900E+08  0.766E-02  0.920E+08  0.738E-02  0.940E+08  0.709E-02
  0.960E+08  0.676E-02  0.980E+08  0.759E-02  0.100E+09  0.794E-02
TI44 
         123
           0
          19
  0.636E+08  0.000E+00  0.660E+08  0.268E-11  0.680E+08  0.153E-08
  0.700E+08  0.746E-07  0.720E+08  0.815E-06  0.740E+08  0.836E-05
  0.760E+08  0.186E-04  0.780E+08  0.512E-04  0.800E+08  0.872E-04
  0.820E+08  0.133E-03  0.840E+08  0.188E-03  0.860E+08  0.187E-03
  0.880E+08  0.279E-03  0.900E+08  0.155E-03  0.920E+08  0.326E-03
  0.940E+08  0.357E-03  0.960E+08  0.350E-03  0.980E+08  0.443E-03
  0.100E+09  0.438E-03
TI43 
         124
           0
          10
  0.802E+08  0.000E+00  0.840E+08  0.101E-14  0.860E+08  0.119E-13
  0.880E+08  0.402E-11  0.900E+08  0.220E-10  0.920E+08  0.282E-09
  0.940E+08  0.102E-08  0.960E+08  0.305E-08  0.980E+08  0.167E-07
  0.100E+09  0.259E-07
TI42 
         125
           0
           4
  0.927E+08  0.000E+00  0.960E+08  0.760E-24  0.980E+08  0.261E-18
  0.100E+09  0.490E-17
SC49 
         153
           0
          68
  0.101E+08  0.000E+00  0.120E+08  0.112E-06  0.125E+08  0.194E-05
  0.130E+08  0.117E-04  0.135E+08  0.424E-04  0.140E+08  0.106E-03
  0.145E+08  0.388E-02  0.150E+08  0.532E-02  0.160E+08  0.971E-02
  0.170E+08  0.167E-01  0.180E+08  0.244E-01  0.190E+08  0.348E-01
  0.200E+08  0.476E-01  0.210E+08  0.595E-01  0.220E+08  0.722E-01
  0.230E+08  0.840E-01  0.240E+08  0.976E-01  0.250E+08  0.110E+00
  0.260E+08  0.120E+00  0.270E+08  0.130E+00  0.280E+08  0.136E+00
  0.290E+08  0.141E+00  0.300E+08  0.143E+00  0.310E+08  0.143E+00
  0.320E+08  0.144E+00  0.330E+08  0.140E+00  0.340E+08  0.138E+00
  0.350E+08  0.136E+00  0.360E+08  0.134E+00  0.370E+08  0.132E+00
  0.380E+08  0.130E+00  0.390E+08  0.128E+00  0.400E+08  0.125E+00
  0.410E+08  0.122E+00  0.420E+08  0.120E+00  0.430E+08  0.118E+00
  0.440E+08  0.115E+00  0.450E+08  0.113E+00  0.460E+08  0.112E+00
  0.470E+08  0.110E+00  0.480E+08  0.108E+00  0.490E+08  0.105E+00
  0.500E+08  0.101E+00  0.520E+08  0.979E-01  0.540E+08  0.961E-01
  0.560E+08  0.945E-01  0.580E+08  0.930E-01  0.600E+08  0.916E-01
  0.620E+08  0.895E-01  0.640E+08  0.877E-01  0.660E+08  0.864E-01
  0.680E+08  0.852E-01  0.700E+08  0.839E-01  0.720E+08  0.820E-01
  0.740E+08  0.800E-01  0.760E+08  0.786E-01  0.780E+08  0.778E-01
  0.800E+08  0.771E-01  0.820E+08  0.763E-01  0.840E+08  0.755E-01
  0.860E+08  0.743E-01  0.880E+08  0.731E-01  0.900E+08  0.725E-01
  0.920E+08  0.718E-01  0.940E+08  0.712E-01  0.960E+08  0.701E-01
  0.980E+08  0.686E-01  0.100E+09  0.676E-01
SC48 
         154
           0
          54
  0.205E+08  0.000E+00  0.230E+08  0.486E-07  0.240E+08  0.180E-03
  0.250E+08  0.842E-03  0.260E+08  0.219E-02  0.270E+08  0.502E-02
  0.280E+08  0.959E-02  0.290E+08  0.176E-01  0.300E+08  0.288E-01
  0.310E+08  0.419E-01  0.320E+08  0.529E-01  0.330E+08  0.687E-01
  0.340E+08  0.839E-01  0.350E+08  0.964E-01  0.360E+08  0.107E+00
  0.370E+08  0.117E+00  0.380E+08  0.125E+00  0.390E+08  0.132E+00
  0.400E+08  0.140E+00  0.410E+08  0.143E+00  0.420E+08  0.144E+00
  0.430E+08  0.145E+00  0.440E+08  0.145E+00  0.450E+08  0.146E+00
  0.460E+08  0.145E+00  0.470E+08  0.144E+00  0.480E+08  0.143E+00
  0.490E+08  0.142E+00  0.500E+08  0.142E+00  0.520E+08  0.140E+00
  0.540E+08  0.139E+00  0.560E+08  0.137E+00  0.580E+08  0.132E+00
  0.600E+08  0.125E+00  0.620E+08  0.112E+00  0.640E+08  0.107E+00
  0.660E+08  0.986E-01  0.680E+08  0.943E-01  0.700E+08  0.907E-01
  0.720E+08  0.882E-01  0.740E+08  0.858E-01  0.760E+08  0.840E-01
  0.780E+08  0.823E-01  0.800E+08  0.805E-01  0.820E+08  0.787E-01
  0.840E+08  0.770E-01  0.860E+08  0.752E-01  0.880E+08  0.735E-01
  0.900E+08  0.717E-01  0.920E+08  0.706E-01  0.940E+08  0.692E-01
  0.960E+08  0.681E-01  0.980E+08  0.672E-01  0.100E+09  0.700E-01
SC47 
         155
           0
          46
  0.289E+08  0.000E+00  0.310E+08  0.166E-11  0.320E+08  0.260E-05
  0.330E+08  0.658E-04  0.340E+08  0.378E-03  0.350E+08  0.113E-02
  0.360E+08  0.245E-02  0.370E+08  0.555E-02  0.380E+08  0.926E-02
  0.390E+08  0.143E-01  0.400E+08  0.198E-01  0.410E+08  0.285E-01
  0.420E+08  0.359E-01  0.430E+08  0.471E-01  0.440E+08  0.576E-01
  0.450E+08  0.677E-01  0.460E+08  0.770E-01  0.470E+08  0.883E-01
  0.480E+08  0.955E-01  0.490E+08  0.101E+00  0.500E+08  0.108E+00
  0.520E+08  0.122E+00  0.540E+08  0.127E+00  0.560E+08  0.132E+00
  0.580E+08  0.140E+00  0.600E+08  0.147E+00  0.620E+08  0.157E+00
  0.640E+08  0.165E+00  0.660E+08  0.166E+00  0.680E+08  0.167E+00
  0.700E+08  0.169E+00  0.720E+08  0.170E+00  0.740E+08  0.168E+00
  0.760E+08  0.159E+00  0.780E+08  0.150E+00  0.800E+08  0.146E+00
  0.820E+08  0.142E+00  0.840E+08  0.137E+00  0.860E+08  0.133E+00
  0.880E+08  0.130E+00  0.900E+08  0.128E+00  0.920E+08  0.125E+00
  0.940E+08  0.121E+00  0.960E+08  0.117E+00  0.980E+08  0.119E+00
  0.100E+09  0.117E+00
SC46 
         156
           0
          35
  0.397E+08  0.000E+00  0.420E+08  0.233E-13  0.430E+08  0.583E-07
  0.440E+08  0.302E-05  0.450E+08  0.424E-04  0.460E+08  0.156E-03
  0.470E+08  0.546E-03  0.480E+08  0.968E-03  0.490E+08  0.101E-02
  0.500E+08  0.268E-02  0.520E+08  0.777E-02  0.540E+08  0.150E-01
  0.560E+08  0.251E-01  0.580E+08  0.380E-01  0.600E+08  0.505E-01
  0.620E+08  0.674E-01  0.640E+08  0.732E-01  0.660E+08  0.842E-01
  0.680E+08  0.888E-01  0.700E+08  0.973E-01  0.720E+08  0.944E-01
  0.740E+08  0.988E-01  0.760E+08  0.102E+00  0.780E+08  0.104E+00
  0.800E+08  0.107E+00  0.820E+08  0.112E+00  0.840E+08  0.117E+00
  0.860E+08  0.122E+00  0.880E+08  0.124E+00  0.900E+08  0.125E+00
  0.920E+08  0.127E+00  0.940E+08  0.125E+00  0.960E+08  0.122E+00
  0.980E+08  0.120E+00  0.100E+09  0.117E+00
SC45 
         157
           0
          26
  0.487E+08  0.000E+00  0.520E+08  0.364E-07  0.540E+08  0.533E-05
  0.560E+08  0.477E-04  0.580E+08  0.204E-03  0.600E+08  0.807E-03
  0.620E+08  0.259E-02  0.640E+08  0.420E-02  0.660E+08  0.860E-02
  0.680E+08  0.152E-01  0.700E+08  0.238E-01  0.720E+08  0.326E-01
  0.740E+08  0.431E-01  0.760E+08  0.531E-01  0.780E+08  0.614E-01
  0.800E+08  0.686E-01  0.820E+08  0.682E-01  0.840E+08  0.681E-01
  0.860E+08  0.680E-01  0.880E+08  0.685E-01  0.900E+08  0.707E-01
  0.920E+08  0.733E-01  0.940E+08  0.771E-01  0.960E+08  0.808E-01
  0.980E+08  0.830E-01  0.100E+09  0.831E-01
SC44 
         158
           0
          20
  0.602E+08  0.000E+00  0.640E+08  0.465E-10  0.660E+08  0.416E-07
  0.680E+08  0.380E-06  0.700E+08  0.766E-05  0.720E+08  0.487E-04
  0.740E+08  0.197E-03  0.760E+08  0.635E-03  0.780E+08  0.155E-02
  0.800E+08  0.302E-02  0.820E+08  0.488E-02  0.840E+08  0.723E-02
  0.860E+08  0.945E-02  0.880E+08  0.121E-01  0.900E+08  0.145E-01
  0.920E+08  0.161E-01  0.940E+08  0.177E-01  0.960E+08  0.203E-01
  0.980E+08  0.223E-01  0.100E+09  0.239E-01
SC43 
         159
           0
          15
  0.701E+08  0.000E+00  0.740E+08  0.709E-13  0.760E+08  0.395E-09
  0.780E+08  0.190E-07  0.800E+08  0.357E-06  0.820E+08  0.162E-05
  0.840E+08  0.746E-05  0.860E+08  0.200E-04  0.880E+08  0.504E-04
  0.900E+08  0.121E-03  0.920E+08  0.222E-03  0.940E+08  0.337E-03
  0.960E+08  0.519E-03  0.980E+08  0.750E-03  0.100E+09  0.969E-03
SC42 
         160
           0
           9
  0.825E+08  0.000E+00  0.860E+08  0.487E-18  0.880E+08  0.120E-13
  0.900E+08  0.253E-11  0.920E+08  0.470E-10  0.940E+08  0.512E-09
  0.960E+08  0.469E-08  0.980E+08  0.331E-07  0.100E+09  0.119E-06
SC41 
         161
           0
           3
  0.943E+08  0.000E+00  0.980E+08  0.115E-22  0.100E+09  0.135E-18
CA48 
         174
           0
          53
  0.200E+08  0.000E+00  0.240E+08  0.683E-10  0.250E+08  0.705E-08
  0.260E+08  0.703E-07  0.270E+08  0.276E-06  0.280E+08  0.123E-05
  0.290E+08  0.499E-05  0.300E+08  0.145E-04  0.310E+08  0.296E-04
  0.320E+08  0.581E-04  0.330E+08  0.107E-03  0.340E+08  0.160E-03
  0.350E+08  0.293E-03  0.360E+08  0.561E-03  0.370E+08  0.806E-03
  0.380E+08  0.126E-02  0.390E+08  0.183E-02  0.400E+08  0.237E-02
  0.410E+08  0.278E-02  0.420E+08  0.331E-02  0.430E+08  0.384E-02
  0.440E+08  0.440E-02  0.450E+08  0.485E-02  0.460E+08  0.533E-02
  0.470E+08  0.565E-02  0.480E+08  0.610E-02  0.490E+08  0.678E-02
  0.500E+08  0.746E-02  0.520E+08  0.826E-02  0.540E+08  0.902E-02
  0.560E+08  0.969E-02  0.580E+08  0.101E-01  0.600E+08  0.102E-01
  0.620E+08  0.992E-02  0.640E+08  0.964E-02  0.660E+08  0.936E-02
  0.680E+08  0.908E-02  0.700E+08  0.891E-02  0.720E+08  0.877E-02
  0.740E+08  0.855E-02  0.760E+08  0.860E-02  0.780E+08  0.866E-02
  0.800E+08  0.850E-02  0.820E+08  0.840E-02  0.840E+08  0.822E-02
  0.860E+08  0.811E-02  0.880E+08  0.756E-02  0.900E+08  0.736E-02
  0.920E+08  0.697E-02  0.940E+08  0.708E-02  0.960E+08  0.719E-02
  0.980E+08  0.712E-02  0.100E+09  0.704E-02
CA47 
         175
           0
          78
  0.351E+07  0.000E+00  0.700E+07  0.431E-08  0.750E+07  0.736E-06
  0.800E+07  0.570E-05  0.850E+07  0.256E-04  0.900E+07  0.850E-04
  0.950E+07  0.225E-03  0.100E+08  0.489E-03  0.105E+08  0.909E-03
  0.110E+08  0.146E-02  0.115E+08  0.199E-02  0.120E+08  0.283E-02
  0.125E+08  0.381E-02  0.130E+08  0.493E-02  0.135E+08  0.646E-02
  0.140E+08  0.789E-02  0.145E+08  0.944E-02  0.150E+08  0.111E-01
  0.160E+08  0.143E-01  0.170E+08  0.173E-01  0.180E+08  0.188E-01
  0.190E+08  0.167E-01  0.200E+08  0.151E-01  0.210E+08  0.140E-01
  0.220E+08  0.129E-01  0.230E+08  0.115E-01  0.240E+08  0.106E-01
  0.250E+08  0.968E-02  0.260E+08  0.879E-02  0.270E+08  0.800E-02
  0.280E+08  0.730E-02  0.290E+08  0.631E-02  0.300E+08  0.576E-02
  0.310E+08  0.540E-02  0.320E+08  0.504E-02  0.330E+08  0.460E-02
  0.340E+08  0.438E-02  0.350E+08  0.399E-02  0.360E+08  0.366E-02
  0.370E+08  0.337E-02  0.380E+08  0.309E-02  0.390E+08  0.285E-02
  0.400E+08  0.252E-02  0.410E+08  0.248E-02  0.420E+08  0.241E-02
  0.430E+08  0.243E-02  0.440E+08  0.252E-02  0.450E+08  0.276E-02
  0.460E+08  0.309E-02  0.470E+08  0.344E-02  0.480E+08  0.375E-02
  0.490E+08  0.424E-02  0.500E+08  0.473E-02  0.520E+08  0.585E-02
  0.540E+08  0.672E-02  0.560E+08  0.718E-02  0.580E+08  0.839E-02
  0.600E+08  0.977E-02  0.620E+08  0.119E-01  0.640E+08  0.140E-01
  0.660E+08  0.156E-01  0.680E+08  0.167E-01  0.700E+08  0.177E-01
  0.720E+08  0.193E-01  0.740E+08  0.208E-01  0.760E+08  0.217E-01
  0.780E+08  0.226E-01  0.800E+08  0.215E-01  0.820E+08  0.210E-01
  0.840E+08  0.205E-01  0.860E+08  0.200E-01  0.880E+08  0.195E-01
  0.900E+08  0.193E-01  0.920E+08  0.189E-01  0.940E+08  0.185E-01
  0.960E+08  0.181E-01  0.980E+08  0.176E-01  0.100E+09  0.171E-01
CA46 
         176
           0
          63
  0.109E+08  0.000E+00  0.145E+08  0.797E-07  0.150E+08  0.202E-05
  0.160E+08  0.359E-04  0.170E+08  0.383E-03  0.180E+08  0.174E-02
  0.190E+08  0.463E-02  0.200E+08  0.775E-02  0.210E+08  0.110E-01
  0.220E+08  0.143E-01  0.230E+08  0.175E-01  0.240E+08  0.196E-01
  0.250E+08  0.226E-01  0.260E+08  0.255E-01  0.270E+08  0.282E-01
  0.280E+08  0.307E-01  0.290E+08  0.322E-01  0.300E+08  0.330E-01
  0.310E+08  0.338E-01  0.320E+08  0.323E-01  0.330E+08  0.301E-01
  0.340E+08  0.283E-01  0.350E+08  0.252E-01  0.360E+08  0.216E-01
  0.370E+08  0.193E-01  0.380E+08  0.172E-01  0.390E+08  0.155E-01
  0.400E+08  0.136E-01  0.410E+08  0.130E-01  0.420E+08  0.120E-01
  0.430E+08  0.110E-01  0.440E+08  0.999E-02  0.450E+08  0.899E-02
  0.460E+08  0.780E-02  0.470E+08  0.712E-02  0.480E+08  0.652E-02
  0.490E+08  0.617E-02  0.500E+08  0.582E-02  0.520E+08  0.519E-02
  0.540E+08  0.509E-02  0.560E+08  0.504E-02  0.580E+08  0.553E-02
  0.600E+08  0.613E-02  0.620E+08  0.734E-02  0.640E+08  0.856E-02
  0.660E+08  0.947E-02  0.680E+08  0.106E-01  0.700E+08  0.112E-01
  0.720E+08  0.124E-01  0.740E+08  0.136E-01  0.760E+08  0.144E-01
  0.780E+08  0.149E-01  0.800E+08  0.160E-01  0.820E+08  0.170E-01
  0.840E+08  0.177E-01  0.860E+08  0.187E-01  0.880E+08  0.199E-01
  0.900E+08  0.212E-01  0.920E+08  0.213E-01  0.940E+08  0.216E-01
  0.960E+08  0.220E-01  0.980E+08  0.228E-01  0.100E+09  0.238E-01
CA45 
         177
           0
          51
  0.215E+08  0.000E+00  0.260E+08  0.250E-06  0.270E+08  0.102E-04
  0.280E+08  0.124E-03  0.290E+08  0.847E-03  0.300E+08  0.248E-02
  0.310E+08  0.432E-02  0.320E+08  0.794E-02  0.330E+08  0.123E-01
  0.340E+08  0.165E-01  0.350E+08  0.208E-01  0.360E+08  0.253E-01
  0.370E+08  0.292E-01  0.380E+08  0.324E-01  0.390E+08  0.347E-01
  0.400E+08  0.362E-01  0.410E+08  0.366E-01  0.420E+08  0.367E-01
  0.430E+08  0.356E-01  0.440E+08  0.341E-01  0.450E+08  0.326E-01
  0.460E+08  0.298E-01  0.470E+08  0.271E-01  0.480E+08  0.243E-01
  0.490E+08  0.209E-01  0.500E+08  0.193E-01  0.520E+08  0.163E-01
  0.540E+08  0.157E-01  0.560E+08  0.146E-01  0.580E+08  0.135E-01
  0.600E+08  0.124E-01  0.620E+08  0.114E-01  0.640E+08  0.103E-01
  0.660E+08  0.918E-02  0.680E+08  0.809E-02  0.700E+08  0.869E-02
  0.720E+08  0.946E-02  0.740E+08  0.101E-01  0.760E+08  0.114E-01
  0.780E+08  0.127E-01  0.800E+08  0.139E-01  0.820E+08  0.152E-01
  0.840E+08  0.165E-01  0.860E+08  0.178E-01  0.880E+08  0.186E-01
  0.900E+08  0.189E-01  0.920E+08  0.191E-01  0.940E+08  0.194E-01
  0.960E+08  0.194E-01  0.980E+08  0.187E-01  0.100E+09  0.177E-01
CA44 
         178
           0
          43
  0.291E+08  0.000E+00  0.340E+08  0.251E-07  0.350E+08  0.100E-05
  0.360E+08  0.243E-04  0.370E+08  0.153E-03  0.380E+08  0.581E-03
  0.390E+08  0.152E-02  0.400E+08  0.297E-02  0.410E+08  0.442E-02
  0.420E+08  0.729E-02  0.430E+08  0.106E-01  0.440E+08  0.145E-01
  0.450E+08  0.180E-01  0.460E+08  0.227E-01  0.470E+08  0.265E-01
  0.480E+08  0.300E-01  0.490E+08  0.326E-01  0.500E+08  0.357E-01
  0.520E+08  0.419E-01  0.540E+08  0.416E-01  0.560E+08  0.414E-01
  0.580E+08  0.411E-01  0.600E+08  0.409E-01  0.620E+08  0.407E-01
  0.640E+08  0.404E-01  0.660E+08  0.402E-01  0.680E+08  0.395E-01
  0.700E+08  0.388E-01  0.720E+08  0.380E-01  0.740E+08  0.373E-01
  0.760E+08  0.366E-01  0.780E+08  0.359E-01  0.800E+08  0.352E-01
  0.820E+08  0.345E-01  0.840E+08  0.338E-01  0.860E+08  0.330E-01
  0.880E+08  0.323E-01  0.900E+08  0.316E-01  0.920E+08  0.339E-01
  0.940E+08  0.363E-01  0.960E+08  0.386E-01  0.980E+08  0.420E-01
  0.100E+09  0.417E-01
CA43 
         179
           0
          32
  0.404E+08  0.000E+00  0.450E+08  0.311E-10  0.460E+08  0.579E-08
  0.470E+08  0.168E-06  0.480E+08  0.200E-05  0.490E+08  0.388E-05
  0.500E+08  0.487E-04  0.520E+08  0.543E-03  0.540E+08  0.153E-02
  0.560E+08  0.447E-02  0.580E+08  0.847E-02  0.600E+08  0.119E-01
  0.620E+08  0.179E-01  0.640E+08  0.223E-01  0.660E+08  0.266E-01
  0.680E+08  0.297E-01  0.700E+08  0.317E-01  0.720E+08  0.323E-01
  0.740E+08  0.324E-01  0.760E+08  0.324E-01  0.780E+08  0.323E-01
  0.800E+08  0.323E-01  0.820E+08  0.327E-01  0.840E+08  0.309E-01
  0.860E+08  0.298E-01  0.880E+08  0.286E-01  0.900E+08  0.274E-01
  0.920E+08  0.269E-01  0.940E+08  0.267E-01  0.960E+08  0.259E-01
  0.980E+08  0.252E-01  0.100E+09  0.254E-01
CA42 
         180
           0
          25
  0.485E+08  0.000E+00  0.540E+08  0.198E-09  0.560E+08  0.246E-06
  0.580E+08  0.479E-05  0.600E+08  0.233E-04  0.620E+08  0.165E-03
  0.640E+08  0.373E-03  0.660E+08  0.140E-02  0.680E+08  0.268E-02
  0.700E+08  0.581E-02  0.720E+08  0.102E-01  0.740E+08  0.153E-01
  0.760E+08  0.197E-01  0.780E+08  0.255E-01  0.800E+08  0.291E-01
  0.820E+08  0.315E-01  0.840E+08  0.338E-01  0.860E+08  0.357E-01
  0.880E+08  0.378E-01  0.900E+08  0.375E-01  0.920E+08  0.392E-01
  0.940E+08  0.395E-01  0.960E+08  0.401E-01  0.980E+08  0.401E-01
  0.100E+09  0.395E-01
CA41 
         181
           0
          19
  0.603E+08  0.000E+00  0.660E+08  0.279E-10  0.680E+08  0.212E-08
  0.700E+08  0.717E-07  0.720E+08  0.830E-06  0.740E+08  0.159E-04
  0.760E+08  0.414E-04  0.780E+08  0.177E-03  0.800E+08  0.433E-03
  0.820E+08  0.745E-03  0.840E+08  0.125E-02  0.860E+08  0.145E-02
  0.880E+08  0.216E-02  0.900E+08  0.288E-02  0.920E+08  0.423E-02
  0.940E+08  0.518E-02  0.960E+08  0.680E-02  0.980E+08  0.880E-02
  0.100E+09  0.108E-01
CA40 
         182
           0
          15
  0.688E+08  0.000E+00  0.740E+08  0.248E-14  0.760E+08  0.425E-11
  0.780E+08  0.134E-08  0.800E+08  0.335E-07  0.820E+08  0.250E-06
  0.840E+08  0.775E-06  0.860E+08  0.975E-06  0.880E+08  0.525E-05
  0.900E+08  0.112E-04  0.920E+08  0.360E-04  0.940E+08  0.653E-04
  0.960E+08  0.136E-03  0.980E+08  0.330E-03  0.100E+09  0.594E-03
CA39 
         183
           0
           6
  0.847E+08  0.000E+00  0.920E+08  0.157E-18  0.940E+08  0.460E-17
  0.960E+08  0.611E-15  0.980E+08  0.149E-12  0.100E+09  0.154E-11
K48  
         219
           0
          38
  0.338E+08  0.000E+00  0.390E+08  0.689E-15  0.400E+08  0.753E-13
  0.410E+08  0.986E-12  0.420E+08  0.807E-11  0.430E+08  0.608E-10
  0.440E+08  0.233E-09  0.450E+08  0.843E-09  0.460E+08  0.296E-08
  0.470E+08  0.622E-08  0.480E+08  0.112E-07  0.490E+08  0.203E-07
  0.500E+08  0.310E-07  0.520E+08  0.498E-07  0.540E+08  0.584E-07
  0.560E+08  0.754E-07  0.580E+08  0.813E-07  0.600E+08  0.114E-06
  0.620E+08  0.138E-06  0.640E+08  0.186E-06  0.660E+08  0.263E-06
  0.680E+08  0.445E-06  0.700E+08  0.563E-06  0.720E+08  0.522E-06
  0.740E+08  0.563E-06  0.760E+08  0.509E-06  0.780E+08  0.519E-06
  0.800E+08  0.487E-06  0.820E+08  0.484E-06  0.840E+08  0.469E-06
  0.860E+08  0.607E-06  0.880E+08  0.594E-06  0.900E+08  0.520E-06
  0.920E+08  0.538E-06  0.940E+08  0.697E-06  0.960E+08  0.645E-06
  0.980E+08  0.464E-06  0.100E+09  0.378E-06
K47  
         220
           0
          36
  0.361E+08  0.000E+00  0.410E+08  0.857E-19  0.420E+08  0.172E-14
  0.430E+08  0.228E-12  0.440E+08  0.436E-11  0.450E+08  0.497E-10
  0.460E+08  0.419E-09  0.470E+08  0.181E-08  0.480E+08  0.540E-08
  0.490E+08  0.181E-07  0.500E+08  0.398E-07  0.520E+08  0.136E-06
  0.540E+08  0.339E-06  0.560E+08  0.743E-06  0.580E+08  0.130E-05
  0.600E+08  0.194E-05  0.620E+08  0.325E-05  0.640E+08  0.477E-05
  0.660E+08  0.553E-05  0.680E+08  0.681E-05  0.700E+08  0.776E-05
  0.720E+08  0.878E-05  0.740E+08  0.975E-05  0.760E+08  0.114E-04
  0.780E+08  0.136E-04  0.800E+08  0.147E-04  0.820E+08  0.168E-04
  0.840E+08  0.192E-04  0.860E+08  0.221E-04  0.880E+08  0.255E-04
  0.900E+08  0.241E-04  0.920E+08  0.268E-04  0.940E+08  0.284E-04
  0.960E+08  0.289E-04  0.980E+08  0.276E-04  0.100E+09  0.266E-04
K46  
         221
           0
          54
  0.180E+08  0.000E+00  0.230E+08  0.493E-12  0.240E+08  0.444E-10
  0.250E+08  0.266E-08  0.260E+08  0.564E-07  0.270E+08  0.429E-06
  0.280E+08  0.200E-05  0.290E+08  0.614E-05  0.300E+08  0.141E-04
  0.310E+08  0.276E-04  0.320E+08  0.462E-04  0.330E+08  0.716E-04
  0.340E+08  0.867E-04  0.350E+08  0.114E-03  0.360E+08  0.149E-03
  0.370E+08  0.172E-03  0.380E+08  0.191E-03  0.390E+08  0.181E-03
  0.400E+08  0.179E-03  0.410E+08  0.178E-03  0.420E+08  0.161E-03
  0.430E+08  0.161E-03  0.440E+08  0.150E-03  0.450E+08  0.141E-03
  0.460E+08  0.135E-03  0.470E+08  0.126E-03  0.480E+08  0.116E-03
  0.490E+08  0.113E-03  0.500E+08  0.105E-03  0.520E+08  0.879E-04
  0.540E+08  0.802E-04  0.560E+08  0.732E-04  0.580E+08  0.715E-04
  0.600E+08  0.662E-04  0.620E+08  0.502E-04  0.640E+08  0.488E-04
  0.660E+08  0.494E-04  0.680E+08  0.507E-04  0.700E+08  0.590E-04
  0.720E+08  0.728E-04  0.740E+08  0.839E-04  0.760E+08  0.895E-04
  0.780E+08  0.950E-04  0.800E+08  0.104E-03  0.820E+08  0.117E-03
  0.840E+08  0.117E-03  0.860E+08  0.125E-03  0.880E+08  0.113E-03
  0.900E+08  0.114E-03  0.920E+08  0.119E-03  0.940E+08  0.121E-03
  0.960E+08  0.129E-03  0.980E+08  0.145E-03  0.100E+09  0.154E-03
K45  
         222
           0
          49
  0.228E+08  0.000E+00  0.280E+08  0.696E-15  0.290E+08  0.219E-11
  0.300E+08  0.792E-10  0.310E+08  0.127E-08  0.320E+08  0.273E-07
  0.330E+08  0.214E-06  0.340E+08  0.818E-06  0.350E+08  0.382E-05
  0.360E+08  0.143E-04  0.370E+08  0.356E-04  0.380E+08  0.729E-04
  0.390E+08  0.117E-03  0.400E+08  0.184E-03  0.410E+08  0.258E-03
  0.420E+08  0.359E-03  0.430E+08  0.447E-03  0.440E+08  0.522E-03
  0.450E+08  0.605E-03  0.460E+08  0.740E-03  0.470E+08  0.849E-03
  0.480E+08  0.901E-03  0.490E+08  0.930E-03  0.500E+08  0.976E-03
  0.520E+08  0.106E-02  0.540E+08  0.105E-02  0.560E+08  0.110E-02
  0.580E+08  0.106E-02  0.600E+08  0.103E-02  0.620E+08  0.907E-03
  0.640E+08  0.872E-03  0.660E+08  0.816E-03  0.680E+08  0.664E-03
  0.700E+08  0.637E-03  0.720E+08  0.580E-03  0.740E+08  0.546E-03
  0.760E+08  0.533E-03  0.780E+08  0.564E-03  0.800E+08  0.581E-03
  0.820E+08  0.638E-03  0.840E+08  0.631E-03  0.860E+08  0.658E-03
  0.880E+08  0.697E-03  0.900E+08  0.725E-03  0.920E+08  0.758E-03
  0.940E+08  0.689E-03  0.960E+08  0.722E-03  0.980E+08  0.706E-03
  0.100E+09  0.704E-03
K44  
         223
           0
          40
  0.318E+08  0.000E+00  0.370E+08  0.634E-16  0.380E+08  0.180E-10
  0.390E+08  0.461E-09  0.400E+08  0.108E-07  0.410E+08  0.904E-07
  0.420E+08  0.531E-06  0.430E+08  0.227E-05  0.440E+08  0.646E-05
  0.450E+08  0.145E-04  0.460E+08  0.345E-04  0.470E+08  0.702E-04
  0.480E+08  0.137E-03  0.490E+08  0.235E-03  0.500E+08  0.368E-03
  0.520E+08  0.682E-03  0.540E+08  0.109E-02  0.560E+08  0.161E-02
  0.580E+08  0.214E-02  0.600E+08  0.255E-02  0.620E+08  0.316E-02
  0.640E+08  0.368E-02  0.660E+08  0.390E-02  0.680E+08  0.385E-02
  0.700E+08  0.397E-02  0.720E+08  0.387E-02  0.740E+08  0.382E-02
  0.760E+08  0.331E-02  0.780E+08  0.313E-02  0.800E+08  0.300E-02
  0.820E+08  0.301E-02  0.840E+08  0.295E-02  0.860E+08  0.283E-02
  0.880E+08  0.302E-02  0.900E+08  0.322E-02  0.920E+08  0.324E-02
  0.940E+08  0.318E-02  0.960E+08  0.330E-02  0.980E+08  0.334E-02
  0.100E+09  0.301E-02
K43  
         224
           0
          32
  0.392E+08  0.000E+00  0.450E+08  0.940E-14  0.460E+08  0.776E-11
  0.470E+08  0.688E-09  0.480E+08  0.150E-07  0.490E+08  0.999E-07
  0.500E+08  0.601E-06  0.520E+08  0.899E-05  0.540E+08  0.428E-04
  0.560E+08  0.151E-03  0.580E+08  0.404E-03  0.600E+08  0.813E-03
  0.620E+08  0.155E-02  0.640E+08  0.214E-02  0.660E+08  0.336E-02
  0.680E+08  0.469E-02  0.700E+08  0.603E-02  0.720E+08  0.759E-02
  0.740E+08  0.917E-02  0.760E+08  0.101E-01  0.780E+08  0.109E-01
  0.800E+08  0.112E-01  0.820E+08  0.120E-01  0.840E+08  0.121E-01
  0.860E+08  0.117E-01  0.880E+08  0.113E-01  0.900E+08  0.109E-01
  0.920E+08  0.105E-01  0.940E+08  0.105E-01  0.960E+08  0.103E-01
  0.980E+08  0.104E-01  0.100E+09  0.105E-01
K42  
         225
           0
          24
  0.491E+08  0.000E+00  0.560E+08  0.390E-12  0.580E+08  0.665E-09
  0.600E+08  0.163E-06  0.620E+08  0.286E-05  0.640E+08  0.149E-04
  0.660E+08  0.711E-04  0.680E+08  0.211E-03  0.700E+08  0.514E-03
  0.720E+08  0.111E-02  0.740E+08  0.181E-02  0.760E+08  0.316E-02
  0.780E+08  0.451E-02  0.800E+08  0.586E-02  0.820E+08  0.721E-02
  0.840E+08  0.855E-02  0.860E+08  0.990E-02  0.880E+08  0.113E-01
  0.900E+08  0.126E-01  0.920E+08  0.140E-01  0.940E+08  0.153E-01
  0.960E+08  0.154E-01  0.980E+08  0.158E-01  0.100E+09  0.156E-01
K41  
         226
           0
          20
  0.568E+08  0.000E+00  0.640E+08  0.164E-12  0.660E+08  0.658E-10
  0.680E+08  0.855E-08  0.700E+08  0.266E-06  0.720E+08  0.319E-05
  0.740E+08  0.134E-04  0.760E+08  0.717E-04  0.780E+08  0.244E-03
  0.800E+08  0.550E-03  0.820E+08  0.101E-02  0.840E+08  0.175E-02
  0.860E+08  0.300E-02  0.880E+08  0.437E-02  0.900E+08  0.572E-02
  0.920E+08  0.724E-02  0.940E+08  0.942E-02  0.960E+08  0.114E-01
  0.980E+08  0.134E-01  0.100E+09  0.158E-01
K40  
         227
           0
          15
  0.671E+08  0.000E+00  0.740E+08  0.116E-14  0.760E+08  0.137E-10
  0.780E+08  0.200E-08  0.800E+08  0.702E-07  0.820E+08  0.599E-06
  0.840E+08  0.423E-05  0.860E+08  0.188E-04  0.880E+08  0.645E-04
  0.900E+08  0.146E-03  0.920E+08  0.321E-03  0.940E+08  0.624E-03
  0.960E+08  0.114E-02  0.980E+08  0.190E-02  0.100E+09  0.272E-02
K39  
         228
           0
          12
  0.750E+08  0.000E+00  0.800E+08  0.111E-19  0.820E+08  0.455E-15
  0.840E+08  0.196E-12  0.860E+08  0.660E-11  0.880E+08  0.472E-09
  0.900E+08  0.768E-08  0.920E+08  0.517E-07  0.940E+08  0.342E-06
  0.960E+08  0.187E-05  0.980E+08  0.112E-04  0.100E+09  0.324E-04
K38  
         229
           0
           4
  0.883E+08  0.000E+00  0.960E+08  0.256E-22  0.980E+08  0.713E-17
  0.100E+09  0.269E-14
AR47 
         254
           0
          25
  0.474E+08  0.000E+00  0.540E+08  0.399E-21  0.560E+08  0.641E-18
  0.580E+08  0.560E-16  0.600E+08  0.464E-15  0.620E+08  0.147E-13
  0.640E+08  0.155E-12  0.660E+08  0.950E-12  0.680E+08  0.452E-11
  0.700E+08  0.143E-10  0.720E+08  0.310E-10  0.740E+08  0.477E-10
  0.760E+08  0.564E-10  0.780E+08  0.488E-10  0.800E+08  0.555E-10
  0.820E+08  0.479E-10  0.840E+08  0.500E-10  0.860E+08  0.475E-10
  0.880E+08  0.516E-10  0.900E+08  0.500E-10  0.920E+08  0.789E-10
  0.940E+08  0.131E-09  0.960E+08  0.125E-09  0.980E+08  0.157E-09
  0.100E+09  0.176E-09
AR46 
         255
           0
          25
  0.471E+08  0.000E+00  0.540E+08  0.774E-22  0.560E+08  0.771E-18
  0.580E+08  0.549E-16  0.600E+08  0.452E-15  0.620E+08  0.182E-13
  0.640E+08  0.297E-12  0.660E+08  0.252E-11  0.680E+08  0.149E-10
  0.700E+08  0.863E-10  0.720E+08  0.430E-09  0.740E+08  0.107E-08
  0.760E+08  0.215E-08  0.780E+08  0.417E-08  0.800E+08  0.696E-08
  0.820E+08  0.102E-07  0.840E+08  0.118E-07  0.860E+08  0.165E-07
  0.880E+08  0.224E-07  0.900E+08  0.245E-07  0.920E+08  0.297E-07
  0.940E+08  0.341E-07  0.960E+08  0.356E-07  0.980E+08  0.390E-07
  0.100E+09  0.379E-07
AR45 
         256
           0
          39
  0.313E+08  0.000E+00  0.380E+08  0.114E-18  0.390E+08  0.282E-15
  0.400E+08  0.221E-13  0.410E+08  0.380E-12  0.420E+08  0.748E-11
  0.430E+08  0.524E-10  0.440E+08  0.190E-09  0.450E+08  0.638E-09
  0.460E+08  0.236E-08  0.470E+08  0.626E-08  0.480E+08  0.123E-07
  0.490E+08  0.280E-07  0.500E+08  0.467E-07  0.520E+08  0.116E-06
  0.540E+08  0.218E-06  0.560E+08  0.340E-06  0.580E+08  0.422E-06
  0.600E+08  0.472E-06  0.620E+08  0.559E-06  0.640E+08  0.586E-06
  0.660E+08  0.594E-06  0.680E+08  0.590E-06  0.700E+08  0.651E-06
  0.720E+08  0.699E-06  0.740E+08  0.722E-06  0.760E+08  0.866E-06
  0.780E+08  0.845E-06  0.800E+08  0.900E-06  0.820E+08  0.912E-06
  0.840E+08  0.984E-06  0.860E+08  0.101E-05  0.880E+08  0.943E-06
  0.900E+08  0.962E-06  0.920E+08  0.101E-05  0.940E+08  0.976E-06
  0.960E+08  0.104E-05  0.980E+08  0.104E-05  0.100E+09  0.106E-05
AR44 
         257
           0
          35
  0.346E+08  0.000E+00  0.420E+08  0.555E-18  0.430E+08  0.145E-15
  0.440E+08  0.630E-14  0.450E+08  0.115E-12  0.460E+08  0.164E-11
  0.470E+08  0.120E-10  0.480E+08  0.747E-10  0.490E+08  0.602E-09
  0.500E+08  0.169E-08  0.520E+08  0.165E-07  0.540E+08  0.836E-07
  0.560E+08  0.305E-06  0.580E+08  0.609E-06  0.600E+08  0.116E-05
  0.620E+08  0.257E-05  0.640E+08  0.414E-05  0.660E+08  0.610E-05
  0.680E+08  0.793E-05  0.700E+08  0.936E-05  0.720E+08  0.102E-04
  0.740E+08  0.110E-04  0.760E+08  0.121E-04  0.780E+08  0.122E-04
  0.800E+08  0.142E-04  0.820E+08  0.146E-04  0.840E+08  0.158E-04
  0.860E+08  0.164E-04  0.880E+08  0.164E-04  0.900E+08  0.170E-04
  0.920E+08  0.184E-04  0.940E+08  0.188E-04  0.960E+08  0.183E-04
  0.980E+08  0.173E-04  0.100E+09  0.183E-04
AR43 
         258
           0
          53
  0.165E+08  0.000E+00  0.240E+08  0.254E-13  0.250E+08  0.139E-11
  0.260E+08  0.577E-10  0.270E+08  0.919E-09  0.280E+08  0.806E-08
  0.290E+08  0.575E-07  0.300E+08  0.182E-06  0.310E+08  0.548E-06
  0.320E+08  0.121E-05  0.330E+08  0.232E-05  0.340E+08  0.358E-05
  0.350E+08  0.490E-05  0.360E+08  0.757E-05  0.370E+08  0.949E-05
  0.380E+08  0.111E-04  0.390E+08  0.122E-04  0.400E+08  0.124E-04
  0.410E+08  0.128E-04  0.420E+08  0.125E-04  0.430E+08  0.117E-04
  0.440E+08  0.109E-04  0.450E+08  0.111E-04  0.460E+08  0.977E-05
  0.470E+08  0.809E-05  0.480E+08  0.727E-05  0.490E+08  0.643E-05
  0.500E+08  0.584E-05  0.520E+08  0.482E-05  0.540E+08  0.497E-05
  0.560E+08  0.395E-05  0.580E+08  0.302E-05  0.600E+08  0.272E-05
  0.620E+08  0.249E-05  0.640E+08  0.314E-05  0.660E+08  0.425E-05
  0.680E+08  0.644E-05  0.700E+08  0.119E-04  0.720E+08  0.199E-04
  0.740E+08  0.281E-04  0.760E+08  0.368E-04  0.780E+08  0.456E-04
  0.800E+08  0.525E-04  0.820E+08  0.582E-04  0.840E+08  0.625E-04
  0.860E+08  0.667E-04  0.880E+08  0.685E-04  0.900E+08  0.850E-04
  0.920E+08  0.839E-04  0.940E+08  0.732E-04  0.960E+08  0.688E-04
  0.980E+08  0.674E-04  0.100E+09  0.687E-04
AR42 
         259
           0
          47
  0.223E+08  0.000E+00  0.300E+08  0.309E-12  0.310E+08  0.322E-10
  0.320E+08  0.889E-09  0.330E+08  0.118E-07  0.340E+08  0.612E-07
  0.350E+08  0.224E-06  0.360E+08  0.932E-06  0.370E+08  0.306E-05
  0.380E+08  0.661E-05  0.390E+08  0.121E-04  0.400E+08  0.211E-04
  0.410E+08  0.295E-04  0.420E+08  0.419E-04  0.430E+08  0.561E-04
  0.440E+08  0.715E-04  0.450E+08  0.839E-04  0.460E+08  0.104E-03
  0.470E+08  0.126E-03  0.480E+08  0.144E-03  0.490E+08  0.160E-03
  0.500E+08  0.177E-03  0.520E+08  0.198E-03  0.540E+08  0.213E-03
  0.560E+08  0.213E-03  0.580E+08  0.195E-03  0.600E+08  0.190E-03
  0.620E+08  0.149E-03  0.640E+08  0.131E-03  0.660E+08  0.114E-03
  0.680E+08  0.108E-03  0.700E+08  0.947E-04  0.720E+08  0.893E-04
  0.740E+08  0.937E-04  0.760E+08  0.989E-04  0.780E+08  0.114E-03
  0.800E+08  0.147E-03  0.820E+08  0.173E-03  0.840E+08  0.213E-03
  0.860E+08  0.256E-03  0.880E+08  0.315E-03  0.900E+08  0.352E-03
  0.920E+08  0.401E-03  0.940E+08  0.479E-03  0.960E+08  0.519E-03
  0.980E+08  0.558E-03  0.100E+09  0.618E-03
AR41 
         260
           0
          38
  0.319E+08  0.000E+00  0.390E+08  0.248E-17  0.400E+08  0.143E-12
  0.410E+08  0.100E-10  0.420E+08  0.325E-09  0.430E+08  0.503E-08
  0.440E+08  0.391E-07  0.450E+08  0.213E-06  0.460E+08  0.104E-05
  0.470E+08  0.382E-05  0.480E+08  0.948E-05  0.490E+08  0.133E-04
  0.500E+08  0.263E-04  0.520E+08  0.766E-04  0.540E+08  0.135E-03
  0.560E+08  0.256E-03  0.580E+08  0.373E-03  0.600E+08  0.501E-03
  0.620E+08  0.634E-03  0.640E+08  0.704E-03  0.660E+08  0.663E-03
  0.680E+08  0.614E-03  0.700E+08  0.596E-03  0.720E+08  0.557E-03
  0.740E+08  0.536E-03  0.760E+08  0.500E-03  0.780E+08  0.492E-03
  0.800E+08  0.460E-03  0.820E+08  0.403E-03  0.840E+08  0.376E-03
  0.860E+08  0.349E-03  0.880E+08  0.404E-03  0.900E+08  0.394E-03
  0.920E+08  0.443E-03  0.940E+08  0.515E-03  0.960E+08  0.618E-03
  0.980E+08  0.737E-03  0.100E+09  0.845E-03
AR40 
         261
           0
          31
  0.381E+08  0.000E+00  0.460E+08  0.173E-14  0.470E+08  0.404E-12
  0.480E+08  0.177E-10  0.490E+08  0.341E-09  0.500E+08  0.272E-08
  0.520E+08  0.142E-06  0.540E+08  0.120E-05  0.560E+08  0.112E-04
  0.580E+08  0.457E-04  0.600E+08  0.117E-03  0.620E+08  0.245E-03
  0.640E+08  0.426E-03  0.660E+08  0.798E-03  0.680E+08  0.108E-02
  0.700E+08  0.146E-02  0.720E+08  0.183E-02  0.740E+08  0.220E-02
  0.760E+08  0.250E-02  0.780E+08  0.275E-02  0.800E+08  0.294E-02
  0.820E+08  0.292E-02  0.840E+08  0.292E-02  0.860E+08  0.260E-02
  0.880E+08  0.246E-02  0.900E+08  0.227E-02  0.920E+08  0.209E-02
  0.940E+08  0.201E-02  0.960E+08  0.212E-02  0.980E+08  0.226E-02
  0.100E+09  0.230E-02
AR39 
         262
           0
          24
  0.482E+08  0.000E+00  0.560E+08  0.106E-14  0.580E+08  0.815E-12
  0.600E+08  0.213E-09  0.620E+08  0.181E-07  0.640E+08  0.206E-06
  0.660E+08  0.467E-05  0.680E+08  0.190E-04  0.700E+08  0.488E-04
  0.720E+08  0.108E-03  0.740E+08  0.244E-03  0.760E+08  0.486E-03
  0.780E+08  0.829E-03  0.800E+08  0.125E-02  0.820E+08  0.170E-02
  0.840E+08  0.208E-02  0.860E+08  0.273E-02  0.880E+08  0.314E-02
  0.900E+08  0.360E-02  0.920E+08  0.372E-02  0.940E+08  0.379E-02
  0.960E+08  0.375E-02  0.980E+08  0.380E-02  0.100E+09  0.378E-02
AR38 
         263
           0
          20
  0.549E+08  0.000E+00  0.640E+08  0.106E-17  0.660E+08  0.170E-11
  0.680E+08  0.178E-09  0.700E+08  0.104E-07  0.720E+08  0.157E-06
  0.740E+08  0.196E-05  0.760E+08  0.145E-04  0.780E+08  0.472E-04
  0.800E+08  0.105E-03  0.820E+08  0.208E-03  0.840E+08  0.342E-03
  0.860E+08  0.644E-03  0.880E+08  0.983E-03  0.900E+08  0.118E-02
  0.920E+08  0.186E-02  0.940E+08  0.255E-02  0.960E+08  0.336E-02
  0.980E+08  0.419E-02  0.100E+09  0.493E-02
AR37 
         264
           0
          14
  0.670E+08  0.000E+00  0.760E+08  0.200E-17  0.780E+08  0.127E-13
  0.800E+08  0.180E-11  0.820E+08  0.406E-10  0.840E+08  0.709E-09
  0.860E+08  0.477E-08  0.880E+08  0.875E-07  0.900E+08  0.356E-06
  0.920E+08  0.256E-05  0.940E+08  0.645E-05  0.960E+08  0.170E-04
  0.980E+08  0.288E-04  0.100E+09  0.460E-04
AR36 
         265
           0
          10
  0.760E+08  0.000E+00  0.840E+08  0.227E-23  0.860E+08  0.207E-21
  0.880E+08  0.102E-16  0.900E+08  0.151E-14  0.920E+08  0.802E-12
  0.940E+08  0.150E-10  0.960E+08  0.523E-09  0.980E+08  0.453E-08
  0.100E+09  0.185E-07
AR35 
         266
           0
           2
  0.915E+08  0.000E+00  0.100E+09  0.127E-30
CL46 
         275
           0
          14
  0.656E+08  0.000E+00  0.760E+08  0.567E-23  0.780E+08  0.143E-19
  0.800E+08  0.836E-18  0.820E+08  0.186E-16  0.840E+08  0.688E-16
  0.860E+08  0.294E-15  0.880E+08  0.125E-14  0.900E+08  0.449E-14
  0.920E+08  0.485E-14  0.940E+08  0.127E-13  0.960E+08  0.565E-13
  0.980E+08  0.137E-12  0.100E+09  0.199E-12
CL45 
         276
           0
          15
  0.644E+08  0.000E+00  0.740E+08  0.132E-23  0.760E+08  0.224E-20
  0.780E+08  0.470E-18  0.800E+08  0.117E-16  0.820E+08  0.249E-15
  0.840E+08  0.892E-15  0.860E+08  0.461E-14  0.880E+08  0.339E-13
  0.900E+08  0.205E-12  0.920E+08  0.717E-12  0.940E+08  0.224E-11
  0.960E+08  0.623E-11  0.980E+08  0.192E-10  0.100E+09  0.340E-10
CL44 
         277
           0
          25
  0.451E+08  0.000E+00  0.540E+08  0.977E-21  0.560E+08  0.419E-17
  0.580E+08  0.267E-15  0.600E+08  0.258E-14  0.620E+08  0.910E-13
  0.640E+08  0.133E-11  0.660E+08  0.105E-10  0.680E+08  0.433E-10
  0.700E+08  0.214E-09  0.720E+08  0.803E-09  0.740E+08  0.167E-08
  0.760E+08  0.262E-08  0.780E+08  0.440E-08  0.800E+08  0.601E-08
  0.820E+08  0.732E-08  0.840E+08  0.920E-08  0.860E+08  0.104E-07
  0.880E+08  0.120E-07  0.900E+08  0.991E-08  0.920E+08  0.102E-07
  0.940E+08  0.107E-07  0.960E+08  0.128E-07  0.980E+08  0.129E-07
  0.100E+09  0.121E-07
CL43 
         278
           0
          22
  0.514E+08  0.000E+00  0.600E+08  0.158E-21  0.620E+08  0.324E-17
  0.640E+08  0.381E-14  0.660E+08  0.187E-12  0.680E+08  0.321E-11
  0.700E+08  0.330E-10  0.720E+08  0.343E-09  0.740E+08  0.121E-08
  0.760E+08  0.327E-08  0.780E+08  0.723E-08  0.800E+08  0.156E-07
  0.820E+08  0.277E-07  0.840E+08  0.376E-07  0.860E+08  0.573E-07
  0.880E+08  0.890E-07  0.900E+08  0.117E-06  0.920E+08  0.136E-06
  0.940E+08  0.166E-06  0.960E+08  0.190E-06  0.980E+08  0.218E-06
  0.100E+09  0.224E-06
CL42 
         279
           0
          36
  0.317E+08  0.000E+00  0.410E+08  0.284E-17  0.420E+08  0.791E-15
  0.430E+08  0.313E-13  0.440E+08  0.386E-12  0.450E+08  0.296E-11
  0.460E+08  0.221E-10  0.470E+08  0.149E-09  0.480E+08  0.667E-09
  0.490E+08  0.243E-08  0.500E+08  0.672E-08  0.520E+08  0.310E-07
  0.540E+08  0.889E-07  0.560E+08  0.248E-06  0.580E+08  0.394E-06
  0.600E+08  0.557E-06  0.620E+08  0.839E-06  0.640E+08  0.927E-06
  0.660E+08  0.125E-05  0.680E+08  0.103E-05  0.700E+08  0.964E-06
  0.720E+08  0.951E-06  0.740E+08  0.838E-06  0.760E+08  0.811E-06
  0.780E+08  0.715E-06  0.800E+08  0.740E-06  0.820E+08  0.725E-06
  0.840E+08  0.619E-06  0.860E+08  0.611E-06  0.880E+08  0.603E-06
  0.900E+08  0.614E-06  0.920E+08  0.866E-06  0.940E+08  0.828E-06
  0.960E+08  0.105E-05  0.980E+08  0.132E-05  0.100E+09  0.152E-05
CL41 
         280
           0
          34
  0.346E+08  0.000E+00  0.430E+08  0.139E-22  0.440E+08  0.796E-19
  0.450E+08  0.629E-17  0.460E+08  0.371E-15  0.470E+08  0.118E-13
  0.480E+08  0.260E-12  0.490E+08  0.203E-11  0.500E+08  0.176E-10
  0.520E+08  0.622E-09  0.540E+08  0.499E-08  0.560E+08  0.508E-07
  0.580E+08  0.178E-06  0.600E+08  0.508E-06  0.620E+08  0.148E-05
  0.640E+08  0.273E-05  0.660E+08  0.473E-05  0.680E+08  0.702E-05
  0.700E+08  0.100E-04  0.720E+08  0.133E-04  0.740E+08  0.153E-04
  0.760E+08  0.189E-04  0.780E+08  0.200E-04  0.800E+08  0.210E-04
  0.820E+08  0.215E-04  0.840E+08  0.208E-04  0.860E+08  0.204E-04
  0.880E+08  0.196E-04  0.900E+08  0.154E-04  0.920E+08  0.148E-04
  0.940E+08  0.124E-04  0.960E+08  0.138E-04  0.980E+08  0.140E-04
  0.100E+09  0.140E-04
CL40 
         281
           0
          26
  0.427E+08  0.000E+00  0.520E+08  0.106E-17  0.540E+08  0.272E-14
  0.560E+08  0.159E-11  0.580E+08  0.138E-09  0.600E+08  0.318E-08
  0.620E+08  0.333E-07  0.640E+08  0.190E-06  0.660E+08  0.824E-06
  0.680E+08  0.245E-05  0.700E+08  0.538E-05  0.720E+08  0.117E-04
  0.740E+08  0.201E-04  0.760E+08  0.323E-04  0.780E+08  0.479E-04
  0.800E+08  0.694E-04  0.820E+08  0.842E-04  0.840E+08  0.988E-04
  0.860E+08  0.113E-03  0.880E+08  0.126E-03  0.900E+08  0.127E-03
  0.920E+08  0.117E-03  0.940E+08  0.113E-03  0.960E+08  0.109E-03
  0.980E+08  0.107E-03  0.100E+09  0.102E-03
CL39 
         282
           0
          23
  0.486E+08  0.000E+00  0.580E+08  0.321E-20  0.600E+08  0.842E-15
  0.620E+08  0.769E-12  0.640E+08  0.677E-10  0.660E+08  0.291E-08
  0.680E+08  0.560E-07  0.700E+08  0.330E-06  0.720E+08  0.139E-05
  0.740E+08  0.395E-05  0.760E+08  0.111E-04  0.780E+08  0.237E-04
  0.800E+08  0.382E-04  0.820E+08  0.638E-04  0.840E+08  0.100E-03
  0.860E+08  0.151E-03  0.880E+08  0.207E-03  0.900E+08  0.277E-03
  0.920E+08  0.358E-03  0.940E+08  0.426E-03  0.960E+08  0.484E-03
  0.980E+08  0.538E-03  0.100E+09  0.577E-03
CL38 
         283
           0
          19
  0.569E+08  0.000E+00  0.660E+08  0.363E-21  0.680E+08  0.515E-16
  0.700E+08  0.715E-13  0.720E+08  0.140E-10  0.740E+08  0.410E-09
  0.760E+08  0.143E-07  0.780E+08  0.154E-06  0.800E+08  0.800E-06
  0.820E+08  0.294E-05  0.840E+08  0.877E-05  0.860E+08  0.234E-04
  0.880E+08  0.479E-04  0.900E+08  0.798E-04  0.920E+08  0.150E-03
  0.940E+08  0.234E-03  0.960E+08  0.354E-03  0.980E+08  0.472E-03
  0.100E+09  0.614E-03
CL37 
         284
           0
          15
  0.631E+08  0.000E+00  0.740E+08  0.888E-19  0.760E+08  0.624E-14
  0.780E+08  0.661E-11  0.800E+08  0.260E-09  0.820E+08  0.425E-08
  0.840E+08  0.325E-07  0.860E+08  0.208E-06  0.880E+08  0.975E-06
  0.900E+08  0.281E-05  0.920E+08  0.905E-05  0.940E+08  0.221E-04
  0.960E+08  0.385E-04  0.980E+08  0.886E-04  0.100E+09  0.162E-03
CL36 
         285
           0
          11
  0.736E+08  0.000E+00  0.820E+08  0.140E-25  0.840E+08  0.265E-21
  0.860E+08  0.140E-17  0.880E+08  0.135E-14  0.900E+08  0.104E-12
  0.920E+08  0.208E-10  0.940E+08  0.443E-09  0.960E+08  0.529E-08
  0.980E+08  0.585E-07  0.100E+09  0.321E-06
CL35 
         286
           0
           6
  0.824E+08  0.000E+00  0.920E+08  0.302E-25  0.940E+08  0.353E-21
  0.960E+08  0.970E-18  0.980E+08  0.839E-15  0.100E+09  0.111E-12
S45  
         467
           0
           5
  0.817E+08  0.000E+00  0.940E+08  0.159E-31  0.960E+08  0.554E-27
  0.980E+08  0.124E-23  0.100E+09  0.539E-24
S44  
         468
           0
           6
  0.796E+08  0.000E+00  0.920E+08  0.605E-31  0.940E+08  0.318E-26
  0.960E+08  0.370E-23  0.980E+08  0.168E-20  0.100E+09  0.225E-19
S43  
         469
           0
          16
  0.595E+08  0.000E+00  0.720E+08  0.148E-22  0.740E+08  0.653E-20
  0.760E+08  0.696E-18  0.780E+08  0.167E-16  0.800E+08  0.306E-15
  0.820E+08  0.297E-14  0.840E+08  0.705E-14  0.860E+08  0.259E-13
  0.880E+08  0.895E-13  0.900E+08  0.351E-12  0.920E+08  0.868E-12
  0.940E+08  0.173E-11  0.960E+08  0.376E-11  0.980E+08  0.882E-11
  0.100E+09  0.131E-10
S42  
         470
           0
          16
  0.610E+08  0.000E+00  0.720E+08  0.420E-26  0.740E+08  0.182E-22
  0.760E+08  0.587E-20  0.780E+08  0.410E-18  0.800E+08  0.104E-16
  0.820E+08  0.229E-15  0.840E+08  0.847E-15  0.860E+08  0.491E-14
  0.880E+08  0.394E-13  0.900E+08  0.290E-12  0.920E+08  0.110E-11
  0.940E+08  0.353E-11  0.960E+08  0.126E-10  0.980E+08  0.408E-10
  0.100E+09  0.834E-10
S41  
         471
           0
          24
  0.458E+08  0.000E+00  0.560E+08  0.100E-23  0.580E+08  0.537E-21
  0.600E+08  0.263E-18  0.620E+08  0.172E-15  0.640E+08  0.107E-13
  0.660E+08  0.247E-12  0.680E+08  0.291E-11  0.700E+08  0.181E-10
  0.720E+08  0.978E-10  0.740E+08  0.252E-09  0.760E+08  0.504E-09
  0.780E+08  0.894E-09  0.800E+08  0.130E-08  0.820E+08  0.127E-08
  0.840E+08  0.145E-08  0.860E+08  0.165E-08  0.880E+08  0.192E-08
  0.900E+08  0.316E-08  0.920E+08  0.336E-08  0.940E+08  0.314E-08
  0.960E+08  0.363E-08  0.980E+08  0.363E-08  0.100E+09  0.337E-08
S40  
         472
           0
          23
  0.470E+08  0.000E+00  0.580E+08  0.421E-24  0.600E+08  0.263E-20
  0.620E+08  0.393E-17  0.640E+08  0.377E-15  0.660E+08  0.195E-13
  0.680E+08  0.408E-12  0.700E+08  0.556E-11  0.720E+08  0.575E-10
  0.740E+08  0.262E-09  0.760E+08  0.920E-09  0.780E+08  0.276E-08
  0.800E+08  0.677E-08  0.820E+08  0.131E-07  0.840E+08  0.220E-07
  0.860E+08  0.354E-07  0.880E+08  0.570E-07  0.900E+08  0.775E-07
  0.920E+08  0.105E-06  0.940E+08  0.129E-06  0.960E+08  0.159E-06
  0.980E+08  0.186E-06  0.100E+09  0.222E-06
S39  
         473
           0
          38
  0.282E+08  0.000E+00  0.390E+08  0.104E-20  0.400E+08  0.107E-17
  0.410E+08  0.721E-16  0.420E+08  0.108E-14  0.430E+08  0.201E-13
  0.440E+08  0.240E-12  0.450E+08  0.861E-12  0.460E+08  0.627E-11
  0.470E+08  0.383E-10  0.480E+08  0.141E-09  0.490E+08  0.563E-09
  0.500E+08  0.974E-09  0.520E+08  0.436E-08  0.540E+08  0.105E-07
  0.560E+08  0.241E-07  0.580E+08  0.405E-07  0.600E+08  0.641E-07
  0.620E+08  0.814E-07  0.640E+08  0.122E-06  0.660E+08  0.117E-06
  0.680E+08  0.113E-06  0.700E+08  0.103E-06  0.720E+08  0.712E-07
  0.740E+08  0.676E-07  0.760E+08  0.534E-07  0.780E+08  0.472E-07
  0.800E+08  0.414E-07  0.820E+08  0.387E-07  0.840E+08  0.410E-07
  0.860E+08  0.598E-07  0.880E+08  0.877E-07  0.900E+08  0.149E-06
  0.920E+08  0.237E-06  0.940E+08  0.376E-06  0.960E+08  0.471E-06
  0.980E+08  0.646E-06  0.100E+09  0.817E-06
S38  
         474
           0
          34
  0.325E+08  0.000E+00  0.430E+08  0.542E-21  0.440E+08  0.453E-18
  0.450E+08  0.418E-17  0.460E+08  0.291E-15  0.470E+08  0.141E-13
  0.480E+08  0.222E-12  0.490E+08  0.334E-11  0.500E+08  0.217E-10
  0.520E+08  0.478E-09  0.540E+08  0.272E-08  0.560E+08  0.200E-07
  0.580E+08  0.712E-07  0.600E+08  0.166E-06  0.620E+08  0.420E-06
  0.640E+08  0.772E-06  0.660E+08  0.129E-05  0.680E+08  0.194E-05
  0.700E+08  0.250E-05  0.720E+08  0.296E-05  0.740E+08  0.399E-05
  0.760E+08  0.416E-05  0.780E+08  0.446E-05  0.800E+08  0.436E-05
  0.820E+08  0.425E-05  0.840E+08  0.425E-05  0.860E+08  0.396E-05
  0.880E+08  0.376E-05  0.900E+08  0.329E-05  0.920E+08  0.306E-05
  0.940E+08  0.303E-05  0.960E+08  0.290E-05  0.980E+08  0.360E-05
  0.100E+09  0.440E-05
S37  
         475
           0
          26
  0.407E+08  0.000E+00  0.520E+08  0.120E-19  0.540E+08  0.177E-16
  0.560E+08  0.447E-13  0.580E+08  0.678E-11  0.600E+08  0.186E-09
  0.620E+08  0.562E-08  0.640E+08  0.363E-07  0.660E+08  0.213E-06
  0.680E+08  0.647E-06  0.700E+08  0.152E-05  0.720E+08  0.323E-05
  0.740E+08  0.531E-05  0.760E+08  0.799E-05  0.780E+08  0.113E-04
  0.800E+08  0.141E-04  0.820E+08  0.167E-04  0.840E+08  0.172E-04
  0.860E+08  0.169E-04  0.880E+08  0.172E-04  0.900E+08  0.168E-04
  0.920E+08  0.163E-04  0.940E+08  0.158E-04  0.960E+08  0.143E-04
  0.980E+08  0.199E-04  0.100E+09  0.196E-04
S36  
         476
           0
          24
  0.451E+08  0.000E+00  0.560E+08  0.166E-21  0.580E+08  0.695E-17
  0.600E+08  0.441E-14  0.620E+08  0.250E-11  0.640E+08  0.941E-10
  0.660E+08  0.387E-08  0.680E+08  0.304E-07  0.700E+08  0.170E-06
  0.720E+08  0.357E-06  0.740E+08  0.984E-06  0.760E+08  0.252E-05
  0.780E+08  0.570E-05  0.800E+08  0.105E-04  0.820E+08  0.179E-04
  0.840E+08  0.302E-04  0.860E+08  0.465E-04  0.880E+08  0.627E-04
  0.900E+08  0.805E-04  0.920E+08  0.100E-03  0.940E+08  0.112E-03
  0.960E+08  0.125E-03  0.980E+08  0.136E-03  0.100E+09  0.146E-03
S35  
         477
           0
          19
  0.552E+08  0.000E+00  0.660E+08  0.882E-23  0.680E+08  0.813E-18
  0.700E+08  0.101E-14  0.720E+08  0.613E-13  0.740E+08  0.390E-11
  0.760E+08  0.110E-09  0.780E+08  0.113E-08  0.800E+08  0.107E-07
  0.820E+08  0.488E-07  0.840E+08  0.255E-06  0.860E+08  0.122E-05
  0.880E+08  0.327E-05  0.900E+08  0.764E-05  0.920E+08  0.167E-04
  0.940E+08  0.316E-04  0.960E+08  0.503E-04  0.980E+08  0.668E-04
  0.100E+09  0.900E-04
S34  
         478
           0
          15
  0.623E+08  0.000E+00  0.740E+08  0.149E-22  0.760E+08  0.292E-18
  0.780E+08  0.292E-15  0.800E+08  0.221E-13  0.820E+08  0.116E-11
  0.840E+08  0.173E-10  0.860E+08  0.659E-09  0.880E+08  0.397E-08
  0.900E+08  0.275E-07  0.920E+08  0.181E-06  0.940E+08  0.776E-06
  0.960E+08  0.223E-05  0.980E+08  0.459E-05  0.100E+09  0.118E-04
S33  
         479
           0
           9
  0.739E+08  0.000E+00  0.860E+08  0.126E-24  0.880E+08  0.601E-22
  0.900E+08  0.562E-19  0.920E+08  0.118E-15  0.940E+08  0.196E-13
  0.960E+08  0.977E-12  0.980E+08  0.126E-10  0.100E+09  0.569E-09
S32  
         480
           0
           5
  0.827E+08  0.000E+00  0.940E+08  0.743E-31  0.960E+08  0.104E-24
  0.980E+08  0.106E-21  0.100E+09  0.102E-18
P42  
         575
           0
           6
  0.786E+08  0.000E+00  0.920E+08  0.546E-32  0.940E+08  0.104E-27
  0.960E+08  0.413E-24  0.980E+08  0.212E-21  0.100E+09  0.869E-20
P41  
         576
           0
           6
  0.792E+08  0.000E+00  0.920E+08  0.803E-34  0.940E+08  0.299E-29
  0.960E+08  0.231E-25  0.980E+08  0.654E-22  0.100E+09  0.323E-20
P40  
         577
           0
          16
  0.591E+08  0.000E+00  0.720E+08  0.102E-25  0.740E+08  0.278E-22
  0.760E+08  0.110E-19  0.780E+08  0.380E-18  0.800E+08  0.165E-16
  0.820E+08  0.331E-15  0.840E+08  0.116E-14  0.860E+08  0.426E-14
  0.880E+08  0.302E-13  0.900E+08  0.202E-12  0.920E+08  0.713E-12
  0.940E+08  0.221E-11  0.960E+08  0.590E-11  0.980E+08  0.158E-10
  0.100E+09  0.259E-10
P39  
         578
           0
          14
  0.649E+08  0.000E+00  0.760E+08  0.336E-25  0.780E+08  0.178E-22
  0.800E+08  0.101E-19  0.820E+08  0.328E-17  0.840E+08  0.216E-16
  0.860E+08  0.254E-15  0.880E+08  0.390E-14  0.900E+08  0.387E-13
  0.920E+08  0.252E-12  0.940E+08  0.973E-12  0.960E+08  0.478E-11
  0.980E+08  0.214E-10  0.100E+09  0.499E-10
P38  
         579
           0
          24
  0.441E+08  0.000E+00  0.560E+08  0.347E-26  0.580E+08  0.121E-21
  0.600E+08  0.183E-18  0.620E+08  0.335E-16  0.640E+08  0.394E-14
  0.660E+08  0.153E-12  0.680E+08  0.313E-11  0.700E+08  0.257E-10
  0.720E+08  0.155E-09  0.740E+08  0.514E-09  0.760E+08  0.130E-08
  0.780E+08  0.261E-08  0.800E+08  0.432E-08  0.820E+08  0.598E-08
  0.840E+08  0.796E-08  0.860E+08  0.107E-07  0.880E+08  0.138E-07
  0.900E+08  0.158E-07  0.920E+08  0.135E-07  0.940E+08  0.131E-07
  0.960E+08  0.138E-07  0.980E+08  0.157E-07  0.100E+09  0.153E-07
P37  
         580
           0
          23
  0.456E+08  0.000E+00  0.580E+08  0.968E-27  0.600E+08  0.284E-22
  0.620E+08  0.811E-19  0.640E+08  0.767E-16  0.660E+08  0.533E-14
  0.680E+08  0.184E-12  0.700E+08  0.295E-11  0.720E+08  0.290E-10
  0.740E+08  0.173E-09  0.760E+08  0.796E-09  0.780E+08  0.270E-08
  0.800E+08  0.698E-08  0.820E+08  0.147E-07  0.840E+08  0.291E-07
  0.860E+08  0.503E-07  0.880E+08  0.766E-07  0.900E+08  0.116E-06
  0.920E+08  0.157E-06  0.940E+08  0.197E-06  0.960E+08  0.241E-06
  0.980E+08  0.299E-06  0.100E+09  0.372E-06
P36  
         581
           0
          20
  0.520E+08  0.000E+00  0.640E+08  0.156E-26  0.660E+08  0.191E-21
  0.680E+08  0.962E-18  0.700E+08  0.369E-15  0.720E+08  0.396E-13
  0.740E+08  0.805E-12  0.760E+08  0.219E-10  0.780E+08  0.199E-09
  0.800E+08  0.127E-08  0.820E+08  0.490E-08  0.840E+08  0.178E-07
  0.860E+08  0.479E-07  0.880E+08  0.109E-06  0.900E+08  0.229E-06
  0.920E+08  0.409E-06  0.940E+08  0.699E-06  0.960E+08  0.966E-06
  0.980E+08  0.131E-05  0.100E+09  0.171E-05
P35  
         582
           0
          18
  0.561E+08  0.000E+00  0.680E+08  0.984E-27  0.700E+08  0.193E-21
  0.720E+08  0.507E-18  0.740E+08  0.147E-15  0.760E+08  0.197E-13
  0.780E+08  0.876E-12  0.800E+08  0.182E-10  0.820E+08  0.193E-09
  0.840E+08  0.149E-08  0.860E+08  0.759E-08  0.880E+08  0.284E-07
  0.900E+08  0.840E-07  0.920E+08  0.265E-06  0.940E+08  0.618E-06
  0.960E+08  0.111E-05  0.980E+08  0.195E-05  0.100E+09  0.336E-05
P34  
         583
           0
          13
  0.647E+08  0.000E+00  0.780E+08  0.212E-23  0.800E+08  0.111E-19
  0.820E+08  0.536E-17  0.840E+08  0.491E-15  0.860E+08  0.549E-13
  0.880E+08  0.186E-11  0.900E+08  0.262E-10  0.920E+08  0.472E-09
  0.940E+08  0.333E-08  0.960E+08  0.260E-07  0.980E+08  0.874E-07
  0.100E+09  0.207E-06
P33  
         584
           0
          10
  0.711E+08  0.000E+00  0.840E+08  0.145E-26  0.860E+08  0.303E-23
  0.880E+08  0.111E-19  0.900E+08  0.297E-17  0.920E+08  0.107E-14
  0.940E+08  0.610E-13  0.960E+08  0.388E-11  0.980E+08  0.115E-09
  0.100E+09  0.103E-08
P32  
         585
           0
           5
  0.814E+08  0.000E+00  0.940E+08  0.138E-30  0.960E+08  0.206E-25
  0.980E+08  0.237E-21  0.100E+09  0.267E-18
SI39 
         875
           0
           7
  0.742E+08  0.000E+00  0.900E+08  0.189E-31  0.920E+08  0.129E-28
  0.940E+08  0.840E-26  0.960E+08  0.672E-23  0.980E+08  0.159E-20
  0.100E+09  0.411E-19
SI38 
         876
           0
           7
  0.746E+08  0.000E+00  0.900E+08  0.361E-33  0.920E+08  0.435E-29
  0.940E+08  0.419E-26  0.960E+08  0.101E-23  0.980E+08  0.697E-21
  0.100E+09  0.157E-19
SI37 
         877
           0
          15
  0.594E+08  0.000E+00  0.740E+08  0.200E-29  0.760E+08  0.203E-25
  0.780E+08  0.232E-22  0.800E+08  0.432E-20  0.820E+08  0.592E-18
  0.840E+08  0.107E-16  0.860E+08  0.199E-15  0.880E+08  0.286E-14
  0.900E+08  0.151E-13  0.920E+08  0.768E-13  0.940E+08  0.282E-12
  0.960E+08  0.635E-12  0.980E+08  0.134E-11  0.100E+09  0.242E-11
SI36 
         878
           0
          15
  0.595E+08  0.000E+00  0.740E+08  0.220E-29  0.760E+08  0.217E-25
  0.780E+08  0.228E-22  0.800E+08  0.161E-20  0.820E+08  0.101E-18
  0.840E+08  0.476E-17  0.860E+08  0.213E-15  0.880E+08  0.325E-14
  0.900E+08  0.311E-13  0.920E+08  0.210E-12  0.940E+08  0.983E-12
  0.960E+08  0.394E-11  0.980E+08  0.125E-10  0.100E+09  0.262E-10
SI35 
         879
           0
          25
  0.393E+08  0.000E+00  0.540E+08  0.146E-27  0.560E+08  0.406E-22
  0.580E+08  0.542E-19  0.600E+08  0.355E-17  0.620E+08  0.398E-15
  0.640E+08  0.156E-13  0.660E+08  0.259E-12  0.680E+08  0.253E-11
  0.700E+08  0.123E-10  0.720E+08  0.576E-10  0.740E+08  0.143E-09
  0.760E+08  0.230E-09  0.780E+08  0.400E-09  0.800E+08  0.464E-09
  0.820E+08  0.608E-09  0.840E+08  0.808E-09  0.860E+08  0.807E-09
  0.880E+08  0.890E-09  0.900E+08  0.123E-08  0.920E+08  0.173E-08
  0.940E+08  0.185E-08  0.960E+08  0.153E-08  0.980E+08  0.147E-08
  0.100E+09  0.137E-08
SI34 
         880
           0
          24
  0.421E+08  0.000E+00  0.560E+08  0.259E-27  0.580E+08  0.119E-22
  0.600E+08  0.501E-20  0.620E+08  0.416E-17  0.640E+08  0.267E-15
  0.660E+08  0.143E-13  0.680E+08  0.214E-12  0.700E+08  0.278E-11
  0.720E+08  0.288E-10  0.740E+08  0.126E-09  0.760E+08  0.508E-09
  0.780E+08  0.147E-08  0.800E+08  0.318E-08  0.820E+08  0.647E-08
  0.840E+08  0.127E-07  0.860E+08  0.199E-07  0.880E+08  0.280E-07
  0.900E+08  0.380E-07  0.920E+08  0.482E-07  0.940E+08  0.616E-07
  0.960E+08  0.691E-07  0.980E+08  0.870E-07  0.100E+09  0.999E-07
SI33 
         881
           0
          20
  0.496E+08  0.000E+00  0.640E+08  0.210E-26  0.660E+08  0.206E-21
  0.680E+08  0.122E-18  0.700E+08  0.357E-16  0.720E+08  0.114E-14
  0.740E+08  0.279E-13  0.760E+08  0.787E-12  0.780E+08  0.957E-11
  0.800E+08  0.724E-10  0.820E+08  0.410E-09  0.840E+08  0.180E-08
  0.860E+08  0.645E-08  0.880E+08  0.181E-07  0.900E+08  0.345E-07
  0.920E+08  0.672E-07  0.940E+08  0.108E-06  0.960E+08  0.165E-06
  0.980E+08  0.210E-06  0.100E+09  0.255E-06
SI32 
         882
           0
          18
  0.543E+08  0.000E+00  0.680E+08  0.736E-29  0.700E+08  0.537E-24
  0.720E+08  0.392E-21  0.740E+08  0.123E-18  0.760E+08  0.284E-16
  0.780E+08  0.291E-14  0.800E+08  0.101E-12  0.820E+08  0.151E-11
  0.840E+08  0.169E-10  0.860E+08  0.204E-09  0.880E+08  0.128E-08
  0.900E+08  0.448E-08  0.920E+08  0.159E-07  0.940E+08  0.393E-07
  0.960E+08  0.873E-07  0.980E+08  0.154E-06  0.100E+09  0.252E-06
SI31 
         883
           0
          13
  0.636E+08  0.000E+00  0.780E+08  0.216E-28  0.800E+08  0.799E-24
  0.820E+08  0.580E-21  0.840E+08  0.311E-19  0.860E+08  0.708E-17
  0.880E+08  0.638E-15  0.900E+08  0.283E-13  0.920E+08  0.224E-11
  0.940E+08  0.321E-10  0.960E+08  0.289E-09  0.980E+08  0.113E-08
  0.100E+09  0.461E-08
SI30 
         884
           0
           9
  0.704E+08  0.000E+00  0.860E+08  0.123E-26  0.880E+08  0.258E-24
  0.900E+08  0.276E-21  0.920E+08  0.723E-18  0.940E+08  0.870E-16
  0.960E+08  0.384E-14  0.980E+08  0.559E-13  0.100E+09  0.177E-11
SI29 
         885
           0
           4
  0.812E+08  0.000E+00  0.960E+08  0.732E-33  0.980E+08  0.703E-29
  0.100E+09  0.614E-24
