         102
FE57 
          16
           0
          70
  0.102E+08  0.000E+00  0.105E+08  0.169E-02  0.110E+08  0.121E+00
  0.115E+08  0.332E+00  0.120E+08  0.609E+00  0.125E+08  0.754E+00
  0.130E+08  0.908E+00  0.135E+08  0.102E+01  0.140E+08  0.110E+01
  0.145E+08  0.116E+01  0.150E+08  0.119E+01  0.160E+08  0.124E+01
  0.170E+08  0.126E+01  0.180E+08  0.125E+01  0.190E+08  0.124E+01
  0.200E+08  0.118E+01  0.210E+08  0.101E+01  0.220E+08  0.830E+00
  0.230E+08  0.669E+00  0.240E+08  0.514E+00  0.250E+08  0.441E+00
  0.260E+08  0.366E+00  0.270E+08  0.325E+00  0.280E+08  0.277E+00
  0.290E+08  0.245E+00  0.300E+08  0.224E+00  0.310E+08  0.205E+00
  0.320E+08  0.189E+00  0.330E+08  0.172E+00  0.340E+08  0.162E+00
  0.350E+08  0.154E+00  0.360E+08  0.147E+00  0.370E+08  0.144E+00
  0.380E+08  0.140E+00  0.390E+08  0.136E+00  0.400E+08  0.132E+00
  0.410E+08  0.128E+00  0.420E+08  0.124E+00  0.430E+08  0.121E+00
  0.440E+08  0.117E+00  0.450E+08  0.111E+00  0.460E+08  0.108E+00
  0.470E+08  0.106E+00  0.480E+08  0.103E+00  0.500E+08  0.995E-01
  0.520E+08  0.960E-01  0.540E+08  0.924E-01  0.560E+08  0.889E-01
  0.580E+08  0.854E-01  0.600E+08  0.785E-01  0.620E+08  0.754E-01
  0.640E+08  0.726E-01  0.660E+08  0.699E-01  0.680E+08  0.673E-01
  0.700E+08  0.649E-01  0.720E+08  0.634E-01  0.740E+08  0.618E-01
  0.760E+08  0.603E-01  0.780E+08  0.587E-01  0.800E+08  0.572E-01
  0.820E+08  0.557E-01  0.840E+08  0.541E-01  0.860E+08  0.526E-01
  0.880E+08  0.510E-01  0.900E+08  0.488E-01  0.920E+08  0.467E-01
  0.940E+08  0.454E-01  0.960E+08  0.440E-01  0.980E+08  0.428E-01
  0.100E+09  0.416E-01
FE56 
          17
           0
          57
  0.180E+08  0.000E+00  0.190E+08  0.257E-02  0.200E+08  0.493E-01
  0.210E+08  0.202E+00  0.220E+08  0.357E+00  0.230E+08  0.494E+00
  0.240E+08  0.627E+00  0.250E+08  0.676E+00  0.260E+08  0.727E+00
  0.270E+08  0.746E+00  0.280E+08  0.767E+00  0.290E+08  0.773E+00
  0.300E+08  0.767E+00  0.310E+08  0.760E+00  0.320E+08  0.747E+00
  0.330E+08  0.728E+00  0.340E+08  0.693E+00  0.350E+08  0.648E+00
  0.360E+08  0.602E+00  0.370E+08  0.556E+00  0.380E+08  0.509E+00
  0.390E+08  0.471E+00  0.400E+08  0.431E+00  0.410E+08  0.394E+00
  0.420E+08  0.357E+00  0.430E+08  0.328E+00  0.440E+08  0.303E+00
  0.450E+08  0.278E+00  0.460E+08  0.260E+00  0.470E+08  0.243E+00
  0.480E+08  0.233E+00  0.500E+08  0.210E+00  0.520E+08  0.184E+00
  0.540E+08  0.170E+00  0.560E+08  0.158E+00  0.580E+08  0.147E+00
  0.600E+08  0.138E+00  0.620E+08  0.131E+00  0.640E+08  0.127E+00
  0.660E+08  0.124E+00  0.680E+08  0.119E+00  0.700E+08  0.116E+00
  0.720E+08  0.113E+00  0.740E+08  0.110E+00  0.760E+08  0.105E+00
  0.780E+08  0.979E-01  0.800E+08  0.929E-01  0.820E+08  0.879E-01
  0.840E+08  0.852E-01  0.860E+08  0.835E-01  0.880E+08  0.809E-01
  0.900E+08  0.780E-01  0.920E+08  0.789E-01  0.940E+08  0.766E-01
  0.960E+08  0.746E-01  0.980E+08  0.728E-01  0.100E+09  0.733E-01
FE55 
          37
           0
          45
  0.294E+08  0.000E+00  0.310E+08  0.209E-03  0.320E+08  0.267E-02
  0.330E+08  0.147E-01  0.340E+08  0.348E-01  0.350E+08  0.626E-01
  0.360E+08  0.936E-01  0.370E+08  0.115E+00  0.380E+08  0.146E+00
  0.390E+08  0.165E+00  0.400E+08  0.190E+00  0.410E+08  0.209E+00
  0.420E+08  0.231E+00  0.430E+08  0.240E+00  0.440E+08  0.250E+00
  0.450E+08  0.257E+00  0.460E+08  0.257E+00  0.470E+08  0.253E+00
  0.480E+08  0.249E+00  0.500E+08  0.225E+00  0.520E+08  0.213E+00
  0.540E+08  0.202E+00  0.560E+08  0.184E+00  0.580E+08  0.167E+00
  0.600E+08  0.152E+00  0.620E+08  0.141E+00  0.640E+08  0.130E+00
  0.660E+08  0.115E+00  0.680E+08  0.107E+00  0.700E+08  0.946E-01
  0.720E+08  0.890E-01  0.740E+08  0.845E-01  0.760E+08  0.786E-01
  0.780E+08  0.747E-01  0.800E+08  0.716E-01  0.820E+08  0.697E-01
  0.840E+08  0.678E-01  0.860E+08  0.659E-01  0.880E+08  0.640E-01
  0.900E+08  0.621E-01  0.920E+08  0.600E-01  0.940E+08  0.575E-01
  0.960E+08  0.533E-01  0.980E+08  0.505E-01  0.100E+09  0.477E-01
MN58 
         103
           0
          75
  0.564E+07  0.000E+00  0.800E+07  0.454E-04  0.850E+07  0.211E-03
  0.900E+07  0.597E-03  0.950E+07  0.133E-02  0.100E+08  0.239E-02
  0.105E+08  0.350E-02  0.110E+08  0.514E-02  0.115E+08  0.708E-02
  0.120E+08  0.931E-02  0.125E+08  0.116E-01  0.130E+08  0.138E-01
  0.135E+08  0.167E-01  0.140E+08  0.198E-01  0.145E+08  0.231E-01
  0.150E+08  0.264E-01  0.160E+08  0.308E-01  0.170E+08  0.338E-01
  0.180E+08  0.354E-01  0.190E+08  0.359E-01  0.200E+08  0.364E-01
  0.210E+08  0.369E-01  0.220E+08  0.374E-01  0.230E+08  0.379E-01
  0.240E+08  0.378E-01  0.250E+08  0.376E-01  0.260E+08  0.373E-01
  0.270E+08  0.369E-01  0.280E+08  0.364E-01  0.290E+08  0.358E-01
  0.300E+08  0.355E-01  0.310E+08  0.351E-01  0.320E+08  0.346E-01
  0.330E+08  0.343E-01  0.340E+08  0.340E-01  0.350E+08  0.337E-01
  0.360E+08  0.334E-01  0.370E+08  0.329E-01  0.380E+08  0.324E-01
  0.390E+08  0.320E-01  0.400E+08  0.315E-01  0.410E+08  0.310E-01
  0.420E+08  0.305E-01  0.430E+08  0.301E-01  0.440E+08  0.296E-01
  0.450E+08  0.291E-01  0.460E+08  0.285E-01  0.470E+08  0.280E-01
  0.480E+08  0.274E-01  0.500E+08  0.268E-01  0.520E+08  0.262E-01
  0.540E+08  0.256E-01  0.560E+08  0.247E-01  0.580E+08  0.234E-01
  0.600E+08  0.220E-01  0.620E+08  0.212E-01  0.640E+08  0.205E-01
  0.660E+08  0.203E-01  0.680E+08  0.200E-01  0.700E+08  0.194E-01
  0.720E+08  0.192E-01  0.740E+08  0.191E-01  0.760E+08  0.189E-01
  0.780E+08  0.183E-01  0.800E+08  0.178E-01  0.820E+08  0.172E-01
  0.840E+08  0.167E-01  0.860E+08  0.163E-01  0.880E+08  0.155E-01
  0.900E+08  0.148E-01  0.920E+08  0.144E-01  0.940E+08  0.140E-01
  0.960E+08  0.141E-01  0.980E+08  0.137E-01  0.100E+09  0.133E-01
CR57 
         111
           0
          57
  0.162E+08  0.000E+00  0.190E+08  0.341E-03  0.200E+08  0.590E-03
  0.210E+08  0.781E-03  0.220E+08  0.996E-03  0.230E+08  0.124E-02
  0.240E+08  0.150E-02  0.250E+08  0.176E-02  0.260E+08  0.203E-02
  0.270E+08  0.224E-02  0.280E+08  0.255E-02  0.290E+08  0.287E-02
  0.300E+08  0.320E-02  0.310E+08  0.354E-02  0.320E+08  0.389E-02
  0.330E+08  0.425E-02  0.340E+08  0.448E-02  0.350E+08  0.484E-02
  0.360E+08  0.515E-02  0.370E+08  0.536E-02  0.380E+08  0.541E-02
  0.390E+08  0.546E-02  0.400E+08  0.562E-02  0.410E+08  0.562E-02
  0.420E+08  0.558E-02  0.430E+08  0.556E-02  0.440E+08  0.552E-02
  0.450E+08  0.546E-02  0.460E+08  0.542E-02  0.470E+08  0.539E-02
  0.480E+08  0.544E-02  0.500E+08  0.503E-02  0.520E+08  0.496E-02
  0.540E+08  0.490E-02  0.560E+08  0.483E-02  0.580E+08  0.496E-02
  0.600E+08  0.491E-02  0.620E+08  0.459E-02  0.640E+08  0.455E-02
  0.660E+08  0.485E-02  0.680E+08  0.480E-02  0.700E+08  0.475E-02
  0.720E+08  0.468E-02  0.740E+08  0.464E-02  0.760E+08  0.461E-02
  0.780E+08  0.457E-02  0.800E+08  0.453E-02  0.820E+08  0.448E-02
  0.840E+08  0.459E-02  0.860E+08  0.455E-02  0.880E+08  0.451E-02
  0.900E+08  0.447E-02  0.920E+08  0.417E-02  0.940E+08  0.412E-02
  0.960E+08  0.438E-02  0.980E+08  0.434E-02  0.100E+09  0.430E-02
FE54 
         121
           0
          36
  0.388E+08  0.000E+00  0.400E+08  0.555E-07  0.410E+08  0.821E-05
  0.420E+08  0.170E-03  0.430E+08  0.568E-03  0.440E+08  0.183E-02
  0.450E+08  0.499E-02  0.460E+08  0.904E-02  0.470E+08  0.142E-01
  0.480E+08  0.184E-01  0.500E+08  0.326E-01  0.520E+08  0.373E-01
  0.540E+08  0.421E-01  0.560E+08  0.468E-01  0.580E+08  0.568E-01
  0.600E+08  0.624E-01  0.620E+08  0.654E-01  0.640E+08  0.638E-01
  0.660E+08  0.627E-01  0.680E+08  0.617E-01  0.700E+08  0.606E-01
  0.720E+08  0.595E-01  0.740E+08  0.585E-01  0.760E+08  0.574E-01
  0.780E+08  0.541E-01  0.800E+08  0.496E-01  0.820E+08  0.452E-01
  0.840E+08  0.433E-01  0.860E+08  0.419E-01  0.880E+08  0.405E-01
  0.900E+08  0.392E-01  0.920E+08  0.379E-01  0.940E+08  0.366E-01
  0.960E+08  0.356E-01  0.980E+08  0.342E-01  0.100E+09  0.328E-01
FE53 
         122
           0
          24
  0.525E+08  0.000E+00  0.560E+08  0.325E-07  0.580E+08  0.258E-05
  0.600E+08  0.185E-04  0.620E+08  0.731E-04  0.640E+08  0.107E-03
  0.660E+08  0.321E-03  0.680E+08  0.582E-03  0.700E+08  0.899E-03
  0.720E+08  0.114E-02  0.740E+08  0.146E-02  0.760E+08  0.175E-02
  0.780E+08  0.240E-02  0.800E+08  0.277E-02  0.820E+08  0.279E-02
  0.840E+08  0.280E-02  0.860E+08  0.294E-02  0.880E+08  0.259E-02
  0.900E+08  0.271E-02  0.920E+08  0.283E-02  0.940E+08  0.274E-02
  0.960E+08  0.265E-02  0.980E+08  0.276E-02  0.100E+09  0.257E-02
FE52 
         123
           0
          19
  0.633E+08  0.000E+00  0.660E+08  0.509E-11  0.680E+08  0.627E-09
  0.700E+08  0.612E-08  0.720E+08  0.285E-07  0.740E+08  0.109E-06
  0.760E+08  0.452E-06  0.780E+08  0.145E-05  0.800E+08  0.346E-05
  0.820E+08  0.563E-05  0.840E+08  0.922E-05  0.860E+08  0.207E-04
  0.880E+08  0.320E-04  0.900E+08  0.431E-04  0.920E+08  0.518E-04
  0.940E+08  0.587E-04  0.960E+08  0.689E-04  0.980E+08  0.872E-04
  0.100E+09  0.841E-04
FE51 
         124
           0
          10
  0.798E+08  0.000E+00  0.840E+08  0.470E-15  0.860E+08  0.516E-12
  0.880E+08  0.852E-11  0.900E+08  0.626E-10  0.920E+08  0.229E-09
  0.940E+08  0.645E-09  0.960E+08  0.237E-08  0.980E+08  0.694E-08
  0.100E+09  0.118E-07
FE50 
         125
           0
           4
  0.938E+08  0.000E+00  0.960E+08  0.256E-23  0.980E+08  0.156E-19
  0.100E+09  0.676E-18
MN57 
         153
           0
          67
  0.990E+07  0.000E+00  0.120E+08  0.652E-07  0.125E+08  0.949E-06
  0.130E+08  0.573E-05  0.135E+08  0.175E-04  0.140E+08  0.503E-04
  0.145E+08  0.371E-02  0.150E+08  0.492E-02  0.160E+08  0.733E-02
  0.170E+08  0.128E-01  0.180E+08  0.196E-01  0.190E+08  0.263E-01
  0.200E+08  0.358E-01  0.210E+08  0.451E-01  0.220E+08  0.537E-01
  0.230E+08  0.650E-01  0.240E+08  0.779E-01  0.250E+08  0.891E-01
  0.260E+08  0.988E-01  0.270E+08  0.103E+00  0.280E+08  0.106E+00
  0.290E+08  0.108E+00  0.300E+08  0.112E+00  0.310E+08  0.113E+00
  0.320E+08  0.113E+00  0.330E+08  0.113E+00  0.340E+08  0.113E+00
  0.350E+08  0.113E+00  0.360E+08  0.110E+00  0.370E+08  0.108E+00
  0.380E+08  0.106E+00  0.390E+08  0.103E+00  0.400E+08  0.999E-01
  0.410E+08  0.982E-01  0.420E+08  0.969E-01  0.430E+08  0.957E-01
  0.440E+08  0.944E-01  0.450E+08  0.931E-01  0.460E+08  0.919E-01
  0.470E+08  0.906E-01  0.480E+08  0.893E-01  0.500E+08  0.868E-01
  0.520E+08  0.846E-01  0.540E+08  0.827E-01  0.560E+08  0.810E-01
  0.580E+08  0.798E-01  0.600E+08  0.786E-01  0.620E+08  0.774E-01
  0.640E+08  0.765E-01  0.660E+08  0.749E-01  0.680E+08  0.733E-01
  0.700E+08  0.717E-01  0.720E+08  0.713E-01  0.740E+08  0.705E-01
  0.760E+08  0.698E-01  0.780E+08  0.690E-01  0.800E+08  0.684E-01
  0.820E+08  0.674E-01  0.840E+08  0.663E-01  0.860E+08  0.655E-01
  0.880E+08  0.648E-01  0.900E+08  0.640E-01  0.920E+08  0.633E-01
  0.940E+08  0.624E-01  0.960E+08  0.616E-01  0.980E+08  0.608E-01
  0.100E+09  0.600E-01
MN56 
         154
           0
          54
  0.187E+08  0.000E+00  0.220E+08  0.139E-04  0.230E+08  0.161E-03
  0.240E+08  0.677E-03  0.250E+08  0.196E-02  0.260E+08  0.516E-02
  0.270E+08  0.126E-01  0.280E+08  0.236E-01  0.290E+08  0.357E-01
  0.300E+08  0.451E-01  0.310E+08  0.594E-01  0.320E+08  0.737E-01
  0.330E+08  0.859E-01  0.340E+08  0.976E-01  0.350E+08  0.110E+00
  0.360E+08  0.118E+00  0.370E+08  0.127E+00  0.380E+08  0.133E+00
  0.390E+08  0.135E+00  0.400E+08  0.136E+00  0.410E+08  0.136E+00
  0.420E+08  0.136E+00  0.430E+08  0.136E+00  0.440E+08  0.135E+00
  0.450E+08  0.135E+00  0.460E+08  0.135E+00  0.470E+08  0.135E+00
  0.480E+08  0.134E+00  0.500E+08  0.134E+00  0.520E+08  0.128E+00
  0.540E+08  0.113E+00  0.560E+08  0.108E+00  0.580E+08  0.971E-01
  0.600E+08  0.928E-01  0.620E+08  0.882E-01  0.640E+08  0.850E-01
  0.660E+08  0.820E-01  0.680E+08  0.849E-01  0.700E+08  0.886E-01
  0.720E+08  0.854E-01  0.740E+08  0.832E-01  0.760E+08  0.817E-01
  0.780E+08  0.804E-01  0.800E+08  0.786E-01  0.820E+08  0.767E-01
  0.840E+08  0.736E-01  0.860E+08  0.704E-01  0.880E+08  0.672E-01
  0.900E+08  0.641E-01  0.920E+08  0.628E-01  0.940E+08  0.619E-01
  0.960E+08  0.609E-01  0.980E+08  0.637E-01  0.100E+09  0.669E-01
MN55 
         155
           0
          47
  0.261E+08  0.000E+00  0.290E+08  0.644E-06  0.300E+08  0.154E-04
  0.310E+08  0.132E-03  0.320E+08  0.549E-03  0.330E+08  0.151E-02
  0.340E+08  0.323E-02  0.350E+08  0.673E-02  0.360E+08  0.150E-01
  0.370E+08  0.248E-01  0.380E+08  0.336E-01  0.390E+08  0.482E-01
  0.400E+08  0.614E-01  0.410E+08  0.757E-01  0.420E+08  0.846E-01
  0.430E+08  0.100E+00  0.440E+08  0.113E+00  0.450E+08  0.125E+00
  0.460E+08  0.136E+00  0.470E+08  0.149E+00  0.480E+08  0.158E+00
  0.500E+08  0.167E+00  0.520E+08  0.176E+00  0.540E+08  0.188E+00
  0.560E+08  0.193E+00  0.580E+08  0.199E+00  0.600E+08  0.200E+00
  0.620E+08  0.198E+00  0.640E+08  0.197E+00  0.660E+08  0.195E+00
  0.680E+08  0.183E+00  0.700E+08  0.174E+00  0.720E+08  0.169E+00
  0.740E+08  0.163E+00  0.760E+08  0.157E+00  0.780E+08  0.152E+00
  0.800E+08  0.145E+00  0.820E+08  0.141E+00  0.840E+08  0.138E+00
  0.860E+08  0.134E+00  0.880E+08  0.131E+00  0.900E+08  0.127E+00
  0.920E+08  0.123E+00  0.940E+08  0.120E+00  0.960E+08  0.116E+00
  0.980E+08  0.113E+00  0.100E+09  0.107E+00
MN54 
         156
           0
          36
  0.365E+08  0.000E+00  0.400E+08  0.159E-06  0.410E+08  0.484E-05
  0.420E+08  0.286E-04  0.430E+08  0.167E-03  0.440E+08  0.516E-03
  0.450E+08  0.129E-02  0.460E+08  0.256E-02  0.470E+08  0.532E-02
  0.480E+08  0.820E-02  0.500E+08  0.177E-01  0.520E+08  0.273E-01
  0.540E+08  0.491E-01  0.560E+08  0.686E-01  0.580E+08  0.855E-01
  0.600E+08  0.111E+00  0.620E+08  0.129E+00  0.640E+08  0.139E+00
  0.660E+08  0.152E+00  0.680E+08  0.163E+00  0.700E+08  0.167E+00
  0.720E+08  0.169E+00  0.740E+08  0.171E+00  0.760E+08  0.173E+00
  0.780E+08  0.175E+00  0.800E+08  0.174E+00  0.820E+08  0.173E+00
  0.840E+08  0.169E+00  0.860E+08  0.163E+00  0.880E+08  0.158E+00
  0.900E+08  0.162E+00  0.920E+08  0.159E+00  0.940E+08  0.157E+00
  0.960E+08  0.155E+00  0.980E+08  0.157E+00  0.100E+09  0.154E+00
MN53 
         157
           0
          27
  0.456E+08  0.000E+00  0.500E+08  0.209E-07  0.520E+08  0.112E-05
  0.540E+08  0.108E-03  0.560E+08  0.595E-03  0.580E+08  0.238E-02
  0.600E+08  0.565E-02  0.620E+08  0.121E-01  0.640E+08  0.194E-01
  0.660E+08  0.317E-01  0.680E+08  0.409E-01  0.700E+08  0.530E-01
  0.720E+08  0.627E-01  0.740E+08  0.706E-01  0.760E+08  0.798E-01
  0.780E+08  0.895E-01  0.800E+08  0.960E-01  0.820E+08  0.101E+00
  0.840E+08  0.106E+00  0.860E+08  0.110E+00  0.880E+08  0.108E+00
  0.900E+08  0.105E+00  0.920E+08  0.103E+00  0.940E+08  0.103E+00
  0.960E+08  0.104E+00  0.980E+08  0.104E+00  0.100E+09  0.106E+00
MN52 
         158
           0
          21
  0.579E+08  0.000E+00  0.620E+08  0.464E-09  0.640E+08  0.891E-07
  0.660E+08  0.211E-05  0.680E+08  0.186E-04  0.700E+08  0.907E-04
  0.720E+08  0.198E-03  0.740E+08  0.445E-03  0.760E+08  0.101E-02
  0.780E+08  0.213E-02  0.800E+08  0.375E-02  0.820E+08  0.485E-02
  0.840E+08  0.835E-02  0.860E+08  0.119E-01  0.880E+08  0.142E-01
  0.900E+08  0.175E-01  0.920E+08  0.202E-01  0.940E+08  0.222E-01
  0.960E+08  0.242E-01  0.980E+08  0.248E-01  0.100E+09  0.259E-01
MN51 
         159
           0
          15
  0.686E+08  0.000E+00  0.740E+08  0.239E-12  0.760E+08  0.178E-09
  0.780E+08  0.140E-07  0.800E+08  0.192E-06  0.820E+08  0.771E-06
  0.840E+08  0.119E-04  0.860E+08  0.250E-04  0.880E+08  0.778E-04
  0.900E+08  0.177E-03  0.920E+08  0.313E-03  0.940E+08  0.492E-03
  0.960E+08  0.813E-03  0.980E+08  0.887E-03  0.100E+09  0.121E-02
MN50 
         160
           0
           9
  0.825E+08  0.000E+00  0.860E+08  0.342E-18  0.880E+08  0.401E-13
  0.900E+08  0.151E-10  0.920E+08  0.338E-09  0.940E+08  0.395E-08
  0.960E+08  0.209E-07  0.980E+08  0.464E-07  0.100E+09  0.189E-06
MN49 
         161
           0
           2
  0.958E+08  0.000E+00  0.100E+09  0.584E-23
CR56 
         174
           0
          52
  0.195E+08  0.000E+00  0.240E+08  0.400E-12  0.250E+08  0.815E-10
  0.260E+08  0.149E-08  0.270E+08  0.258E-07  0.280E+08  0.241E-06
  0.290E+08  0.135E-05  0.300E+08  0.485E-05  0.310E+08  0.124E-04
  0.320E+08  0.215E-04  0.330E+08  0.411E-04  0.340E+08  0.583E-04
  0.350E+08  0.960E-04  0.360E+08  0.196E-03  0.370E+08  0.401E-03
  0.380E+08  0.762E-03  0.390E+08  0.118E-02  0.400E+08  0.144E-02
  0.410E+08  0.188E-02  0.420E+08  0.232E-02  0.430E+08  0.278E-02
  0.440E+08  0.321E-02  0.450E+08  0.364E-02  0.460E+08  0.406E-02
  0.470E+08  0.449E-02  0.480E+08  0.486E-02  0.500E+08  0.594E-02
  0.520E+08  0.681E-02  0.540E+08  0.748E-02  0.560E+08  0.788E-02
  0.580E+08  0.789E-02  0.600E+08  0.788E-02  0.620E+08  0.787E-02
  0.640E+08  0.746E-02  0.660E+08  0.704E-02  0.680E+08  0.663E-02
  0.700E+08  0.653E-02  0.720E+08  0.634E-02  0.740E+08  0.628E-02
  0.760E+08  0.617E-02  0.780E+08  0.650E-02  0.800E+08  0.639E-02
  0.820E+08  0.670E-02  0.840E+08  0.654E-02  0.860E+08  0.639E-02
  0.880E+08  0.632E-02  0.900E+08  0.626E-02  0.920E+08  0.626E-02
  0.940E+08  0.585E-02  0.960E+08  0.552E-02  0.980E+08  0.548E-02
  0.100E+09  0.542E-02
CR55 
         175
           0
          80
  0.142E+07  0.000E+00  0.550E+07  0.674E-09  0.600E+07  0.477E-06
  0.650E+07  0.295E-05  0.700E+07  0.115E-04  0.750E+07  0.342E-04
  0.800E+07  0.846E-04  0.850E+07  0.180E-03  0.900E+07  0.331E-03
  0.950E+07  0.521E-03  0.100E+08  0.815E-03  0.105E+08  0.119E-02
  0.110E+08  0.163E-02  0.115E+08  0.215E-02  0.120E+08  0.275E-02
  0.125E+08  0.343E-02  0.130E+08  0.417E-02  0.135E+08  0.497E-02
  0.140E+08  0.579E-02  0.145E+08  0.654E-02  0.150E+08  0.722E-02
  0.160E+08  0.780E-02  0.170E+08  0.755E-02  0.180E+08  0.747E-02
  0.190E+08  0.655E-02  0.200E+08  0.589E-02  0.210E+08  0.531E-02
  0.220E+08  0.482E-02  0.230E+08  0.440E-02  0.240E+08  0.380E-02
  0.250E+08  0.349E-02  0.260E+08  0.320E-02  0.270E+08  0.294E-02
  0.280E+08  0.285E-02  0.290E+08  0.260E-02  0.300E+08  0.249E-02
  0.310E+08  0.227E-02  0.320E+08  0.207E-02  0.330E+08  0.189E-02
  0.340E+08  0.173E-02  0.350E+08  0.159E-02  0.360E+08  0.138E-02
  0.370E+08  0.127E-02  0.380E+08  0.117E-02  0.390E+08  0.108E-02
  0.400E+08  0.107E-02  0.410E+08  0.103E-02  0.420E+08  0.105E-02
  0.430E+08  0.107E-02  0.440E+08  0.111E-02  0.450E+08  0.120E-02
  0.460E+08  0.129E-02  0.470E+08  0.144E-02  0.480E+08  0.153E-02
  0.500E+08  0.173E-02  0.520E+08  0.194E-02  0.540E+08  0.246E-02
  0.560E+08  0.291E-02  0.580E+08  0.364E-02  0.600E+08  0.440E-02
  0.620E+08  0.542E-02  0.640E+08  0.682E-02  0.660E+08  0.723E-02
  0.680E+08  0.782E-02  0.700E+08  0.812E-02  0.720E+08  0.830E-02
  0.740E+08  0.836E-02  0.760E+08  0.831E-02  0.780E+08  0.825E-02
  0.800E+08  0.816E-02  0.820E+08  0.806E-02  0.840E+08  0.796E-02
  0.860E+08  0.782E-02  0.880E+08  0.753E-02  0.900E+08  0.729E-02
  0.920E+08  0.734E-02  0.940E+08  0.739E-02  0.960E+08  0.703E-02
  0.980E+08  0.667E-02  0.100E+09  0.631E-02
CR54 
         176
           0
          67
  0.778E+07  0.000E+00  0.120E+08  0.130E-08  0.125E+08  0.249E-05
  0.130E+08  0.104E-04  0.135E+08  0.430E-04  0.140E+08  0.138E-03
  0.145E+08  0.360E-03  0.150E+08  0.694E-03  0.160E+08  0.233E-02
  0.170E+08  0.506E-02  0.180E+08  0.819E-02  0.190E+08  0.112E-01
  0.200E+08  0.147E-01  0.210E+08  0.182E-01  0.220E+08  0.216E-01
  0.230E+08  0.251E-01  0.240E+08  0.288E-01  0.250E+08  0.320E-01
  0.260E+08  0.345E-01  0.270E+08  0.357E-01  0.280E+08  0.355E-01
  0.290E+08  0.337E-01  0.300E+08  0.314E-01  0.310E+08  0.284E-01
  0.320E+08  0.254E-01  0.330E+08  0.223E-01  0.340E+08  0.200E-01
  0.350E+08  0.178E-01  0.360E+08  0.154E-01  0.370E+08  0.138E-01
  0.380E+08  0.125E-01  0.390E+08  0.117E-01  0.400E+08  0.105E-01
  0.410E+08  0.953E-02  0.420E+08  0.889E-02  0.430E+08  0.809E-02
  0.440E+08  0.741E-02  0.450E+08  0.673E-02  0.460E+08  0.617E-02
  0.470E+08  0.570E-02  0.480E+08  0.521E-02  0.500E+08  0.504E-02
  0.520E+08  0.456E-02  0.540E+08  0.457E-02  0.560E+08  0.499E-02
  0.580E+08  0.620E-02  0.600E+08  0.744E-02  0.620E+08  0.898E-02
  0.640E+08  0.102E-01  0.660E+08  0.115E-01  0.680E+08  0.124E-01
  0.700E+08  0.134E-01  0.720E+08  0.147E-01  0.740E+08  0.158E-01
  0.760E+08  0.167E-01  0.780E+08  0.172E-01  0.800E+08  0.177E-01
  0.820E+08  0.182E-01  0.840E+08  0.183E-01  0.860E+08  0.189E-01
  0.880E+08  0.194E-01  0.900E+08  0.200E-01  0.920E+08  0.206E-01
  0.940E+08  0.212E-01  0.960E+08  0.217E-01  0.980E+08  0.223E-01
  0.100E+09  0.237E-01
CR53 
         177
           0
          53
  0.177E+08  0.000E+00  0.230E+08  0.694E-06  0.240E+08  0.326E-04
  0.250E+08  0.275E-03  0.260E+08  0.126E-02  0.270E+08  0.345E-02
  0.280E+08  0.678E-02  0.290E+08  0.120E-01  0.300E+08  0.165E-01
  0.310E+08  0.228E-01  0.320E+08  0.287E-01  0.330E+08  0.342E-01
  0.340E+08  0.402E-01  0.350E+08  0.448E-01  0.360E+08  0.495E-01
  0.370E+08  0.522E-01  0.380E+08  0.514E-01  0.390E+08  0.507E-01
  0.400E+08  0.488E-01  0.410E+08  0.462E-01  0.420E+08  0.437E-01
  0.430E+08  0.410E-01  0.440E+08  0.382E-01  0.450E+08  0.343E-01
  0.460E+08  0.314E-01  0.470E+08  0.287E-01  0.480E+08  0.268E-01
  0.500E+08  0.224E-01  0.520E+08  0.187E-01  0.540E+08  0.171E-01
  0.560E+08  0.147E-01  0.580E+08  0.130E-01  0.600E+08  0.114E-01
  0.620E+08  0.110E-01  0.640E+08  0.113E-01  0.660E+08  0.125E-01
  0.680E+08  0.135E-01  0.700E+08  0.151E-01  0.720E+08  0.168E-01
  0.740E+08  0.184E-01  0.760E+08  0.200E-01  0.780E+08  0.217E-01
  0.800E+08  0.233E-01  0.820E+08  0.249E-01  0.840E+08  0.266E-01
  0.860E+08  0.282E-01  0.880E+08  0.298E-01  0.900E+08  0.315E-01
  0.920E+08  0.331E-01  0.940E+08  0.330E-01  0.960E+08  0.328E-01
  0.980E+08  0.327E-01  0.100E+09  0.316E-01
CR52 
         178
           0
          45
  0.257E+08  0.000E+00  0.310E+08  0.936E-08  0.320E+08  0.325E-06
  0.330E+08  0.104E-04  0.340E+08  0.837E-04  0.350E+08  0.398E-03
  0.360E+08  0.126E-02  0.370E+08  0.310E-02  0.380E+08  0.677E-02
  0.390E+08  0.990E-02  0.400E+08  0.147E-01  0.410E+08  0.199E-01
  0.420E+08  0.240E-01  0.430E+08  0.298E-01  0.440E+08  0.333E-01
  0.450E+08  0.394E-01  0.460E+08  0.439E-01  0.470E+08  0.480E-01
  0.480E+08  0.514E-01  0.500E+08  0.552E-01  0.520E+08  0.599E-01
  0.540E+08  0.591E-01  0.560E+08  0.585E-01  0.580E+08  0.575E-01
  0.600E+08  0.566E-01  0.620E+08  0.533E-01  0.640E+08  0.502E-01
  0.660E+08  0.463E-01  0.680E+08  0.413E-01  0.700E+08  0.384E-01
  0.720E+08  0.355E-01  0.740E+08  0.343E-01  0.760E+08  0.337E-01
  0.780E+08  0.342E-01  0.800E+08  0.365E-01  0.820E+08  0.391E-01
  0.840E+08  0.438E-01  0.860E+08  0.485E-01  0.880E+08  0.532E-01
  0.900E+08  0.579E-01  0.920E+08  0.626E-01  0.940E+08  0.673E-01
  0.960E+08  0.720E-01  0.980E+08  0.722E-01  0.100E+09  0.732E-01
CR51 
         179
           0
          33
  0.380E+08  0.000E+00  0.430E+08  0.547E-11  0.440E+08  0.939E-09
  0.450E+08  0.668E-07  0.460E+08  0.523E-06  0.470E+08  0.407E-05
  0.480E+08  0.215E-04  0.500E+08  0.259E-03  0.520E+08  0.138E-02
  0.540E+08  0.287E-02  0.560E+08  0.573E-02  0.580E+08  0.908E-02
  0.600E+08  0.146E-01  0.620E+08  0.197E-01  0.640E+08  0.246E-01
  0.660E+08  0.280E-01  0.680E+08  0.323E-01  0.700E+08  0.338E-01
  0.720E+08  0.325E-01  0.740E+08  0.317E-01  0.760E+08  0.308E-01
  0.780E+08  0.300E-01  0.800E+08  0.290E-01  0.820E+08  0.280E-01
  0.840E+08  0.270E-01  0.860E+08  0.271E-01  0.880E+08  0.267E-01
  0.900E+08  0.259E-01  0.920E+08  0.262E-01  0.940E+08  0.272E-01
  0.960E+08  0.287E-01  0.980E+08  0.296E-01  0.100E+09  0.308E-01
CR50 
         180
           0
          25
  0.474E+08  0.000E+00  0.540E+08  0.260E-10  0.560E+08  0.162E-07
  0.580E+08  0.318E-06  0.600E+08  0.118E-04  0.620E+08  0.828E-04
  0.640E+08  0.307E-03  0.660E+08  0.817E-03  0.680E+08  0.189E-02
  0.700E+08  0.296E-02  0.720E+08  0.403E-02  0.740E+08  0.510E-02
  0.760E+08  0.617E-02  0.780E+08  0.724E-02  0.800E+08  0.831E-02
  0.820E+08  0.938E-02  0.840E+08  0.104E-01  0.860E+08  0.115E-01
  0.880E+08  0.126E-01  0.900E+08  0.137E-01  0.920E+08  0.147E-01
  0.940E+08  0.158E-01  0.960E+08  0.157E-01  0.980E+08  0.156E-01
  0.100E+09  0.159E-01
CR49 
         181
           0
          18
  0.606E+08  0.000E+00  0.680E+08  0.222E-12  0.700E+08  0.344E-09
  0.720E+08  0.199E-07  0.740E+08  0.178E-06  0.760E+08  0.158E-05
  0.780E+08  0.881E-05  0.800E+08  0.256E-04  0.820E+08  0.701E-04
  0.840E+08  0.161E-03  0.860E+08  0.198E-03  0.880E+08  0.365E-03
  0.900E+08  0.622E-03  0.920E+08  0.786E-03  0.940E+08  0.112E-02
  0.960E+08  0.143E-02  0.980E+08  0.155E-02  0.100E+09  0.206E-02
CR48 
         182
           0
          13
  0.714E+08  0.000E+00  0.780E+08  0.972E-17  0.800E+08  0.295E-13
  0.820E+08  0.396E-12  0.840E+08  0.871E-10  0.860E+08  0.145E-08
  0.880E+08  0.105E-07  0.900E+08  0.844E-07  0.920E+08  0.240E-06
  0.940E+08  0.595E-06  0.960E+08  0.164E-05  0.980E+08  0.227E-05
  0.100E+09  0.464E-05
CR47 
         183
           0
           4
  0.880E+08  0.000E+00  0.960E+08  0.999E-20  0.980E+08  0.803E-18
  0.100E+09  0.196E-15
V56  
         219
           0
          39
  0.304E+08  0.000E+00  0.370E+08  0.871E-15  0.380E+08  0.205E-12
  0.390E+08  0.660E-11  0.400E+08  0.360E-10  0.410E+08  0.200E-09
  0.420E+08  0.805E-09  0.430E+08  0.247E-08  0.440E+08  0.501E-08
  0.450E+08  0.998E-08  0.460E+08  0.189E-07  0.470E+08  0.335E-07
  0.480E+08  0.541E-07  0.500E+08  0.944E-07  0.520E+08  0.145E-06
  0.540E+08  0.230E-06  0.560E+08  0.265E-06  0.580E+08  0.323E-06
  0.600E+08  0.421E-06  0.620E+08  0.522E-06  0.640E+08  0.759E-06
  0.660E+08  0.103E-05  0.680E+08  0.134E-05  0.700E+08  0.157E-05
  0.720E+08  0.163E-05  0.740E+08  0.174E-05  0.760E+08  0.178E-05
  0.780E+08  0.170E-05  0.800E+08  0.169E-05  0.820E+08  0.165E-05
  0.840E+08  0.202E-05  0.860E+08  0.197E-05  0.880E+08  0.190E-05
  0.900E+08  0.178E-05  0.920E+08  0.172E-05  0.940E+08  0.167E-05
  0.960E+08  0.156E-05  0.980E+08  0.153E-05  0.100E+09  0.149E-05
V55  
         220
           0
          36
  0.332E+08  0.000E+00  0.400E+08  0.325E-15  0.410E+08  0.198E-13
  0.420E+08  0.646E-12  0.430E+08  0.100E-10  0.440E+08  0.653E-10
  0.450E+08  0.350E-09  0.460E+08  0.152E-08  0.470E+08  0.551E-08
  0.480E+08  0.167E-07  0.500E+08  0.635E-07  0.520E+08  0.222E-06
  0.540E+08  0.512E-06  0.560E+08  0.108E-05  0.580E+08  0.240E-05
  0.600E+08  0.398E-05  0.620E+08  0.583E-05  0.640E+08  0.770E-05
  0.660E+08  0.884E-05  0.680E+08  0.102E-04  0.700E+08  0.916E-05
  0.720E+08  0.103E-04  0.740E+08  0.121E-04  0.760E+08  0.142E-04
  0.780E+08  0.167E-04  0.800E+08  0.200E-04  0.820E+08  0.255E-04
  0.840E+08  0.313E-04  0.860E+08  0.354E-04  0.880E+08  0.385E-04
  0.900E+08  0.407E-04  0.920E+08  0.439E-04  0.940E+08  0.443E-04
  0.960E+08  0.444E-04  0.980E+08  0.395E-04  0.100E+09  0.348E-04
V54  
         221
           0
          55
  0.141E+08  0.000E+00  0.210E+08  0.125E-09  0.220E+08  0.323E-08
  0.230E+08  0.473E-07  0.240E+08  0.282E-06  0.250E+08  0.137E-05
  0.260E+08  0.461E-05  0.270E+08  0.123E-04  0.280E+08  0.282E-04
  0.290E+08  0.504E-04  0.300E+08  0.691E-04  0.310E+08  0.102E-03
  0.320E+08  0.138E-03  0.330E+08  0.176E-03  0.340E+08  0.203E-03
  0.350E+08  0.218E-03  0.360E+08  0.214E-03  0.370E+08  0.211E-03
  0.380E+08  0.203E-03  0.390E+08  0.199E-03  0.400E+08  0.189E-03
  0.410E+08  0.177E-03  0.420E+08  0.151E-03  0.430E+08  0.141E-03
  0.440E+08  0.132E-03  0.450E+08  0.130E-03  0.460E+08  0.125E-03
  0.470E+08  0.124E-03  0.480E+08  0.108E-03  0.500E+08  0.111E-03
  0.520E+08  0.988E-04  0.540E+08  0.964E-04  0.560E+08  0.883E-04
  0.580E+08  0.739E-04  0.600E+08  0.749E-04  0.620E+08  0.684E-04
  0.640E+08  0.807E-04  0.660E+08  0.920E-04  0.680E+08  0.838E-04
  0.700E+08  0.912E-04  0.720E+08  0.103E-03  0.740E+08  0.105E-03
  0.760E+08  0.111E-03  0.780E+08  0.120E-03  0.800E+08  0.131E-03
  0.820E+08  0.133E-03  0.840E+08  0.143E-03  0.860E+08  0.139E-03
  0.880E+08  0.142E-03  0.900E+08  0.152E-03  0.920E+08  0.157E-03
  0.940E+08  0.194E-03  0.960E+08  0.193E-03  0.980E+08  0.198E-03
  0.100E+09  0.209E-03
V53  
         222
           0
          51
  0.181E+08  0.000E+00  0.250E+08  0.382E-12  0.260E+08  0.354E-10
  0.270E+08  0.989E-09  0.280E+08  0.133E-07  0.290E+08  0.128E-06
  0.300E+08  0.807E-06  0.310E+08  0.416E-05  0.320E+08  0.151E-04
  0.330E+08  0.423E-04  0.340E+08  0.858E-04  0.350E+08  0.157E-03
  0.360E+08  0.239E-03  0.370E+08  0.356E-03  0.380E+08  0.499E-03
  0.390E+08  0.694E-03  0.400E+08  0.879E-03  0.410E+08  0.106E-02
  0.420E+08  0.117E-02  0.430E+08  0.134E-02  0.440E+08  0.153E-02
  0.450E+08  0.168E-02  0.460E+08  0.180E-02  0.470E+08  0.183E-02
  0.480E+08  0.183E-02  0.500E+08  0.192E-02  0.520E+08  0.180E-02
  0.540E+08  0.176E-02  0.560E+08  0.159E-02  0.580E+08  0.143E-02
  0.600E+08  0.124E-02  0.620E+08  0.110E-02  0.640E+08  0.987E-03
  0.660E+08  0.107E-02  0.680E+08  0.907E-03  0.700E+08  0.852E-03
  0.720E+08  0.852E-03  0.740E+08  0.838E-03  0.760E+08  0.891E-03
  0.780E+08  0.938E-03  0.800E+08  0.969E-03  0.820E+08  0.101E-02
  0.840E+08  0.112E-02  0.860E+08  0.113E-02  0.880E+08  0.118E-02
  0.900E+08  0.116E-02  0.920E+08  0.114E-02  0.940E+08  0.125E-02
  0.960E+08  0.125E-02  0.980E+08  0.119E-02  0.100E+09  0.119E-02
V52  
         223
           0
          42
  0.267E+08  0.000E+00  0.340E+08  0.797E-11  0.350E+08  0.572E-09
  0.360E+08  0.146E-07  0.370E+08  0.129E-06  0.380E+08  0.740E-06
  0.390E+08  0.340E-05  0.400E+08  0.105E-04  0.410E+08  0.266E-04
  0.420E+08  0.648E-04  0.430E+08  0.141E-03  0.440E+08  0.251E-03
  0.450E+08  0.453E-03  0.460E+08  0.741E-03  0.470E+08  0.110E-02
  0.480E+08  0.152E-02  0.500E+08  0.253E-02  0.520E+08  0.371E-02
  0.540E+08  0.500E-02  0.560E+08  0.603E-02  0.580E+08  0.706E-02
  0.600E+08  0.788E-02  0.620E+08  0.745E-02  0.640E+08  0.728E-02
  0.660E+08  0.713E-02  0.680E+08  0.661E-02  0.700E+08  0.626E-02
  0.720E+08  0.603E-02  0.740E+08  0.585E-02  0.760E+08  0.618E-02
  0.780E+08  0.650E-02  0.800E+08  0.637E-02  0.820E+08  0.604E-02
  0.840E+08  0.599E-02  0.860E+08  0.582E-02  0.880E+08  0.583E-02
  0.900E+08  0.588E-02  0.920E+08  0.543E-02  0.940E+08  0.539E-02
  0.960E+08  0.567E-02  0.980E+08  0.577E-02  0.100E+09  0.583E-02
V51  
         224
           0
          35
  0.342E+08  0.000E+00  0.410E+08  0.154E-12  0.420E+08  0.319E-10
  0.430E+08  0.112E-08  0.440E+08  0.153E-07  0.450E+08  0.149E-06
  0.460E+08  0.749E-06  0.470E+08  0.359E-05  0.480E+08  0.116E-04
  0.500E+08  0.419E-04  0.520E+08  0.177E-03  0.540E+08  0.548E-03
  0.560E+08  0.133E-02  0.580E+08  0.273E-02  0.600E+08  0.510E-02
  0.620E+08  0.746E-02  0.640E+08  0.983E-02  0.660E+08  0.122E-01
  0.680E+08  0.146E-01  0.700E+08  0.169E-01  0.720E+08  0.193E-01
  0.740E+08  0.217E-01  0.760E+08  0.240E-01  0.780E+08  0.264E-01
  0.800E+08  0.265E-01  0.820E+08  0.262E-01  0.840E+08  0.260E-01
  0.860E+08  0.258E-01  0.880E+08  0.255E-01  0.900E+08  0.251E-01
  0.920E+08  0.244E-01  0.940E+08  0.236E-01  0.960E+08  0.240E-01
  0.980E+08  0.239E-01  0.100E+09  0.239E-01
V50  
         225
           0
          26
  0.454E+08  0.000E+00  0.520E+08  0.622E-17  0.540E+08  0.819E-11
  0.560E+08  0.342E-08  0.580E+08  0.882E-07  0.600E+08  0.315E-05
  0.620E+08  0.338E-04  0.640E+08  0.146E-03  0.660E+08  0.464E-03
  0.680E+08  0.121E-02  0.700E+08  0.264E-02  0.720E+08  0.455E-02
  0.740E+08  0.647E-02  0.760E+08  0.920E-02  0.780E+08  0.126E-01
  0.800E+08  0.162E-01  0.820E+08  0.198E-01  0.840E+08  0.234E-01
  0.860E+08  0.264E-01  0.880E+08  0.286E-01  0.900E+08  0.309E-01
  0.920E+08  0.326E-01  0.940E+08  0.334E-01  0.960E+08  0.333E-01
  0.980E+08  0.331E-01  0.100E+09  0.312E-01
V49  
         226
           0
          21
  0.549E+08  0.000E+00  0.620E+08  0.268E-16  0.640E+08  0.141E-11
  0.660E+08  0.439E-09  0.680E+08  0.352E-07  0.700E+08  0.131E-05
  0.720E+08  0.142E-04  0.740E+08  0.463E-04  0.760E+08  0.147E-03
  0.780E+08  0.405E-03  0.800E+08  0.877E-03  0.820E+08  0.126E-02
  0.840E+08  0.213E-02  0.860E+08  0.349E-02  0.880E+08  0.492E-02
  0.900E+08  0.753E-02  0.920E+08  0.105E-01  0.940E+08  0.133E-01
  0.960E+08  0.163E-01  0.980E+08  0.189E-01  0.100E+09  0.225E-01
V48  
         227
           0
          15
  0.667E+08  0.000E+00  0.740E+08  0.393E-17  0.760E+08  0.256E-13
  0.780E+08  0.153E-10  0.800E+08  0.116E-08  0.820E+08  0.224E-07
  0.840E+08  0.256E-06  0.860E+08  0.194E-05  0.880E+08  0.793E-05
  0.900E+08  0.349E-04  0.920E+08  0.101E-03  0.940E+08  0.188E-03
  0.960E+08  0.402E-03  0.980E+08  0.678E-03  0.100E+09  0.130E-02
V47  
         228
           0
           9
  0.774E+08  0.000E+00  0.860E+08  0.210E-17  0.880E+08  0.121E-13
  0.900E+08  0.439E-11  0.920E+08  0.703E-10  0.940E+08  0.990E-09
  0.960E+08  0.140E-07  0.980E+08  0.738E-07  0.100E+09  0.469E-06
V46  
         229
           0
           2
  0.906E+08  0.000E+00  0.100E+09  0.464E-20
TI55 
         254
           0
          26
  0.427E+08  0.000E+00  0.520E+08  0.309E-19  0.540E+08  0.494E-17
  0.560E+08  0.614E-15  0.580E+08  0.428E-13  0.600E+08  0.493E-12
  0.620E+08  0.431E-11  0.640E+08  0.156E-10  0.660E+08  0.359E-10
  0.680E+08  0.738E-10  0.700E+08  0.129E-09  0.720E+08  0.160E-09
  0.740E+08  0.212E-09  0.760E+08  0.331E-09  0.780E+08  0.373E-09
  0.800E+08  0.587E-09  0.820E+08  0.617E-09  0.840E+08  0.642E-09
  0.860E+08  0.667E-09  0.880E+08  0.670E-09  0.900E+08  0.660E-09
  0.920E+08  0.517E-09  0.940E+08  0.500E-09  0.960E+08  0.647E-09
  0.980E+08  0.773E-09  0.100E+09  0.819E-09
TI54 
         255
           0
          26
  0.444E+08  0.000E+00  0.520E+08  0.102E-24  0.540E+08  0.436E-20
  0.560E+08  0.495E-17  0.580E+08  0.160E-14  0.600E+08  0.432E-13
  0.620E+08  0.135E-11  0.640E+08  0.136E-10  0.660E+08  0.682E-10
  0.680E+08  0.279E-09  0.700E+08  0.111E-08  0.720E+08  0.211E-08
  0.740E+08  0.484E-08  0.760E+08  0.740E-08  0.780E+08  0.118E-07
  0.800E+08  0.181E-07  0.820E+08  0.251E-07  0.840E+08  0.325E-07
  0.860E+08  0.407E-07  0.880E+08  0.501E-07  0.900E+08  0.607E-07
  0.920E+08  0.622E-07  0.940E+08  0.619E-07  0.960E+08  0.647E-07
  0.980E+08  0.664E-07  0.100E+09  0.626E-07
TI53 
         256
           0
          43
  0.247E+08  0.000E+00  0.330E+08  0.192E-16  0.340E+08  0.382E-14
  0.350E+08  0.116E-12  0.360E+08  0.200E-11  0.370E+08  0.318E-10
  0.380E+08  0.235E-09  0.390E+08  0.127E-08  0.400E+08  0.457E-08
  0.410E+08  0.120E-07  0.420E+08  0.271E-07  0.430E+08  0.622E-07
  0.440E+08  0.115E-06  0.450E+08  0.189E-06  0.460E+08  0.324E-06
  0.470E+08  0.431E-06  0.480E+08  0.593E-06  0.500E+08  0.101E-05
  0.520E+08  0.131E-05  0.540E+08  0.158E-05  0.560E+08  0.166E-05
  0.580E+08  0.192E-05  0.600E+08  0.187E-05  0.620E+08  0.244E-05
  0.640E+08  0.295E-05  0.660E+08  0.402E-05  0.680E+08  0.421E-05
  0.700E+08  0.453E-05  0.720E+08  0.458E-05  0.740E+08  0.448E-05
  0.760E+08  0.449E-05  0.780E+08  0.424E-05  0.800E+08  0.411E-05
  0.820E+08  0.406E-05  0.840E+08  0.392E-05  0.860E+08  0.382E-05
  0.880E+08  0.304E-05  0.900E+08  0.380E-05  0.920E+08  0.379E-05
  0.940E+08  0.388E-05  0.960E+08  0.482E-05  0.980E+08  0.474E-05
  0.100E+09  0.482E-05
TI52 
         257
           0
          39
  0.279E+08  0.000E+00  0.370E+08  0.154E-16  0.380E+08  0.185E-14
  0.390E+08  0.765E-13  0.400E+08  0.110E-11  0.410E+08  0.141E-10
  0.420E+08  0.126E-09  0.430E+08  0.889E-09  0.440E+08  0.415E-08
  0.450E+08  0.117E-07  0.460E+08  0.351E-07  0.470E+08  0.884E-07
  0.480E+08  0.212E-06  0.500E+08  0.865E-06  0.520E+08  0.195E-05
  0.540E+08  0.440E-05  0.560E+08  0.793E-05  0.580E+08  0.149E-04
  0.600E+08  0.231E-04  0.620E+08  0.304E-04  0.640E+08  0.355E-04
  0.660E+08  0.420E-04  0.680E+08  0.435E-04  0.700E+08  0.468E-04
  0.720E+08  0.488E-04  0.740E+08  0.485E-04  0.760E+08  0.525E-04
  0.780E+08  0.670E-04  0.800E+08  0.691E-04  0.820E+08  0.740E-04
  0.840E+08  0.773E-04  0.860E+08  0.785E-04  0.880E+08  0.771E-04
  0.900E+08  0.833E-04  0.920E+08  0.761E-04  0.940E+08  0.776E-04
  0.960E+08  0.771E-04  0.980E+08  0.770E-04  0.100E+09  0.775E-04
TI51 
         258
           0
          58
  0.936E+07  0.000E+00  0.180E+08  0.694E-13  0.190E+08  0.716E-11
  0.200E+08  0.256E-09  0.210E+08  0.363E-08  0.220E+08  0.333E-07
  0.230E+08  0.180E-06  0.240E+08  0.773E-06  0.250E+08  0.218E-05
  0.260E+08  0.498E-05  0.270E+08  0.974E-05  0.280E+08  0.184E-04
  0.290E+08  0.291E-04  0.300E+08  0.344E-04  0.310E+08  0.475E-04
  0.320E+08  0.603E-04  0.330E+08  0.680E-04  0.340E+08  0.790E-04
  0.350E+08  0.804E-04  0.360E+08  0.699E-04  0.370E+08  0.656E-04
  0.380E+08  0.605E-04  0.390E+08  0.551E-04  0.400E+08  0.577E-04
  0.410E+08  0.520E-04  0.420E+08  0.470E-04  0.430E+08  0.424E-04
  0.440E+08  0.351E-04  0.450E+08  0.316E-04  0.460E+08  0.306E-04
  0.470E+08  0.277E-04  0.480E+08  0.222E-04  0.500E+08  0.230E-04
  0.520E+08  0.181E-04  0.540E+08  0.162E-04  0.560E+08  0.140E-04
  0.580E+08  0.130E-04  0.600E+08  0.198E-04  0.620E+08  0.352E-04
  0.640E+08  0.619E-04  0.660E+08  0.105E-03  0.680E+08  0.157E-03
  0.700E+08  0.208E-03  0.720E+08  0.252E-03  0.740E+08  0.311E-03
  0.760E+08  0.359E-03  0.780E+08  0.390E-03  0.800E+08  0.404E-03
  0.820E+08  0.420E-03  0.840E+08  0.431E-03  0.860E+08  0.421E-03
  0.880E+08  0.419E-03  0.900E+08  0.449E-03  0.920E+08  0.384E-03
  0.940E+08  0.391E-03  0.960E+08  0.402E-03  0.980E+08  0.405E-03
  0.100E+09  0.416E-03
TI50 
         259
           0
          51
  0.158E+08  0.000E+00  0.250E+08  0.537E-11  0.260E+08  0.302E-09
  0.270E+08  0.582E-08  0.280E+08  0.649E-07  0.290E+08  0.310E-06
  0.300E+08  0.773E-06  0.310E+08  0.308E-05  0.320E+08  0.903E-05
  0.330E+08  0.243E-04  0.340E+08  0.491E-04  0.350E+08  0.813E-04
  0.360E+08  0.122E-03  0.370E+08  0.170E-03  0.380E+08  0.222E-03
  0.390E+08  0.278E-03  0.400E+08  0.351E-03  0.410E+08  0.422E-03
  0.420E+08  0.449E-03  0.430E+08  0.523E-03  0.440E+08  0.598E-03
  0.450E+08  0.674E-03  0.460E+08  0.758E-03  0.470E+08  0.805E-03
  0.480E+08  0.806E-03  0.500E+08  0.861E-03  0.520E+08  0.790E-03
  0.540E+08  0.746E-03  0.560E+08  0.708E-03  0.580E+08  0.610E-03
  0.600E+08  0.556E-03  0.620E+08  0.490E-03  0.640E+08  0.410E-03
  0.660E+08  0.390E-03  0.680E+08  0.393E-03  0.700E+08  0.401E-03
  0.720E+08  0.485E-03  0.740E+08  0.648E-03  0.760E+08  0.821E-03
  0.780E+08  0.105E-02  0.800E+08  0.132E-02  0.820E+08  0.167E-02
  0.840E+08  0.211E-02  0.860E+08  0.246E-02  0.880E+08  0.284E-02
  0.900E+08  0.324E-02  0.920E+08  0.348E-02  0.940E+08  0.367E-02
  0.960E+08  0.383E-02  0.980E+08  0.383E-02  0.100E+09  0.361E-02
TI49 
         260
           0
          40
  0.270E+08  0.000E+00  0.360E+08  0.608E-13  0.370E+08  0.922E-11
  0.380E+08  0.307E-09  0.390E+08  0.394E-08  0.400E+08  0.323E-07
  0.410E+08  0.229E-06  0.420E+08  0.708E-06  0.430E+08  0.258E-05
  0.440E+08  0.754E-05  0.450E+08  0.218E-04  0.460E+08  0.570E-04
  0.470E+08  0.104E-03  0.480E+08  0.186E-03  0.500E+08  0.357E-03
  0.520E+08  0.585E-03  0.540E+08  0.872E-03  0.560E+08  0.111E-02
  0.580E+08  0.143E-02  0.600E+08  0.174E-02  0.620E+08  0.189E-02
  0.640E+08  0.192E-02  0.660E+08  0.199E-02  0.680E+08  0.204E-02
  0.700E+08  0.185E-02  0.720E+08  0.174E-02  0.740E+08  0.146E-02
  0.760E+08  0.127E-02  0.780E+08  0.118E-02  0.800E+08  0.111E-02
  0.820E+08  0.106E-02  0.840E+08  0.114E-02  0.860E+08  0.128E-02
  0.880E+08  0.157E-02  0.900E+08  0.205E-02  0.920E+08  0.278E-02
  0.940E+08  0.343E-02  0.960E+08  0.427E-02  0.980E+08  0.513E-02
  0.100E+09  0.609E-02
TI48 
         261
           0
          31
  0.353E+08  0.000E+00  0.450E+08  0.164E-13  0.460E+08  0.240E-11
  0.470E+08  0.291E-10  0.480E+08  0.934E-09  0.500E+08  0.823E-07
  0.520E+08  0.155E-05  0.540E+08  0.114E-04  0.560E+08  0.460E-04
  0.580E+08  0.125E-03  0.600E+08  0.341E-03  0.620E+08  0.647E-03
  0.640E+08  0.108E-02  0.660E+08  0.166E-02  0.680E+08  0.215E-02
  0.700E+08  0.284E-02  0.720E+08  0.347E-02  0.740E+08  0.395E-02
  0.760E+08  0.436E-02  0.780E+08  0.468E-02  0.800E+08  0.492E-02
  0.820E+08  0.496E-02  0.840E+08  0.495E-02  0.860E+08  0.478E-02
  0.880E+08  0.464E-02  0.900E+08  0.473E-02  0.920E+08  0.459E-02
  0.940E+08  0.428E-02  0.960E+08  0.448E-02  0.980E+08  0.444E-02
  0.100E+09  0.502E-02
TI47 
         262
           0
          23
  0.471E+08  0.000E+00  0.580E+08  0.502E-14  0.600E+08  0.265E-10
  0.620E+08  0.921E-09  0.640E+08  0.355E-07  0.660E+08  0.845E-06
  0.680E+08  0.819E-05  0.700E+08  0.373E-04  0.720E+08  0.109E-03
  0.740E+08  0.251E-03  0.760E+08  0.491E-03  0.780E+08  0.835E-03
  0.800E+08  0.110E-02  0.820E+08  0.160E-02  0.840E+08  0.209E-02
  0.860E+08  0.262E-02  0.880E+08  0.302E-02  0.900E+08  0.333E-02
  0.920E+08  0.368E-02  0.940E+08  0.410E-02  0.960E+08  0.422E-02
  0.980E+08  0.450E-02  0.100E+09  0.451E-02
TI46 
         263
           0
          19
  0.561E+08  0.000E+00  0.660E+08  0.181E-16  0.680E+08  0.554E-13
  0.700E+08  0.183E-10  0.720E+08  0.479E-09  0.740E+08  0.114E-07
  0.760E+08  0.169E-06  0.780E+08  0.137E-05  0.800E+08  0.457E-05
  0.820E+08  0.169E-04  0.840E+08  0.452E-04  0.860E+08  0.104E-03
  0.880E+08  0.240E-03  0.900E+08  0.451E-03  0.920E+08  0.698E-03
  0.940E+08  0.112E-02  0.960E+08  0.145E-02  0.980E+08  0.176E-02
  0.100E+09  0.222E-02
TI45 
         264
           0
          12
  0.695E+08  0.000E+00  0.800E+08  0.386E-20  0.820E+08  0.363E-16
  0.840E+08  0.146E-13  0.860E+08  0.523E-12  0.880E+08  0.399E-10
  0.900E+08  0.163E-08  0.920E+08  0.142E-07  0.940E+08  0.238E-06
  0.960E+08  0.846E-06  0.980E+08  0.312E-05  0.100E+09  0.873E-05
TI44 
         265
           0
           7
  0.792E+08  0.000E+00  0.900E+08  0.275E-20  0.920E+08  0.162E-17
  0.940E+08  0.556E-14  0.960E+08  0.266E-12  0.980E+08  0.577E-11
  0.100E+09  0.127E-09
SC54 
         275
           0
          18
  0.591E+08  0.000E+00  0.680E+08  0.169E-27  0.700E+08  0.764E-22
  0.720E+08  0.936E-20  0.740E+08  0.162E-17  0.760E+08  0.126E-16
  0.780E+08  0.340E-15  0.800E+08  0.547E-14  0.820E+08  0.479E-13
  0.840E+08  0.160E-12  0.860E+08  0.657E-12  0.880E+08  0.258E-11
  0.900E+08  0.503E-11  0.920E+08  0.141E-10  0.940E+08  0.216E-10
  0.960E+08  0.319E-10  0.980E+08  0.442E-10  0.100E+09  0.714E-10
SC53 
         276
           0
          17
  0.601E+08  0.000E+00  0.700E+08  0.759E-26  0.720E+08  0.836E-23
  0.740E+08  0.597E-20  0.760E+08  0.113E-17  0.780E+08  0.277E-16
  0.800E+08  0.740E-15  0.820E+08  0.669E-14  0.840E+08  0.415E-13
  0.860E+08  0.458E-12  0.880E+08  0.341E-11  0.900E+08  0.116E-10
  0.920E+08  0.570E-10  0.940E+08  0.125E-09  0.960E+08  0.257E-09
  0.980E+08  0.473E-09  0.100E+09  0.747E-09
SC52 
         277
           0
          27
  0.399E+08  0.000E+00  0.500E+08  0.109E-18  0.520E+08  0.120E-16
  0.540E+08  0.352E-14  0.560E+08  0.203E-12  0.580E+08  0.427E-11
  0.600E+08  0.758E-10  0.620E+08  0.386E-09  0.640E+08  0.145E-08
  0.660E+08  0.525E-08  0.680E+08  0.128E-07  0.700E+08  0.239E-07
  0.720E+08  0.384E-07  0.740E+08  0.514E-07  0.760E+08  0.496E-07
  0.780E+08  0.642E-07  0.800E+08  0.667E-07  0.820E+08  0.666E-07
  0.840E+08  0.760E-07  0.860E+08  0.940E-07  0.880E+08  0.837E-07
  0.900E+08  0.933E-07  0.920E+08  0.903E-07  0.940E+08  0.842E-07
  0.960E+08  0.927E-07  0.980E+08  0.113E-06  0.100E+09  0.113E-06
SC51 
         278
           0
          26
  0.417E+08  0.000E+00  0.520E+08  0.804E-24  0.540E+08  0.838E-19
  0.560E+08  0.658E-16  0.580E+08  0.141E-13  0.600E+08  0.925E-12
  0.620E+08  0.162E-10  0.640E+08  0.189E-09  0.660E+08  0.155E-08
  0.680E+08  0.847E-08  0.700E+08  0.236E-07  0.720E+08  0.597E-07
  0.740E+08  0.129E-06  0.760E+08  0.241E-06  0.780E+08  0.435E-06
  0.800E+08  0.585E-06  0.820E+08  0.747E-06  0.840E+08  0.105E-05
  0.860E+08  0.123E-05  0.880E+08  0.144E-05  0.900E+08  0.172E-05
  0.920E+08  0.183E-05  0.940E+08  0.183E-05  0.960E+08  0.201E-05
  0.980E+08  0.232E-05  0.100E+09  0.256E-05
SC50 
         279
           0
          43
  0.221E+08  0.000E+00  0.330E+08  0.385E-16  0.340E+08  0.377E-14
  0.350E+08  0.178E-12  0.360E+08  0.351E-11  0.370E+08  0.591E-10
  0.380E+08  0.451E-09  0.390E+08  0.262E-08  0.400E+08  0.109E-07
  0.410E+08  0.361E-07  0.420E+08  0.780E-07  0.430E+08  0.199E-06
  0.440E+08  0.437E-06  0.450E+08  0.712E-06  0.460E+08  0.123E-05
  0.470E+08  0.192E-05  0.480E+08  0.283E-05  0.500E+08  0.569E-05
  0.520E+08  0.747E-05  0.540E+08  0.932E-05  0.560E+08  0.106E-04
  0.580E+08  0.116E-04  0.600E+08  0.117E-04  0.620E+08  0.113E-04
  0.640E+08  0.109E-04  0.660E+08  0.110E-04  0.680E+08  0.950E-05
  0.700E+08  0.880E-05  0.720E+08  0.772E-05  0.740E+08  0.671E-05
  0.760E+08  0.636E-05  0.780E+08  0.599E-05  0.800E+08  0.606E-05
  0.820E+08  0.678E-05  0.840E+08  0.750E-05  0.860E+08  0.929E-05
  0.880E+08  0.125E-04  0.900E+08  0.152E-04  0.920E+08  0.202E-04
  0.940E+08  0.241E-04  0.960E+08  0.288E-04  0.980E+08  0.317E-04
  0.100E+09  0.341E-04
SC49 
         280
           0
          39
  0.260E+08  0.000E+00  0.370E+08  0.607E-18  0.380E+08  0.123E-15
  0.390E+08  0.701E-14  0.400E+08  0.150E-12  0.410E+08  0.161E-11
  0.420E+08  0.111E-10  0.430E+08  0.102E-09  0.440E+08  0.811E-09
  0.450E+08  0.345E-08  0.460E+08  0.150E-07  0.470E+08  0.532E-07
  0.480E+08  0.178E-06  0.500E+08  0.109E-05  0.520E+08  0.278E-05
  0.540E+08  0.764E-05  0.560E+08  0.157E-04  0.580E+08  0.297E-04
  0.600E+08  0.517E-04  0.620E+08  0.766E-04  0.640E+08  0.104E-03
  0.660E+08  0.142E-03  0.680E+08  0.171E-03  0.700E+08  0.190E-03
  0.720E+08  0.203E-03  0.740E+08  0.202E-03  0.760E+08  0.207E-03
  0.780E+08  0.221E-03  0.800E+08  0.211E-03  0.820E+08  0.186E-03
  0.840E+08  0.172E-03  0.860E+08  0.148E-03  0.880E+08  0.143E-03
  0.900E+08  0.136E-03  0.920E+08  0.140E-03  0.940E+08  0.150E-03
  0.960E+08  0.169E-03  0.980E+08  0.192E-03  0.100E+09  0.226E-03
SC48 
         281
           0
          29
  0.363E+08  0.000E+00  0.470E+08  0.135E-19  0.480E+08  0.736E-16
  0.500E+08  0.425E-13  0.520E+08  0.133E-10  0.540E+08  0.755E-09
  0.560E+08  0.134E-07  0.580E+08  0.124E-06  0.600E+08  0.103E-05
  0.620E+08  0.437E-05  0.640E+08  0.143E-04  0.660E+08  0.388E-04
  0.680E+08  0.801E-04  0.700E+08  0.149E-03  0.720E+08  0.233E-03
  0.740E+08  0.320E-03  0.760E+08  0.430E-03  0.780E+08  0.516E-03
  0.800E+08  0.591E-03  0.820E+08  0.702E-03  0.840E+08  0.769E-03
  0.860E+08  0.791E-03  0.880E+08  0.833E-03  0.900E+08  0.862E-03
  0.920E+08  0.839E-03  0.940E+08  0.909E-03  0.960E+08  0.868E-03
  0.980E+08  0.837E-03  0.100E+09  0.831E-03
SC47 
         282
           0
          24
  0.446E+08  0.000E+00  0.560E+08  0.736E-18  0.580E+08  0.439E-14
  0.600E+08  0.263E-11  0.620E+08  0.414E-09  0.640E+08  0.524E-08
  0.660E+08  0.754E-07  0.680E+08  0.546E-06  0.700E+08  0.276E-05
  0.720E+08  0.941E-05  0.740E+08  0.289E-04  0.760E+08  0.639E-04
  0.780E+08  0.126E-03  0.800E+08  0.206E-03  0.820E+08  0.371E-03
  0.840E+08  0.544E-03  0.860E+08  0.779E-03  0.880E+08  0.105E-02
  0.900E+08  0.133E-02  0.920E+08  0.163E-02  0.940E+08  0.188E-02
  0.960E+08  0.212E-02  0.980E+08  0.228E-02  0.100E+09  0.250E-02
SC46 
         283
           0
          18
  0.555E+08  0.000E+00  0.680E+08  0.313E-16  0.700E+08  0.361E-13
  0.720E+08  0.882E-11  0.740E+08  0.518E-09  0.760E+08  0.512E-08
  0.780E+08  0.662E-07  0.800E+08  0.375E-06  0.820E+08  0.210E-05
  0.840E+08  0.691E-05  0.860E+08  0.156E-04  0.880E+08  0.367E-04
  0.900E+08  0.104E-03  0.920E+08  0.208E-03  0.940E+08  0.365E-03
  0.960E+08  0.577E-03  0.980E+08  0.829E-03  0.100E+09  0.118E-02
SC45 
         284
           0
          14
  0.644E+08  0.000E+00  0.760E+08  0.528E-22  0.780E+08  0.387E-17
  0.800E+08  0.309E-14  0.820E+08  0.208E-11  0.840E+08  0.879E-10
  0.860E+08  0.209E-08  0.880E+08  0.185E-07  0.900E+08  0.265E-06
  0.920E+08  0.147E-05  0.940E+08  0.546E-05  0.960E+08  0.126E-04
  0.980E+08  0.316E-04  0.100E+09  0.582E-04
SC44 
         285
           0
           8
  0.759E+08  0.000E+00  0.880E+08  0.497E-22  0.900E+08  0.143E-17
  0.920E+08  0.685E-15  0.940E+08  0.111E-12  0.960E+08  0.863E-11
  0.980E+08  0.209E-09  0.100E+09  0.311E-08
SC43 
         286
           0
           3
  0.858E+08  0.000E+00  0.980E+08  0.897E-25  0.100E+09  0.201E-20
CA53 
         467
           0
           9
  0.735E+08  0.000E+00  0.860E+08  0.266E-33  0.880E+08  0.548E-28
  0.900E+08  0.386E-25  0.920E+08  0.481E-22  0.940E+08  0.187E-20
  0.960E+08  0.382E-19  0.980E+08  0.368E-18  0.100E+09  0.258E-17
CA52 
         468
           0
           9
  0.739E+08  0.000E+00  0.860E+08  0.227E-34  0.880E+08  0.652E-29
  0.900E+08  0.663E-26  0.920E+08  0.479E-23  0.940E+08  0.171E-21
  0.960E+08  0.646E-20  0.980E+08  0.160E-18  0.100E+09  0.206E-17
CA51 
         469
           0
          21
  0.529E+08  0.000E+00  0.620E+08  0.214E-28  0.640E+08  0.133E-23
  0.660E+08  0.205E-20  0.680E+08  0.839E-18  0.700E+08  0.206E-16
  0.720E+08  0.458E-15  0.740E+08  0.686E-14  0.760E+08  0.918E-13
  0.780E+08  0.543E-12  0.800E+08  0.134E-11  0.820E+08  0.414E-11
  0.840E+08  0.109E-10  0.860E+08  0.193E-10  0.880E+08  0.414E-10
  0.900E+08  0.621E-10  0.920E+08  0.608E-10  0.940E+08  0.765E-10
  0.960E+08  0.105E-09  0.980E+08  0.162E-09  0.100E+09  0.177E-09
CA50 
         470
           0
          20
  0.537E+08  0.000E+00  0.640E+08  0.166E-30  0.660E+08  0.601E-24
  0.680E+08  0.914E-21  0.700E+08  0.125E-18  0.720E+08  0.992E-17
  0.740E+08  0.467E-15  0.760E+08  0.112E-13  0.780E+08  0.150E-12
  0.800E+08  0.624E-12  0.820E+08  0.381E-11  0.840E+08  0.175E-10
  0.860E+08  0.582E-10  0.880E+08  0.236E-09  0.900E+08  0.480E-09
  0.920E+08  0.101E-08  0.940E+08  0.181E-08  0.960E+08  0.349E-08
  0.980E+08  0.492E-08  0.100E+09  0.698E-08
CA49 
         471
           0
          30
  0.328E+08  0.000E+00  0.460E+08  0.538E-21  0.470E+08  0.910E-19
  0.480E+08  0.422E-17  0.500E+08  0.413E-14  0.520E+08  0.706E-13
  0.540E+08  0.246E-11  0.560E+08  0.526E-10  0.580E+08  0.392E-09
  0.600E+08  0.235E-08  0.620E+08  0.796E-08  0.640E+08  0.199E-07
  0.660E+08  0.488E-07  0.680E+08  0.103E-06  0.700E+08  0.123E-06
  0.720E+08  0.165E-06  0.740E+08  0.192E-06  0.760E+08  0.233E-06
  0.780E+08  0.264E-06  0.800E+08  0.263E-06  0.820E+08  0.265E-06
  0.840E+08  0.272E-06  0.860E+08  0.247E-06  0.880E+08  0.230E-06
  0.900E+08  0.234E-06  0.920E+08  0.220E-06  0.940E+08  0.265E-06
  0.960E+08  0.278E-06  0.980E+08  0.246E-06  0.100E+09  0.252E-06
CA48 
         472
           0
          28
  0.357E+08  0.000E+00  0.480E+08  0.393E-25  0.500E+08  0.175E-19
  0.520E+08  0.139E-16  0.540E+08  0.256E-14  0.560E+08  0.136E-12
  0.580E+08  0.484E-11  0.600E+08  0.111E-09  0.620E+08  0.982E-09
  0.640E+08  0.469E-08  0.660E+08  0.242E-07  0.680E+08  0.854E-07
  0.700E+08  0.236E-06  0.720E+08  0.495E-06  0.740E+08  0.910E-06
  0.760E+08  0.155E-05  0.780E+08  0.247E-05  0.800E+08  0.320E-05
  0.820E+08  0.465E-05  0.840E+08  0.627E-05  0.860E+08  0.772E-05
  0.880E+08  0.939E-05  0.900E+08  0.101E-04  0.920E+08  0.106E-04
  0.940E+08  0.111E-04  0.960E+08  0.130E-04  0.980E+08  0.125E-04
  0.100E+09  0.124E-04
CA47 
         473
           0
          43
  0.193E+08  0.000E+00  0.330E+08  0.594E-18  0.340E+08  0.621E-16
  0.350E+08  0.233E-14  0.360E+08  0.703E-13  0.370E+08  0.788E-12
  0.380E+08  0.405E-11  0.390E+08  0.260E-10  0.400E+08  0.146E-09
  0.410E+08  0.580E-09  0.420E+08  0.113E-08  0.430E+08  0.334E-08
  0.440E+08  0.897E-08  0.450E+08  0.197E-07  0.460E+08  0.440E-07
  0.470E+08  0.798E-07  0.480E+08  0.142E-06  0.500E+08  0.349E-06
  0.520E+08  0.503E-06  0.540E+08  0.735E-06  0.560E+08  0.103E-05
  0.580E+08  0.118E-05  0.600E+08  0.145E-05  0.620E+08  0.162E-05
  0.640E+08  0.155E-05  0.660E+08  0.140E-05  0.680E+08  0.165E-05
  0.700E+08  0.143E-05  0.720E+08  0.121E-05  0.740E+08  0.115E-05
  0.760E+08  0.104E-05  0.780E+08  0.109E-05  0.800E+08  0.141E-05
  0.820E+08  0.218E-05  0.840E+08  0.393E-05  0.860E+08  0.700E-05
  0.880E+08  0.117E-04  0.900E+08  0.182E-04  0.920E+08  0.259E-04
  0.940E+08  0.337E-04  0.960E+08  0.427E-04  0.980E+08  0.526E-04
  0.100E+09  0.604E-04
CA46 
         474
           0
          36
  0.267E+08  0.000E+00  0.400E+08  0.156E-18  0.410E+08  0.374E-16
  0.420E+08  0.420E-15  0.430E+08  0.136E-13  0.440E+08  0.406E-12
  0.450E+08  0.712E-11  0.460E+08  0.611E-10  0.470E+08  0.260E-09
  0.480E+08  0.162E-08  0.500E+08  0.144E-07  0.520E+08  0.807E-07
  0.540E+08  0.296E-06  0.560E+08  0.830E-06  0.580E+08  0.177E-05
  0.600E+08  0.310E-05  0.620E+08  0.573E-05  0.640E+08  0.883E-05
  0.660E+08  0.136E-04  0.680E+08  0.183E-04  0.700E+08  0.217E-04
  0.720E+08  0.246E-04  0.740E+08  0.298E-04  0.760E+08  0.306E-04
  0.780E+08  0.299E-04  0.800E+08  0.319E-04  0.820E+08  0.281E-04
  0.840E+08  0.268E-04  0.860E+08  0.255E-04  0.880E+08  0.253E-04
  0.900E+08  0.261E-04  0.920E+08  0.295E-04  0.940E+08  0.323E-04
  0.960E+08  0.455E-04  0.980E+08  0.566E-04  0.100E+09  0.764E-04
CA45 
         475
           0
          26
  0.373E+08  0.000E+00  0.520E+08  0.112E-17  0.540E+08  0.289E-14
  0.560E+08  0.747E-12  0.580E+08  0.573E-10  0.600E+08  0.146E-08
  0.620E+08  0.195E-07  0.640E+08  0.139E-06  0.660E+08  0.106E-05
  0.680E+08  0.317E-05  0.700E+08  0.730E-05  0.720E+08  0.132E-04
  0.740E+08  0.207E-04  0.760E+08  0.316E-04  0.780E+08  0.430E-04
  0.800E+08  0.546E-04  0.820E+08  0.691E-04  0.840E+08  0.789E-04
  0.860E+08  0.927E-04  0.880E+08  0.991E-04  0.900E+08  0.103E-03
  0.920E+08  0.104E-03  0.940E+08  0.992E-04  0.960E+08  0.953E-04
  0.980E+08  0.908E-04  0.100E+09  0.790E-04
CA44 
         476
           0
          22
  0.449E+08  0.000E+00  0.600E+08  0.642E-18  0.620E+08  0.115E-14
  0.640E+08  0.278E-12  0.660E+08  0.324E-10  0.680E+08  0.117E-08
  0.700E+08  0.178E-07  0.720E+08  0.171E-06  0.740E+08  0.780E-06
  0.760E+08  0.256E-05  0.780E+08  0.614E-05  0.800E+08  0.912E-05
  0.820E+08  0.204E-04  0.840E+08  0.341E-04  0.860E+08  0.514E-04
  0.880E+08  0.733E-04  0.900E+08  0.105E-03  0.920E+08  0.142E-03
  0.940E+08  0.188E-03  0.960E+08  0.226E-03  0.980E+08  0.266E-03
  0.100E+09  0.304E-03
CA43 
         477
           0
          17
  0.562E+08  0.000E+00  0.700E+08  0.250E-21  0.720E+08  0.260E-18
  0.740E+08  0.288E-15  0.760E+08  0.236E-12  0.780E+08  0.104E-10
  0.800E+08  0.139E-09  0.820E+08  0.303E-08  0.840E+08  0.229E-07
  0.860E+08  0.116E-06  0.880E+08  0.444E-06  0.900E+08  0.131E-05
  0.920E+08  0.371E-05  0.940E+08  0.999E-05  0.960E+08  0.194E-04
  0.980E+08  0.367E-04  0.100E+09  0.669E-04
CA42 
         478
           0
          13
  0.643E+08  0.000E+00  0.780E+08  0.236E-23  0.800E+08  0.530E-20
  0.820E+08  0.133E-16  0.840E+08  0.108E-14  0.860E+08  0.104E-12
  0.880E+08  0.538E-11  0.900E+08  0.170E-09  0.920E+08  0.168E-08
  0.940E+08  0.245E-07  0.960E+08  0.103E-06  0.980E+08  0.569E-06
  0.100E+09  0.208E-05
CA41 
         479
           0
           7
  0.759E+08  0.000E+00  0.900E+08  0.119E-23  0.920E+08  0.157E-20
  0.940E+08  0.139E-16  0.960E+08  0.119E-14  0.980E+08  0.339E-13
  0.100E+09  0.153E-11
CA40 
         480
           0
           2
  0.844E+08  0.000E+00  0.100E+09  0.561E-24
K50  
         575
           0
          11
  0.701E+08  0.000E+00  0.820E+08  0.186E-34  0.840E+08  0.238E-29
  0.860E+08  0.570E-26  0.880E+08  0.229E-22  0.900E+08  0.618E-21
  0.920E+08  0.897E-19  0.940E+08  0.155E-17  0.960E+08  0.192E-16
  0.980E+08  0.573E-16  0.100E+09  0.343E-15
K49  
         576
           0
          11
  0.701E+08  0.000E+00  0.820E+08  0.139E-35  0.840E+08  0.320E-30
  0.860E+08  0.941E-27  0.880E+08  0.538E-23  0.900E+08  0.205E-21
  0.920E+08  0.354E-19  0.940E+08  0.833E-18  0.960E+08  0.242E-16
  0.980E+08  0.104E-15  0.100E+09  0.797E-15
K48  
         577
           0
          20
  0.504E+08  0.000E+00  0.640E+08  0.478E-27  0.660E+08  0.796E-23
  0.680E+08  0.117E-19  0.700E+08  0.355E-17  0.720E+08  0.147E-15
  0.740E+08  0.246E-14  0.760E+08  0.421E-13  0.780E+08  0.386E-12
  0.800E+08  0.124E-11  0.820E+08  0.612E-11  0.840E+08  0.211E-10
  0.860E+08  0.655E-10  0.880E+08  0.179E-09  0.900E+08  0.291E-09
  0.920E+08  0.449E-09  0.940E+08  0.692E-09  0.960E+08  0.102E-08
  0.980E+08  0.118E-08  0.100E+09  0.155E-08
K47  
         578
           0
          19
  0.518E+08  0.000E+00  0.660E+08  0.770E-28  0.680E+08  0.443E-23
  0.700E+08  0.600E-20  0.720E+08  0.104E-17  0.740E+08  0.371E-16
  0.760E+08  0.153E-14  0.780E+08  0.337E-13  0.800E+08  0.291E-12
  0.820E+08  0.286E-11  0.840E+08  0.175E-10  0.860E+08  0.748E-10
  0.880E+08  0.340E-09  0.900E+08  0.919E-09  0.920E+08  0.221E-08
  0.940E+08  0.492E-08  0.960E+08  0.114E-07  0.980E+08  0.183E-07
  0.100E+09  0.301E-07
K46  
         579
           0
          27
  0.338E+08  0.000E+00  0.500E+08  0.144E-20  0.520E+08  0.823E-18
  0.540E+08  0.236E-15  0.560E+08  0.243E-13  0.580E+08  0.100E-11
  0.600E+08  0.122E-10  0.620E+08  0.124E-09  0.640E+08  0.755E-09
  0.660E+08  0.367E-08  0.680E+08  0.125E-07  0.700E+08  0.298E-07
  0.720E+08  0.543E-07  0.740E+08  0.954E-07  0.760E+08  0.145E-06
  0.780E+08  0.205E-06  0.800E+08  0.249E-06  0.820E+08  0.304E-06
  0.840E+08  0.353E-06  0.860E+08  0.384E-06  0.880E+08  0.405E-06
  0.900E+08  0.397E-06  0.920E+08  0.393E-06  0.940E+08  0.382E-06
  0.960E+08  0.359E-06  0.980E+08  0.316E-06  0.100E+09  0.307E-06
K45  
         580
           0
          25
  0.385E+08  0.000E+00  0.540E+08  0.173E-24  0.560E+08  0.194E-20
  0.580E+08  0.896E-18  0.600E+08  0.254E-15  0.620E+08  0.109E-13
  0.640E+08  0.465E-12  0.660E+08  0.164E-10  0.680E+08  0.308E-09
  0.700E+08  0.218E-08  0.720E+08  0.940E-08  0.740E+08  0.326E-07
  0.760E+08  0.875E-07  0.780E+08  0.165E-06  0.800E+08  0.277E-06
  0.820E+08  0.545E-06  0.840E+08  0.877E-06  0.860E+08  0.145E-05
  0.880E+08  0.203E-05  0.900E+08  0.273E-05  0.920E+08  0.344E-05
  0.940E+08  0.415E-05  0.960E+08  0.485E-05  0.980E+08  0.520E-05
  0.100E+09  0.551E-05
K44  
         581
           0
          20
  0.476E+08  0.000E+00  0.640E+08  0.174E-21  0.660E+08  0.486E-18
  0.680E+08  0.181E-15  0.700E+08  0.210E-13  0.720E+08  0.699E-12
  0.740E+08  0.144E-10  0.760E+08  0.199E-09  0.780E+08  0.152E-08
  0.800E+08  0.587E-08  0.820E+08  0.323E-07  0.840E+08  0.986E-07
  0.860E+08  0.250E-06  0.880E+08  0.576E-06  0.900E+08  0.114E-05
  0.920E+08  0.217E-05  0.940E+08  0.384E-05  0.960E+08  0.616E-05
  0.980E+08  0.922E-05  0.100E+09  0.126E-04
K43  
         582
           0
          17
  0.550E+08  0.000E+00  0.700E+08  0.444E-27  0.720E+08  0.260E-21
  0.740E+08  0.125E-17  0.760E+08  0.297E-15  0.780E+08  0.328E-13
  0.800E+08  0.853E-12  0.820E+08  0.191E-10  0.840E+08  0.371E-09
  0.860E+08  0.286E-08  0.880E+08  0.128E-07  0.900E+08  0.555E-07
  0.920E+08  0.197E-06  0.940E+08  0.565E-06  0.960E+08  0.137E-05
  0.980E+08  0.224E-05  0.100E+09  0.441E-05
K42  
         583
           0
          11
  0.648E+08  0.000E+00  0.820E+08  0.125E-22  0.840E+08  0.524E-19
  0.860E+08  0.285E-16  0.880E+08  0.231E-14  0.900E+08  0.155E-12
  0.920E+08  0.684E-11  0.940E+08  0.111E-09  0.960E+08  0.151E-08
  0.980E+08  0.862E-08  0.100E+09  0.402E-07
K41  
         584
           0
           8
  0.724E+08  0.000E+00  0.880E+08  0.692E-30  0.900E+08  0.102E-22
  0.920E+08  0.369E-19  0.940E+08  0.149E-16  0.960E+08  0.198E-14
  0.980E+08  0.108E-12  0.100E+09  0.313E-11
K40  
         585
           0
           3
  0.827E+08  0.000E+00  0.980E+08  0.313E-29  0.100E+09  0.159E-24
AR49 
         873
           0
           2
  0.854E+08  0.000E+00  0.100E+09  0.161E-37
AR48 
         874
           0
           3
  0.845E+08  0.000E+00  0.980E+08  0.852E-41  0.100E+09  0.686E-36
AR47 
         875
           0
          14
  0.626E+08  0.000E+00  0.760E+08  0.263E-35  0.780E+08  0.354E-30
  0.800E+08  0.593E-28  0.820E+08  0.600E-25  0.840E+08  0.131E-22
  0.860E+08  0.112E-20  0.880E+08  0.182E-18  0.900E+08  0.886E-18
  0.920E+08  0.236E-16  0.940E+08  0.162E-15  0.960E+08  0.111E-14
  0.980E+08  0.255E-14  0.100E+09  0.838E-14
AR46 
         876
           0
          12
  0.637E+08  0.000E+00  0.800E+08  0.891E-33  0.820E+08  0.276E-28
  0.840E+08  0.396E-25  0.860E+08  0.127E-22  0.880E+08  0.185E-19
  0.900E+08  0.247E-18  0.920E+08  0.130E-16  0.940E+08  0.139E-15
  0.960E+08  0.164E-14  0.980E+08  0.475E-14  0.100E+09  0.235E-13
AR45 
         877
           0
          20
  0.470E+08  0.000E+00  0.640E+08  0.925E-29  0.660E+08  0.147E-24
  0.680E+08  0.360E-21  0.700E+08  0.128E-18  0.720E+08  0.318E-17
  0.740E+08  0.151E-15  0.760E+08  0.318E-14  0.780E+08  0.342E-13
  0.800E+08  0.156E-12  0.820E+08  0.120E-11  0.840E+08  0.484E-11
  0.860E+08  0.221E-10  0.880E+08  0.690E-10  0.900E+08  0.149E-09
  0.920E+08  0.303E-09  0.940E+08  0.563E-09  0.960E+08  0.944E-09
  0.980E+08  0.137E-08  0.100E+09  0.187E-08
AR44 
         878
           0
          18
  0.504E+08  0.000E+00  0.680E+08  0.588E-28  0.700E+08  0.673E-25
  0.720E+08  0.527E-22  0.740E+08  0.118E-19  0.760E+08  0.130E-17
  0.780E+08  0.635E-16  0.800E+08  0.789E-15  0.820E+08  0.225E-13
  0.840E+08  0.161E-12  0.860E+08  0.190E-11  0.880E+08  0.125E-10
  0.900E+08  0.520E-10  0.920E+08  0.182E-09  0.940E+08  0.530E-09
  0.960E+08  0.153E-08  0.980E+08  0.332E-08  0.100E+09  0.633E-08
AR43 
         879
           0
          27
  0.323E+08  0.000E+00  0.500E+08  0.396E-26  0.520E+08  0.915E-22
  0.540E+08  0.737E-19  0.560E+08  0.136E-16  0.580E+08  0.920E-15
  0.600E+08  0.131E-13  0.620E+08  0.248E-12  0.640E+08  0.257E-11
  0.660E+08  0.271E-10  0.680E+08  0.103E-09  0.700E+08  0.352E-09
  0.720E+08  0.929E-09  0.740E+08  0.184E-08  0.760E+08  0.318E-08
  0.780E+08  0.483E-08  0.800E+08  0.715E-08  0.820E+08  0.936E-08
  0.840E+08  0.114E-07  0.860E+08  0.124E-07  0.880E+08  0.129E-07
  0.900E+08  0.137E-07  0.920E+08  0.133E-07  0.940E+08  0.127E-07
  0.960E+08  0.127E-07  0.980E+08  0.114E-07  0.100E+09  0.138E-07
AR42 
         880
           0
          24
  0.381E+08  0.000E+00  0.560E+08  0.132E-25  0.580E+08  0.378E-21
  0.600E+08  0.825E-19  0.620E+08  0.261E-16  0.640E+08  0.253E-14
  0.660E+08  0.246E-12  0.680E+08  0.421E-11  0.700E+08  0.266E-10
  0.720E+08  0.169E-09  0.740E+08  0.960E-09  0.760E+08  0.298E-08
  0.780E+08  0.758E-08  0.800E+08  0.129E-07  0.820E+08  0.306E-07
  0.840E+08  0.559E-07  0.860E+08  0.929E-07  0.880E+08  0.128E-06
  0.900E+08  0.186E-06  0.920E+08  0.252E-06  0.940E+08  0.323E-06
  0.960E+08  0.378E-06  0.980E+08  0.420E-06  0.100E+09  0.465E-06
AR41 
         881
           0
          19
  0.477E+08  0.000E+00  0.660E+08  0.693E-25  0.680E+08  0.489E-20
  0.700E+08  0.376E-17  0.720E+08  0.176E-15  0.740E+08  0.106E-13
  0.760E+08  0.387E-12  0.780E+08  0.711E-11  0.800E+08  0.307E-10
  0.820E+08  0.298E-09  0.840E+08  0.155E-08  0.860E+08  0.626E-08
  0.880E+08  0.157E-07  0.900E+08  0.420E-07  0.920E+08  0.958E-07
  0.940E+08  0.199E-06  0.960E+08  0.393E-06  0.980E+08  0.626E-06
  0.100E+09  0.891E-06
AR40 
         882
           0
          16
  0.539E+08  0.000E+00  0.720E+08  0.893E-26  0.740E+08  0.169E-21
  0.760E+08  0.871E-19  0.780E+08  0.201E-16  0.800E+08  0.404E-15
  0.820E+08  0.354E-13  0.840E+08  0.912E-12  0.860E+08  0.887E-11
  0.880E+08  0.664E-10  0.900E+08  0.555E-09  0.920E+08  0.295E-08
  0.940E+08  0.135E-07  0.960E+08  0.514E-07  0.980E+08  0.108E-06
  0.100E+09  0.241E-06
AR39 
         883
           0
          11
  0.639E+08  0.000E+00  0.820E+08  0.433E-29  0.840E+08  0.554E-25
  0.860E+08  0.110E-21  0.880E+08  0.415E-19  0.900E+08  0.141E-16
  0.920E+08  0.107E-14  0.940E+08  0.735E-13  0.960E+08  0.327E-11
  0.980E+08  0.463E-10  0.100E+09  0.387E-09
AR38 
         884
           0
           7
  0.706E+08  0.000E+00  0.900E+08  0.841E-27  0.920E+08  0.152E-23
  0.940E+08  0.158E-19  0.960E+08  0.145E-17  0.980E+08  0.328E-15
  0.100E+09  0.970E-14
AR37 
         885
           0
           2
  0.827E+08  0.000E+00  0.100E+09  0.479E-33
