         110
ZN69 
          16
           0
          72
  0.935E+07  0.000E+00  0.100E+08  0.875E-01  0.105E+08  0.336E+00
  0.110E+08  0.556E+00  0.115E+08  0.808E+00  0.120E+08  0.100E+01
  0.125E+08  0.115E+01  0.130E+08  0.125E+01  0.135E+08  0.133E+01
  0.140E+08  0.138E+01  0.145E+08  0.143E+01  0.150E+08  0.144E+01
  0.160E+08  0.146E+01  0.170E+08  0.143E+01  0.180E+08  0.127E+01
  0.190E+08  0.104E+01  0.200E+08  0.811E+00  0.210E+08  0.661E+00
  0.220E+08  0.538E+00  0.230E+08  0.424E+00  0.240E+08  0.344E+00
  0.250E+08  0.287E+00  0.260E+08  0.248E+00  0.270E+08  0.221E+00
  0.280E+08  0.191E+00  0.290E+08  0.182E+00  0.300E+08  0.171E+00
  0.310E+08  0.162E+00  0.320E+08  0.154E+00  0.330E+08  0.147E+00
  0.340E+08  0.141E+00  0.350E+08  0.137E+00  0.360E+08  0.133E+00
  0.370E+08  0.129E+00  0.380E+08  0.125E+00  0.390E+08  0.121E+00
  0.400E+08  0.118E+00  0.410E+08  0.114E+00  0.420E+08  0.107E+00
  0.430E+08  0.105E+00  0.440E+08  0.103E+00  0.450E+08  0.102E+00
  0.460E+08  0.100E+00  0.470E+08  0.981E-01  0.480E+08  0.958E-01
  0.490E+08  0.944E-01  0.500E+08  0.929E-01  0.520E+08  0.900E-01
  0.540E+08  0.868E-01  0.560E+08  0.807E-01  0.580E+08  0.745E-01
  0.600E+08  0.682E-01  0.620E+08  0.715E-01  0.640E+08  0.688E-01
  0.660E+08  0.663E-01  0.680E+08  0.637E-01  0.700E+08  0.615E-01
  0.720E+08  0.591E-01  0.740E+08  0.602E-01  0.760E+08  0.582E-01
  0.780E+08  0.563E-01  0.800E+08  0.544E-01  0.820E+08  0.532E-01
  0.840E+08  0.515E-01  0.860E+08  0.499E-01  0.880E+08  0.484E-01
  0.900E+08  0.471E-01  0.920E+08  0.454E-01  0.940E+08  0.438E-01
  0.960E+08  0.421E-01  0.980E+08  0.405E-01  0.100E+09  0.394E-01
ZN68 
          17
           0
          60
  0.159E+08  0.000E+00  0.170E+08  0.245E-01  0.180E+08  0.165E+00
  0.190E+08  0.383E+00  0.200E+08  0.593E+00  0.210E+08  0.720E+00
  0.220E+08  0.821E+00  0.230E+08  0.917E+00  0.240E+08  0.976E+00
  0.250E+08  0.101E+01  0.260E+08  0.103E+01  0.270E+08  0.103E+01
  0.280E+08  0.104E+01  0.290E+08  0.102E+01  0.300E+08  0.988E+00
  0.310E+08  0.937E+00  0.320E+08  0.872E+00  0.330E+08  0.797E+00
  0.340E+08  0.720E+00  0.350E+08  0.658E+00  0.360E+08  0.578E+00
  0.370E+08  0.520E+00  0.380E+08  0.467E+00  0.390E+08  0.422E+00
  0.400E+08  0.383E+00  0.410E+08  0.351E+00  0.420E+08  0.319E+00
  0.430E+08  0.301E+00  0.440E+08  0.286E+00  0.450E+08  0.269E+00
  0.460E+08  0.254E+00  0.470E+08  0.241E+00  0.480E+08  0.230E+00
  0.490E+08  0.227E+00  0.500E+08  0.218E+00  0.520E+08  0.202E+00
  0.540E+08  0.190E+00  0.560E+08  0.177E+00  0.580E+08  0.157E+00
  0.600E+08  0.150E+00  0.620E+08  0.137E+00  0.640E+08  0.131E+00
  0.660E+08  0.126E+00  0.680E+08  0.121E+00  0.700E+08  0.117E+00
  0.720E+08  0.112E+00  0.740E+08  0.109E+00  0.760E+08  0.107E+00
  0.780E+08  0.105E+00  0.800E+08  0.103E+00  0.820E+08  0.101E+00
  0.840E+08  0.100E+00  0.860E+08  0.975E-01  0.880E+08  0.949E-01
  0.900E+08  0.924E-01  0.920E+08  0.899E-01  0.940E+08  0.853E-01
  0.960E+08  0.808E-01  0.980E+08  0.755E-01  0.100E+09  0.737E-01
ZN67 
          37
           0
          50
  0.263E+08  0.000E+00  0.270E+08  0.194E-05  0.280E+08  0.135E-02
  0.290E+08  0.106E-01  0.300E+08  0.280E-01  0.310E+08  0.662E-01
  0.320E+08  0.119E+00  0.330E+08  0.180E+00  0.340E+08  0.241E+00
  0.350E+08  0.283E+00  0.360E+08  0.343E+00  0.370E+08  0.383E+00
  0.380E+08  0.415E+00  0.390E+08  0.435E+00  0.400E+08  0.446E+00
  0.410E+08  0.444E+00  0.420E+08  0.432E+00  0.430E+08  0.419E+00
  0.440E+08  0.388E+00  0.450E+08  0.365E+00  0.460E+08  0.342E+00
  0.470E+08  0.320E+00  0.480E+08  0.299E+00  0.490E+08  0.277E+00
  0.500E+08  0.258E+00  0.520E+08  0.225E+00  0.540E+08  0.200E+00
  0.560E+08  0.174E+00  0.580E+08  0.155E+00  0.600E+08  0.141E+00
  0.620E+08  0.134E+00  0.640E+08  0.128E+00  0.660E+08  0.119E+00
  0.680E+08  0.111E+00  0.700E+08  0.104E+00  0.720E+08  0.976E-01
  0.740E+08  0.929E-01  0.760E+08  0.884E-01  0.780E+08  0.845E-01
  0.800E+08  0.807E-01  0.820E+08  0.773E-01  0.840E+08  0.702E-01
  0.860E+08  0.676E-01  0.880E+08  0.654E-01  0.900E+08  0.625E-01
  0.920E+08  0.606E-01  0.940E+08  0.592E-01  0.960E+08  0.578E-01
  0.980E+08  0.595E-01  0.100E+09  0.579E-01
CU70 
         103
           0
          75
  0.588E+07  0.000E+00  0.850E+07  0.238E-04  0.900E+07  0.957E-04
  0.950E+07  0.253E-03  0.100E+08  0.472E-03  0.105E+08  0.853E-03
  0.110E+08  0.130E-02  0.115E+08  0.196E-02  0.120E+08  0.280E-02
  0.125E+08  0.379E-02  0.130E+08  0.493E-02  0.135E+08  0.620E-02
  0.140E+08  0.712E-02  0.145E+08  0.865E-02  0.150E+08  0.102E-01
  0.160E+08  0.132E-01  0.170E+08  0.158E-01  0.180E+08  0.177E-01
  0.190E+08  0.188E-01  0.200E+08  0.199E-01  0.210E+08  0.208E-01
  0.220E+08  0.218E-01  0.230E+08  0.222E-01  0.240E+08  0.223E-01
  0.250E+08  0.225E-01  0.260E+08  0.227E-01  0.270E+08  0.226E-01
  0.280E+08  0.225E-01  0.290E+08  0.222E-01  0.300E+08  0.219E-01
  0.310E+08  0.216E-01  0.320E+08  0.213E-01  0.330E+08  0.210E-01
  0.340E+08  0.207E-01  0.350E+08  0.204E-01  0.360E+08  0.201E-01
  0.370E+08  0.198E-01  0.380E+08  0.195E-01  0.390E+08  0.191E-01
  0.400E+08  0.189E-01  0.410E+08  0.187E-01  0.420E+08  0.185E-01
  0.430E+08  0.181E-01  0.440E+08  0.177E-01  0.450E+08  0.173E-01
  0.460E+08  0.169E-01  0.470E+08  0.165E-01  0.480E+08  0.162E-01
  0.490E+08  0.159E-01  0.500E+08  0.156E-01  0.520E+08  0.150E-01
  0.540E+08  0.144E-01  0.560E+08  0.139E-01  0.580E+08  0.138E-01
  0.600E+08  0.136E-01  0.620E+08  0.131E-01  0.640E+08  0.127E-01
  0.660E+08  0.123E-01  0.680E+08  0.121E-01  0.700E+08  0.120E-01
  0.720E+08  0.118E-01  0.740E+08  0.117E-01  0.760E+08  0.114E-01
  0.780E+08  0.110E-01  0.800E+08  0.107E-01  0.820E+08  0.103E-01
  0.840E+08  0.100E-01  0.860E+08  0.939E-02  0.880E+08  0.914E-02
  0.900E+08  0.890E-02  0.920E+08  0.865E-02  0.940E+08  0.865E-02
  0.960E+08  0.840E-02  0.980E+08  0.822E-02  0.100E+09  0.797E-02
NI69 
         111
           0
          59
  0.156E+08  0.000E+00  0.180E+08  0.147E-03  0.190E+08  0.322E-03
  0.200E+08  0.524E-03  0.210E+08  0.736E-03  0.220E+08  0.931E-03
  0.230E+08  0.116E-02  0.240E+08  0.140E-02  0.250E+08  0.157E-02
  0.260E+08  0.185E-02  0.270E+08  0.214E-02  0.280E+08  0.244E-02
  0.290E+08  0.275E-02  0.300E+08  0.308E-02  0.310E+08  0.341E-02
  0.320E+08  0.366E-02  0.330E+08  0.401E-02  0.340E+08  0.437E-02
  0.350E+08  0.472E-02  0.360E+08  0.500E-02  0.370E+08  0.525E-02
  0.380E+08  0.542E-02  0.390E+08  0.548E-02  0.400E+08  0.554E-02
  0.410E+08  0.556E-02  0.420E+08  0.564E-02  0.430E+08  0.554E-02
  0.440E+08  0.561E-02  0.450E+08  0.559E-02  0.460E+08  0.574E-02
  0.470E+08  0.566E-02  0.480E+08  0.558E-02  0.490E+08  0.534E-02
  0.500E+08  0.510E-02  0.520E+08  0.504E-02  0.540E+08  0.501E-02
  0.560E+08  0.497E-02  0.580E+08  0.494E-02  0.600E+08  0.491E-02
  0.620E+08  0.486E-02  0.640E+08  0.518E-02  0.660E+08  0.513E-02
  0.680E+08  0.507E-02  0.700E+08  0.503E-02  0.720E+08  0.499E-02
  0.740E+08  0.495E-02  0.760E+08  0.507E-02  0.780E+08  0.504E-02
  0.800E+08  0.500E-02  0.820E+08  0.496E-02  0.840E+08  0.465E-02
  0.860E+08  0.461E-02  0.880E+08  0.457E-02  0.900E+08  0.453E-02
  0.920E+08  0.449E-02  0.940E+08  0.445E-02  0.960E+08  0.441E-02
  0.980E+08  0.437E-02  0.100E+09  0.463E-02
ZN66 
         121
           0
          42
  0.334E+08  0.000E+00  0.350E+08  0.396E-05  0.360E+08  0.303E-03
  0.370E+08  0.205E-02  0.380E+08  0.720E-02  0.390E+08  0.175E-01
  0.400E+08  0.287E-01  0.410E+08  0.483E-01  0.420E+08  0.784E-01
  0.430E+08  0.959E-01  0.440E+08  0.122E+00  0.450E+08  0.148E+00
  0.460E+08  0.172E+00  0.470E+08  0.193E+00  0.480E+08  0.212E+00
  0.490E+08  0.221E+00  0.500E+08  0.237E+00  0.520E+08  0.259E+00
  0.540E+08  0.271E+00  0.560E+08  0.292E+00  0.580E+08  0.305E+00
  0.600E+08  0.298E+00  0.620E+08  0.284E+00  0.640E+08  0.271E+00
  0.660E+08  0.257E+00  0.680E+08  0.243E+00  0.700E+08  0.227E+00
  0.720E+08  0.210E+00  0.740E+08  0.198E+00  0.760E+08  0.183E+00
  0.780E+08  0.172E+00  0.800E+08  0.155E+00  0.820E+08  0.146E+00
  0.840E+08  0.138E+00  0.860E+08  0.130E+00  0.880E+08  0.123E+00
  0.900E+08  0.118E+00  0.920E+08  0.112E+00  0.940E+08  0.109E+00
  0.960E+08  0.105E+00  0.980E+08  0.102E+00  0.100E+09  0.980E-01
ZN65 
         122
           0
          31
  0.446E+08  0.000E+00  0.460E+08  0.681E-09  0.470E+08  0.412E-06
  0.480E+08  0.710E-05  0.490E+08  0.545E-04  0.500E+08  0.227E-03
  0.520E+08  0.157E-02  0.540E+08  0.404E-02  0.560E+08  0.133E-01
  0.580E+08  0.239E-01  0.600E+08  0.376E-01  0.620E+08  0.454E-01
  0.640E+08  0.594E-01  0.660E+08  0.718E-01  0.680E+08  0.797E-01
  0.700E+08  0.865E-01  0.720E+08  0.884E-01  0.740E+08  0.888E-01
  0.760E+08  0.887E-01  0.780E+08  0.887E-01  0.800E+08  0.889E-01
  0.820E+08  0.852E-01  0.840E+08  0.830E-01  0.860E+08  0.809E-01
  0.880E+08  0.788E-01  0.900E+08  0.776E-01  0.920E+08  0.763E-01
  0.940E+08  0.725E-01  0.960E+08  0.690E-01  0.980E+08  0.657E-01
  0.100E+09  0.637E-01
ZN64 
         123
           0
          24
  0.527E+08  0.000E+00  0.560E+08  0.499E-07  0.580E+08  0.469E-05
  0.600E+08  0.670E-04  0.620E+08  0.246E-03  0.640E+08  0.956E-03
  0.660E+08  0.256E-02  0.680E+08  0.526E-02  0.700E+08  0.908E-02
  0.720E+08  0.177E-01  0.740E+08  0.215E-01  0.760E+08  0.251E-01
  0.780E+08  0.288E-01  0.800E+08  0.348E-01  0.820E+08  0.376E-01
  0.840E+08  0.400E-01  0.860E+08  0.415E-01  0.880E+08  0.429E-01
  0.900E+08  0.409E-01  0.920E+08  0.431E-01  0.940E+08  0.425E-01
  0.960E+08  0.421E-01  0.980E+08  0.415E-01  0.100E+09  0.409E-01
ZN63 
         124
           0
          18
  0.648E+08  0.000E+00  0.680E+08  0.183E-12  0.700E+08  0.460E-09
  0.720E+08  0.290E-06  0.740E+08  0.147E-05  0.760E+08  0.860E-05
  0.780E+08  0.324E-04  0.800E+08  0.106E-03  0.820E+08  0.226E-03
  0.840E+08  0.454E-03  0.860E+08  0.561E-03  0.880E+08  0.895E-03
  0.900E+08  0.892E-03  0.920E+08  0.141E-02  0.940E+08  0.169E-02
  0.960E+08  0.210E-02  0.980E+08  0.251E-02  0.100E+09  0.277E-02
ZN62 
         125
           0
          13
  0.740E+08  0.000E+00  0.780E+08  0.698E-13  0.800E+08  0.696E-10
  0.820E+08  0.407E-08  0.840E+08  0.376E-07  0.860E+08  0.186E-06
  0.880E+08  0.734E-06  0.900E+08  0.835E-06  0.920E+08  0.262E-05
  0.940E+08  0.626E-05  0.960E+08  0.124E-04  0.980E+08  0.192E-04
  0.100E+09  0.247E-04
ZN61 
         126
           0
           6
  0.871E+08  0.000E+00  0.920E+08  0.220E-16  0.940E+08  0.762E-14
  0.960E+08  0.388E-12  0.980E+08  0.363E-11  0.100E+09  0.183E-10
CU69 
         153
           0
          69
  0.901E+07  0.000E+00  0.115E+08  0.961E-07  0.120E+08  0.718E-06
  0.125E+08  0.417E-05  0.130E+08  0.162E-04  0.135E+08  0.143E-02
  0.140E+08  0.255E-02  0.145E+08  0.341E-02  0.150E+08  0.437E-02
  0.160E+08  0.637E-02  0.170E+08  0.942E-02  0.180E+08  0.129E-01
  0.190E+08  0.159E-01  0.200E+08  0.211E-01  0.210E+08  0.293E-01
  0.220E+08  0.368E-01  0.230E+08  0.462E-01  0.240E+08  0.556E-01
  0.250E+08  0.645E-01  0.260E+08  0.725E-01  0.270E+08  0.802E-01
  0.280E+08  0.872E-01  0.290E+08  0.930E-01  0.300E+08  0.976E-01
  0.310E+08  0.101E+00  0.320E+08  0.102E+00  0.330E+08  0.103E+00
  0.340E+08  0.104E+00  0.350E+08  0.104E+00  0.360E+08  0.105E+00
  0.370E+08  0.103E+00  0.380E+08  0.101E+00  0.390E+08  0.100E+00
  0.400E+08  0.989E-01  0.410E+08  0.979E-01  0.420E+08  0.966E-01
  0.430E+08  0.950E-01  0.440E+08  0.939E-01  0.450E+08  0.931E-01
  0.460E+08  0.920E-01  0.470E+08  0.906E-01  0.480E+08  0.892E-01
  0.490E+08  0.878E-01  0.500E+08  0.865E-01  0.520E+08  0.837E-01
  0.540E+08  0.809E-01  0.560E+08  0.802E-01  0.580E+08  0.789E-01
  0.600E+08  0.775E-01  0.620E+08  0.762E-01  0.640E+08  0.748E-01
  0.660E+08  0.741E-01  0.680E+08  0.731E-01  0.700E+08  0.720E-01
  0.720E+08  0.712E-01  0.740E+08  0.705E-01  0.760E+08  0.697E-01
  0.780E+08  0.690E-01  0.800E+08  0.682E-01  0.820E+08  0.675E-01
  0.840E+08  0.667E-01  0.860E+08  0.659E-01  0.880E+08  0.652E-01
  0.900E+08  0.644E-01  0.920E+08  0.637E-01  0.940E+08  0.629E-01
  0.960E+08  0.622E-01  0.980E+08  0.614E-01  0.100E+09  0.615E-01
CU68 
         154
           0
          57
  0.174E+08  0.000E+00  0.200E+08  0.857E-09  0.210E+08  0.153E-04
  0.220E+08  0.112E-03  0.230E+08  0.465E-03  0.240E+08  0.120E-02
  0.250E+08  0.247E-02  0.260E+08  0.465E-02  0.270E+08  0.799E-02
  0.280E+08  0.127E-01  0.290E+08  0.194E-01  0.300E+08  0.260E-01
  0.310E+08  0.337E-01  0.320E+08  0.428E-01  0.330E+08  0.506E-01
  0.340E+08  0.595E-01  0.350E+08  0.674E-01  0.360E+08  0.718E-01
  0.370E+08  0.788E-01  0.380E+08  0.847E-01  0.390E+08  0.890E-01
  0.400E+08  0.930E-01  0.410E+08  0.982E-01  0.420E+08  0.101E+00
  0.430E+08  0.101E+00  0.440E+08  0.101E+00  0.450E+08  0.101E+00
  0.460E+08  0.102E+00  0.470E+08  0.102E+00  0.480E+08  0.102E+00
  0.490E+08  0.942E-01  0.500E+08  0.912E-01  0.520E+08  0.944E-01
  0.540E+08  0.960E-01  0.560E+08  0.911E-01  0.580E+08  0.874E-01
  0.600E+08  0.847E-01  0.620E+08  0.820E-01  0.640E+08  0.798E-01
  0.660E+08  0.775E-01  0.680E+08  0.755E-01  0.700E+08  0.742E-01
  0.720E+08  0.726E-01  0.740E+08  0.710E-01  0.760E+08  0.694E-01
  0.780E+08  0.678E-01  0.800E+08  0.661E-01  0.820E+08  0.645E-01
  0.840E+08  0.629E-01  0.860E+08  0.613E-01  0.880E+08  0.597E-01
  0.900E+08  0.628E-01  0.920E+08  0.621E-01  0.940E+08  0.615E-01
  0.960E+08  0.610E-01  0.980E+08  0.601E-01  0.100E+09  0.594E-01
CU67 
         155
           0
          50
  0.238E+08  0.000E+00  0.270E+08  0.250E-10  0.280E+08  0.458E-05
  0.290E+08  0.978E-04  0.300E+08  0.325E-03  0.310E+08  0.931E-03
  0.320E+08  0.232E-02  0.330E+08  0.438E-02  0.340E+08  0.747E-02
  0.350E+08  0.117E-01  0.360E+08  0.152E-01  0.370E+08  0.213E-01
  0.380E+08  0.281E-01  0.390E+08  0.353E-01  0.400E+08  0.426E-01
  0.410E+08  0.492E-01  0.420E+08  0.584E-01  0.430E+08  0.696E-01
  0.440E+08  0.776E-01  0.450E+08  0.850E-01  0.460E+08  0.915E-01
  0.470E+08  0.101E+00  0.480E+08  0.106E+00  0.490E+08  0.115E+00
  0.500E+08  0.120E+00  0.520E+08  0.126E+00  0.540E+08  0.132E+00
  0.560E+08  0.137E+00  0.580E+08  0.140E+00  0.600E+08  0.141E+00
  0.620E+08  0.142E+00  0.640E+08  0.141E+00  0.660E+08  0.146E+00
  0.680E+08  0.143E+00  0.700E+08  0.140E+00  0.720E+08  0.135E+00
  0.740E+08  0.129E+00  0.760E+08  0.124E+00  0.780E+08  0.119E+00
  0.800E+08  0.115E+00  0.820E+08  0.112E+00  0.840E+08  0.108E+00
  0.860E+08  0.105E+00  0.880E+08  0.100E+00  0.900E+08  0.955E-01
  0.920E+08  0.932E-01  0.940E+08  0.911E-01  0.960E+08  0.891E-01
  0.980E+08  0.876E-01  0.100E+09  0.863E-01
CU66 
         156
           0
          41
  0.330E+08  0.000E+00  0.360E+08  0.246E-12  0.370E+08  0.113E-06
  0.380E+08  0.396E-05  0.390E+08  0.346E-04  0.400E+08  0.151E-03
  0.410E+08  0.348E-03  0.420E+08  0.877E-03  0.430E+08  0.208E-02
  0.440E+08  0.347E-02  0.450E+08  0.567E-02  0.460E+08  0.859E-02
  0.470E+08  0.121E-01  0.480E+08  0.177E-01  0.490E+08  0.216E-01
  0.500E+08  0.269E-01  0.520E+08  0.400E-01  0.540E+08  0.509E-01
  0.560E+08  0.644E-01  0.580E+08  0.780E-01  0.600E+08  0.872E-01
  0.620E+08  0.932E-01  0.640E+08  0.969E-01  0.660E+08  0.993E-01
  0.680E+08  0.103E+00  0.700E+08  0.107E+00  0.720E+08  0.113E+00
  0.740E+08  0.122E+00  0.760E+08  0.119E+00  0.780E+08  0.121E+00
  0.800E+08  0.116E+00  0.820E+08  0.116E+00  0.840E+08  0.116E+00
  0.860E+08  0.115E+00  0.880E+08  0.114E+00  0.900E+08  0.112E+00
  0.920E+08  0.111E+00  0.940E+08  0.110E+00  0.960E+08  0.107E+00
  0.980E+08  0.104E+00  0.100E+09  0.101E+00
CU65 
         157
           0
          34
  0.402E+08  0.000E+00  0.430E+08  0.669E-16  0.440E+08  0.140E-08
  0.450E+08  0.115E-06  0.460E+08  0.163E-05  0.470E+08  0.937E-05
  0.480E+08  0.551E-04  0.490E+08  0.225E-03  0.500E+08  0.514E-03
  0.520E+08  0.183E-02  0.540E+08  0.428E-02  0.560E+08  0.989E-02
  0.580E+08  0.163E-01  0.600E+08  0.268E-01  0.620E+08  0.383E-01
  0.640E+08  0.513E-01  0.660E+08  0.630E-01  0.680E+08  0.760E-01
  0.700E+08  0.867E-01  0.720E+08  0.100E+00  0.740E+08  0.105E+00
  0.760E+08  0.111E+00  0.780E+08  0.114E+00  0.800E+08  0.118E+00
  0.820E+08  0.125E+00  0.840E+08  0.129E+00  0.860E+08  0.132E+00
  0.880E+08  0.137E+00  0.900E+08  0.142E+00  0.920E+08  0.143E+00
  0.940E+08  0.145E+00  0.960E+08  0.146E+00  0.980E+08  0.148E+00
  0.100E+09  0.148E+00
CU64 
         158
           0
          24
  0.503E+08  0.000E+00  0.560E+08  0.139E-07  0.580E+08  0.697E-06
  0.600E+08  0.153E-04  0.620E+08  0.103E-03  0.640E+08  0.454E-03
  0.660E+08  0.120E-02  0.680E+08  0.298E-02  0.700E+08  0.750E-02
  0.720E+08  0.155E-01  0.740E+08  0.220E-01  0.760E+08  0.334E-01
  0.780E+08  0.422E-01  0.800E+08  0.525E-01  0.820E+08  0.567E-01
  0.840E+08  0.659E-01  0.860E+08  0.721E-01  0.880E+08  0.767E-01
  0.900E+08  0.790E-01  0.920E+08  0.811E-01  0.940E+08  0.833E-01
  0.960E+08  0.854E-01  0.980E+08  0.852E-01  0.100E+09  0.847E-01
CU63 
         159
           0
          20
  0.583E+08  0.000E+00  0.640E+08  0.153E-10  0.660E+08  0.652E-08
  0.680E+08  0.337E-06  0.700E+08  0.902E-05  0.720E+08  0.981E-04
  0.740E+08  0.305E-03  0.760E+08  0.102E-02  0.780E+08  0.281E-02
  0.800E+08  0.525E-02  0.820E+08  0.884E-02  0.840E+08  0.145E-01
  0.860E+08  0.208E-01  0.880E+08  0.240E-01  0.900E+08  0.273E-01
  0.920E+08  0.333E-01  0.940E+08  0.394E-01  0.960E+08  0.454E-01
  0.980E+08  0.497E-01  0.100E+09  0.555E-01
CU62 
         160
           0
          15
  0.693E+08  0.000E+00  0.740E+08  0.544E-15  0.760E+08  0.321E-10
  0.780E+08  0.117E-07  0.800E+08  0.177E-06  0.820E+08  0.182E-05
  0.840E+08  0.214E-04  0.860E+08  0.748E-04  0.880E+08  0.164E-03
  0.900E+08  0.319E-03  0.920E+08  0.738E-03  0.940E+08  0.127E-02
  0.960E+08  0.191E-02  0.980E+08  0.242E-02  0.100E+09  0.372E-02
CU61 
         161
           0
          11
  0.783E+08  0.000E+00  0.820E+08  0.487E-21  0.840E+08  0.145E-12
  0.860E+08  0.384E-10  0.880E+08  0.746E-09  0.900E+08  0.874E-08
  0.920E+08  0.109E-06  0.940E+08  0.997E-06  0.960E+08  0.305E-05
  0.980E+08  0.909E-05  0.100E+09  0.273E-04
CU60 
         162
           0
           4
  0.902E+08  0.000E+00  0.960E+08  0.787E-18  0.980E+08  0.546E-15
  0.100E+09  0.141E-12
NI68 
         174
           0
          53
  0.189E+08  0.000E+00  0.240E+08  0.224E-12  0.250E+08  0.303E-10
  0.260E+08  0.425E-09  0.270E+08  0.476E-08  0.280E+08  0.394E-07
  0.290E+08  0.259E-06  0.300E+08  0.803E-06  0.310E+08  0.176E-05
  0.320E+08  0.372E-05  0.330E+08  0.698E-05  0.340E+08  0.115E-04
  0.350E+08  0.272E-04  0.360E+08  0.886E-04  0.370E+08  0.233E-03
  0.380E+08  0.462E-03  0.390E+08  0.754E-03  0.400E+08  0.110E-02
  0.410E+08  0.149E-02  0.420E+08  0.183E-02  0.430E+08  0.234E-02
  0.440E+08  0.269E-02  0.450E+08  0.312E-02  0.460E+08  0.340E-02
  0.470E+08  0.391E-02  0.480E+08  0.434E-02  0.490E+08  0.510E-02
  0.500E+08  0.553E-02  0.520E+08  0.639E-02  0.540E+08  0.710E-02
  0.560E+08  0.755E-02  0.580E+08  0.777E-02  0.600E+08  0.758E-02
  0.620E+08  0.740E-02  0.640E+08  0.695E-02  0.660E+08  0.682E-02
  0.680E+08  0.665E-02  0.700E+08  0.659E-02  0.720E+08  0.648E-02
  0.740E+08  0.643E-02  0.760E+08  0.616E-02  0.780E+08  0.634E-02
  0.800E+08  0.651E-02  0.820E+08  0.669E-02  0.840E+08  0.669E-02
  0.860E+08  0.666E-02  0.880E+08  0.657E-02  0.900E+08  0.654E-02
  0.920E+08  0.645E-02  0.940E+08  0.642E-02  0.960E+08  0.607E-02
  0.980E+08  0.599E-02  0.100E+09  0.565E-02
NI67 
         175
           0
          82
  0.174E+06  0.000E+00  0.500E+07  0.103E-08  0.550E+07  0.822E-06
  0.600E+07  0.265E-05  0.650E+07  0.880E-05  0.700E+07  0.228E-04
  0.750E+07  0.504E-04  0.800E+07  0.997E-04  0.850E+07  0.181E-03
  0.900E+07  0.303E-03  0.950E+07  0.476E-03  0.100E+08  0.707E-03
  0.105E+08  0.996E-03  0.110E+08  0.135E-02  0.115E+08  0.185E-02
  0.120E+08  0.235E-02  0.125E+08  0.290E-02  0.130E+08  0.348E-02
  0.135E+08  0.394E-02  0.140E+08  0.453E-02  0.145E+08  0.504E-02
  0.150E+08  0.543E-02  0.160E+08  0.592E-02  0.170E+08  0.582E-02
  0.180E+08  0.562E-02  0.190E+08  0.533E-02  0.200E+08  0.501E-02
  0.210E+08  0.467E-02  0.220E+08  0.447E-02  0.230E+08  0.428E-02
  0.240E+08  0.392E-02  0.250E+08  0.362E-02  0.260E+08  0.333E-02
  0.270E+08  0.306E-02  0.280E+08  0.280E-02  0.290E+08  0.256E-02
  0.300E+08  0.234E-02  0.310E+08  0.213E-02  0.320E+08  0.195E-02
  0.330E+08  0.178E-02  0.340E+08  0.163E-02  0.350E+08  0.149E-02
  0.360E+08  0.145E-02  0.370E+08  0.133E-02  0.380E+08  0.121E-02
  0.390E+08  0.111E-02  0.400E+08  0.101E-02  0.410E+08  0.932E-03
  0.420E+08  0.862E-03  0.430E+08  0.807E-03  0.440E+08  0.760E-03
  0.450E+08  0.725E-03  0.460E+08  0.704E-03  0.470E+08  0.699E-03
  0.480E+08  0.694E-03  0.490E+08  0.727E-03  0.500E+08  0.721E-03
  0.520E+08  0.746E-03  0.540E+08  0.869E-03  0.560E+08  0.125E-02
  0.580E+08  0.183E-02  0.600E+08  0.287E-02  0.620E+08  0.367E-02
  0.640E+08  0.446E-02  0.660E+08  0.520E-02  0.680E+08  0.598E-02
  0.700E+08  0.636E-02  0.720E+08  0.666E-02  0.740E+08  0.676E-02
  0.760E+08  0.677E-02  0.780E+08  0.635E-02  0.800E+08  0.630E-02
  0.820E+08  0.618E-02  0.840E+08  0.610E-02  0.860E+08  0.590E-02
  0.880E+08  0.581E-02  0.900E+08  0.564E-02  0.920E+08  0.574E-02
  0.940E+08  0.584E-02  0.960E+08  0.549E-02  0.980E+08  0.513E-02
  0.100E+09  0.504E-02
NI66 
         176
           0
          69
  0.604E+07  0.000E+00  0.115E+08  0.762E-06  0.120E+08  0.524E-05
  0.125E+08  0.204E-04  0.130E+08  0.512E-04  0.135E+08  0.123E-03
  0.140E+08  0.278E-03  0.145E+08  0.549E-03  0.150E+08  0.980E-03
  0.160E+08  0.250E-02  0.170E+08  0.427E-02  0.180E+08  0.643E-02
  0.190E+08  0.883E-02  0.200E+08  0.114E-01  0.210E+08  0.141E-01
  0.220E+08  0.168E-01  0.230E+08  0.194E-01  0.240E+08  0.216E-01
  0.250E+08  0.234E-01  0.260E+08  0.246E-01  0.270E+08  0.247E-01
  0.280E+08  0.241E-01  0.290E+08  0.221E-01  0.300E+08  0.205E-01
  0.310E+08  0.188E-01  0.320E+08  0.171E-01  0.330E+08  0.157E-01
  0.340E+08  0.143E-01  0.350E+08  0.131E-01  0.360E+08  0.122E-01
  0.370E+08  0.113E-01  0.380E+08  0.107E-01  0.390E+08  0.976E-02
  0.400E+08  0.890E-02  0.410E+08  0.812E-02  0.420E+08  0.744E-02
  0.430E+08  0.648E-02  0.440E+08  0.592E-02  0.450E+08  0.544E-02
  0.460E+08  0.497E-02  0.470E+08  0.453E-02  0.480E+08  0.416E-02
  0.490E+08  0.405E-02  0.500E+08  0.394E-02  0.520E+08  0.341E-02
  0.540E+08  0.304E-02  0.560E+08  0.279E-02  0.580E+08  0.270E-02
  0.600E+08  0.267E-02  0.620E+08  0.265E-02  0.640E+08  0.251E-02
  0.660E+08  0.269E-02  0.680E+08  0.269E-02  0.700E+08  0.322E-02
  0.720E+08  0.375E-02  0.740E+08  0.441E-02  0.760E+08  0.508E-02
  0.780E+08  0.551E-02  0.800E+08  0.634E-02  0.820E+08  0.740E-02
  0.840E+08  0.828E-02  0.860E+08  0.911E-02  0.880E+08  0.978E-02
  0.900E+08  0.103E-01  0.920E+08  0.106E-01  0.940E+08  0.109E-01
  0.960E+08  0.112E-01  0.980E+08  0.113E-01  0.100E+09  0.106E-01
NI65 
         177
           0
          56
  0.151E+08  0.000E+00  0.210E+08  0.514E-06  0.220E+08  0.639E-05
  0.230E+08  0.618E-04  0.240E+08  0.241E-03  0.250E+08  0.844E-03
  0.260E+08  0.231E-02  0.270E+08  0.470E-02  0.280E+08  0.807E-02
  0.290E+08  0.132E-01  0.300E+08  0.172E-01  0.310E+08  0.207E-01
  0.320E+08  0.237E-01  0.330E+08  0.264E-01  0.340E+08  0.278E-01
  0.350E+08  0.287E-01  0.360E+08  0.287E-01  0.370E+08  0.279E-01
  0.380E+08  0.269E-01  0.390E+08  0.253E-01  0.400E+08  0.236E-01
  0.410E+08  0.218E-01  0.420E+08  0.203E-01  0.430E+08  0.182E-01
  0.440E+08  0.168E-01  0.450E+08  0.153E-01  0.460E+08  0.140E-01
  0.470E+08  0.127E-01  0.480E+08  0.116E-01  0.490E+08  0.120E-01
  0.500E+08  0.110E-01  0.520E+08  0.919E-02  0.540E+08  0.787E-02
  0.560E+08  0.666E-02  0.580E+08  0.568E-02  0.600E+08  0.480E-02
  0.620E+08  0.428E-02  0.640E+08  0.418E-02  0.660E+08  0.369E-02
  0.680E+08  0.368E-02  0.700E+08  0.358E-02  0.720E+08  0.372E-02
  0.740E+08  0.389E-02  0.760E+08  0.394E-02  0.780E+08  0.396E-02
  0.800E+08  0.403E-02  0.820E+08  0.413E-02  0.840E+08  0.443E-02
  0.860E+08  0.447E-02  0.880E+08  0.457E-02  0.900E+08  0.477E-02
  0.920E+08  0.491E-02  0.940E+08  0.529E-02  0.960E+08  0.627E-02
  0.980E+08  0.726E-02  0.100E+09  0.825E-02
NI64 
         178
           0
          50
  0.213E+08  0.000E+00  0.270E+08  0.889E-09  0.280E+08  0.262E-06
  0.290E+08  0.653E-05  0.300E+08  0.690E-04  0.310E+08  0.229E-03
  0.320E+08  0.745E-03  0.330E+08  0.189E-02  0.340E+08  0.373E-02
  0.350E+08  0.645E-02  0.360E+08  0.917E-02  0.370E+08  0.131E-01
  0.380E+08  0.163E-01  0.390E+08  0.201E-01  0.400E+08  0.244E-01
  0.410E+08  0.280E-01  0.420E+08  0.324E-01  0.430E+08  0.372E-01
  0.440E+08  0.408E-01  0.450E+08  0.433E-01  0.460E+08  0.452E-01
  0.470E+08  0.459E-01  0.480E+08  0.459E-01  0.490E+08  0.457E-01
  0.500E+08  0.453E-01  0.520E+08  0.446E-01  0.540E+08  0.433E-01
  0.560E+08  0.401E-01  0.580E+08  0.364E-01  0.600E+08  0.294E-01
  0.620E+08  0.255E-01  0.640E+08  0.215E-01  0.660E+08  0.176E-01
  0.680E+08  0.157E-01  0.700E+08  0.142E-01  0.720E+08  0.128E-01
  0.740E+08  0.119E-01  0.760E+08  0.116E-01  0.780E+08  0.117E-01
  0.800E+08  0.119E-01  0.820E+08  0.122E-01  0.840E+08  0.127E-01
  0.860E+08  0.130E-01  0.880E+08  0.137E-01  0.900E+08  0.144E-01
  0.920E+08  0.145E-01  0.940E+08  0.142E-01  0.960E+08  0.138E-01
  0.980E+08  0.135E-01  0.100E+09  0.132E-01
NI63 
         179
           0
          40
  0.311E+08  0.000E+00  0.370E+08  0.250E-10  0.380E+08  0.844E-08
  0.390E+08  0.174E-06  0.400E+08  0.191E-05  0.410E+08  0.795E-05
  0.420E+08  0.459E-04  0.430E+08  0.203E-03  0.440E+08  0.545E-03
  0.450E+08  0.119E-02  0.460E+08  0.226E-02  0.470E+08  0.377E-02
  0.480E+08  0.557E-02  0.490E+08  0.675E-02  0.500E+08  0.870E-02
  0.520E+08  0.126E-01  0.540E+08  0.184E-01  0.560E+08  0.254E-01
  0.580E+08  0.307E-01  0.600E+08  0.354E-01  0.620E+08  0.367E-01
  0.640E+08  0.382E-01  0.660E+08  0.384E-01  0.680E+08  0.363E-01
  0.700E+08  0.338E-01  0.720E+08  0.307E-01  0.740E+08  0.276E-01
  0.760E+08  0.254E-01  0.780E+08  0.240E-01  0.800E+08  0.221E-01
  0.820E+08  0.201E-01  0.840E+08  0.177E-01  0.860E+08  0.167E-01
  0.880E+08  0.151E-01  0.900E+08  0.151E-01  0.920E+08  0.148E-01
  0.940E+08  0.148E-01  0.960E+08  0.151E-01  0.980E+08  0.154E-01
  0.100E+09  0.168E-01
NI62 
         180
           0
          33
  0.381E+08  0.000E+00  0.440E+08  0.667E-12  0.450E+08  0.232E-09
  0.460E+08  0.932E-08  0.470E+08  0.199E-06  0.480E+08  0.183E-05
  0.490E+08  0.873E-05  0.500E+08  0.301E-04  0.520E+08  0.182E-03
  0.540E+08  0.617E-03  0.560E+08  0.223E-02  0.580E+08  0.453E-02
  0.600E+08  0.683E-02  0.620E+08  0.912E-02  0.640E+08  0.114E-01
  0.660E+08  0.137E-01  0.680E+08  0.160E-01  0.700E+08  0.183E-01
  0.720E+08  0.206E-01  0.740E+08  0.229E-01  0.760E+08  0.252E-01
  0.780E+08  0.275E-01  0.800E+08  0.298E-01  0.820E+08  0.321E-01
  0.840E+08  0.344E-01  0.860E+08  0.367E-01  0.880E+08  0.390E-01
  0.900E+08  0.413E-01  0.920E+08  0.436E-01  0.940E+08  0.413E-01
  0.960E+08  0.375E-01  0.980E+08  0.366E-01  0.100E+09  0.348E-01
NI61 
         181
           0
          24
  0.488E+08  0.000E+00  0.560E+08  0.359E-11  0.580E+08  0.200E-08
  0.600E+08  0.226E-06  0.620E+08  0.316E-05  0.640E+08  0.337E-04
  0.660E+08  0.154E-03  0.680E+08  0.508E-03  0.700E+08  0.132E-02
  0.720E+08  0.310E-02  0.740E+08  0.493E-02  0.760E+08  0.762E-02
  0.780E+08  0.996E-02  0.800E+08  0.123E-01  0.820E+08  0.155E-01
  0.840E+08  0.197E-01  0.860E+08  0.227E-01  0.880E+08  0.239E-01
  0.900E+08  0.256E-01  0.920E+08  0.256E-01  0.940E+08  0.261E-01
  0.960E+08  0.265E-01  0.980E+08  0.270E-01  0.100E+09  0.263E-01
NI60 
         182
           0
          20
  0.567E+08  0.000E+00  0.640E+08  0.599E-12  0.660E+08  0.183E-09
  0.680E+08  0.148E-07  0.700E+08  0.803E-07  0.720E+08  0.294E-05
  0.740E+08  0.124E-04  0.760E+08  0.505E-04  0.780E+08  0.109E-03
  0.800E+08  0.288E-03  0.820E+08  0.600E-03  0.840E+08  0.128E-02
  0.860E+08  0.222E-02  0.880E+08  0.382E-02  0.900E+08  0.503E-02
  0.920E+08  0.719E-02  0.940E+08  0.972E-02  0.960E+08  0.130E-01
  0.980E+08  0.150E-01  0.100E+09  0.173E-01
NI59 
         183
           0
          14
  0.683E+08  0.000E+00  0.760E+08  0.131E-13  0.780E+08  0.120E-10
  0.800E+08  0.138E-08  0.820E+08  0.504E-07  0.840E+08  0.296E-06
  0.860E+08  0.115E-05  0.880E+08  0.155E-05  0.900E+08  0.305E-05
  0.920E+08  0.123E-04  0.940E+08  0.378E-04  0.960E+08  0.109E-03
  0.980E+08  0.198E-03  0.100E+09  0.370E-03
NI58 
         184
           0
          10
  0.774E+08  0.000E+00  0.840E+08  0.895E-18  0.860E+08  0.205E-14
  0.880E+08  0.104E-12  0.900E+08  0.440E-12  0.920E+08  0.204E-10
  0.940E+08  0.514E-09  0.960E+08  0.915E-08  0.980E+08  0.491E-07
  0.100E+09  0.262E-06
NI57 
         185
           0
           3
  0.898E+08  0.000E+00  0.980E+08  0.260E-22  0.100E+09  0.358E-18
CO68 
         219
           0
          39
  0.310E+08  0.000E+00  0.380E+08  0.636E-17  0.390E+08  0.401E-15
  0.400E+08  0.669E-14  0.410E+08  0.945E-13  0.420E+08  0.732E-12
  0.430E+08  0.507E-11  0.440E+08  0.184E-10  0.450E+08  0.549E-10
  0.460E+08  0.131E-09  0.470E+08  0.330E-09  0.480E+08  0.632E-09
  0.490E+08  0.108E-08  0.500E+08  0.156E-08  0.520E+08  0.384E-08
  0.540E+08  0.730E-08  0.560E+08  0.110E-07  0.580E+08  0.122E-07
  0.600E+08  0.144E-07  0.620E+08  0.179E-07  0.640E+08  0.241E-07
  0.660E+08  0.386E-07  0.680E+08  0.579E-07  0.700E+08  0.964E-07
  0.720E+08  0.114E-06  0.740E+08  0.140E-06  0.760E+08  0.160E-06
  0.780E+08  0.167E-06  0.800E+08  0.172E-06  0.820E+08  0.176E-06
  0.840E+08  0.177E-06  0.860E+08  0.219E-06  0.880E+08  0.213E-06
  0.900E+08  0.271E-06  0.920E+08  0.254E-06  0.940E+08  0.247E-06
  0.960E+08  0.242E-06  0.980E+08  0.237E-06  0.100E+09  0.220E-06
CO67 
         220
           0
          36
  0.337E+08  0.000E+00  0.410E+08  0.165E-17  0.420E+08  0.280E-15
  0.430E+08  0.736E-14  0.440E+08  0.514E-13  0.450E+08  0.471E-12
  0.460E+08  0.395E-11  0.470E+08  0.264E-10  0.480E+08  0.101E-09
  0.490E+08  0.206E-09  0.500E+08  0.543E-09  0.520E+08  0.399E-08
  0.540E+08  0.119E-07  0.560E+08  0.348E-07  0.580E+08  0.722E-07
  0.600E+08  0.138E-06  0.620E+08  0.215E-06  0.640E+08  0.307E-06
  0.660E+08  0.382E-06  0.680E+08  0.469E-06  0.700E+08  0.581E-06
  0.720E+08  0.641E-06  0.740E+08  0.767E-06  0.760E+08  0.103E-05
  0.780E+08  0.125E-05  0.800E+08  0.157E-05  0.820E+08  0.204E-05
  0.840E+08  0.267E-05  0.860E+08  0.322E-05  0.880E+08  0.393E-05
  0.900E+08  0.455E-05  0.920E+08  0.512E-05  0.940E+08  0.566E-05
  0.960E+08  0.611E-05  0.980E+08  0.632E-05  0.100E+09  0.644E-05
CO66 
         221
           0
          55
  0.149E+08  0.000E+00  0.220E+08  0.296E-12  0.230E+08  0.190E-10
  0.240E+08  0.317E-09  0.250E+08  0.285E-08  0.260E+08  0.166E-07
  0.270E+08  0.659E-07  0.280E+08  0.156E-06  0.290E+08  0.462E-06
  0.300E+08  0.976E-06  0.310E+08  0.181E-05  0.320E+08  0.304E-05
  0.330E+08  0.475E-05  0.340E+08  0.671E-05  0.350E+08  0.799E-05
  0.360E+08  0.842E-05  0.370E+08  0.923E-05  0.380E+08  0.970E-05
  0.390E+08  0.995E-05  0.400E+08  0.104E-04  0.410E+08  0.103E-04
  0.420E+08  0.110E-04  0.430E+08  0.974E-05  0.440E+08  0.940E-05
  0.450E+08  0.906E-05  0.460E+08  0.871E-05  0.470E+08  0.882E-05
  0.480E+08  0.933E-05  0.490E+08  0.955E-05  0.500E+08  0.914E-05
  0.520E+08  0.878E-05  0.540E+08  0.736E-05  0.560E+08  0.539E-05
  0.580E+08  0.535E-05  0.600E+08  0.440E-05  0.620E+08  0.423E-05
  0.640E+08  0.417E-05  0.660E+08  0.446E-05  0.680E+08  0.414E-05
  0.700E+08  0.450E-05  0.720E+08  0.511E-05  0.740E+08  0.761E-05
  0.760E+08  0.738E-05  0.780E+08  0.784E-05  0.800E+08  0.841E-05
  0.820E+08  0.823E-05  0.840E+08  0.823E-05  0.860E+08  0.858E-05
  0.880E+08  0.934E-05  0.900E+08  0.941E-05  0.920E+08  0.913E-05
  0.940E+08  0.106E-04  0.960E+08  0.125E-04  0.980E+08  0.145E-04
  0.100E+09  0.176E-04
CO65 
         222
           0
          52
  0.177E+08  0.000E+00  0.250E+08  0.446E-16  0.260E+08  0.193E-13
  0.270E+08  0.119E-11  0.280E+08  0.295E-10  0.290E+08  0.645E-09
  0.300E+08  0.690E-08  0.310E+08  0.481E-07  0.320E+08  0.234E-06
  0.330E+08  0.839E-06  0.340E+08  0.198E-05  0.350E+08  0.494E-05
  0.360E+08  0.850E-05  0.370E+08  0.144E-04  0.380E+08  0.224E-04
  0.390E+08  0.329E-04  0.400E+08  0.474E-04  0.410E+08  0.637E-04
  0.420E+08  0.819E-04  0.430E+08  0.102E-03  0.440E+08  0.123E-03
  0.450E+08  0.144E-03  0.460E+08  0.163E-03  0.470E+08  0.183E-03
  0.480E+08  0.201E-03  0.490E+08  0.205E-03  0.500E+08  0.211E-03
  0.520E+08  0.248E-03  0.540E+08  0.240E-03  0.560E+08  0.216E-03
  0.580E+08  0.208E-03  0.600E+08  0.182E-03  0.620E+08  0.174E-03
  0.640E+08  0.159E-03  0.660E+08  0.154E-03  0.680E+08  0.139E-03
  0.700E+08  0.113E-03  0.720E+08  0.112E-03  0.740E+08  0.114E-03
  0.760E+08  0.106E-03  0.780E+08  0.104E-03  0.800E+08  0.104E-03
  0.820E+08  0.100E-03  0.840E+08  0.114E-03  0.860E+08  0.118E-03
  0.880E+08  0.129E-03  0.900E+08  0.126E-03  0.920E+08  0.119E-03
  0.940E+08  0.120E-03  0.960E+08  0.116E-03  0.980E+08  0.116E-03
  0.100E+09  0.117E-03
CO64 
         223
           0
          44
  0.257E+08  0.000E+00  0.330E+08  0.246E-16  0.340E+08  0.203E-12
  0.350E+08  0.147E-10  0.360E+08  0.293E-09  0.370E+08  0.220E-08
  0.380E+08  0.142E-07  0.390E+08  0.668E-07  0.400E+08  0.267E-06
  0.410E+08  0.105E-05  0.420E+08  0.266E-05  0.430E+08  0.701E-05
  0.440E+08  0.144E-04  0.450E+08  0.278E-04  0.460E+08  0.480E-04
  0.470E+08  0.786E-04  0.480E+08  0.113E-03  0.490E+08  0.132E-03
  0.500E+08  0.180E-03  0.520E+08  0.304E-03  0.540E+08  0.441E-03
  0.560E+08  0.590E-03  0.580E+08  0.692E-03  0.600E+08  0.740E-03
  0.620E+08  0.844E-03  0.640E+08  0.838E-03  0.660E+08  0.842E-03
  0.680E+08  0.796E-03  0.700E+08  0.712E-03  0.720E+08  0.693E-03
  0.740E+08  0.693E-03  0.760E+08  0.660E-03  0.780E+08  0.640E-03
  0.800E+08  0.616E-03  0.820E+08  0.590E-03  0.840E+08  0.552E-03
  0.860E+08  0.529E-03  0.880E+08  0.534E-03  0.900E+08  0.513E-03
  0.920E+08  0.495E-03  0.940E+08  0.487E-03  0.960E+08  0.482E-03
  0.980E+08  0.529E-03  0.100E+09  0.521E-03
CO63 
         224
           0
          37
  0.318E+08  0.000E+00  0.400E+08  0.591E-14  0.410E+08  0.217E-11
  0.420E+08  0.840E-10  0.430E+08  0.330E-08  0.440E+08  0.198E-07
  0.450E+08  0.103E-06  0.460E+08  0.400E-06  0.470E+08  0.135E-05
  0.480E+08  0.356E-05  0.490E+08  0.565E-05  0.500E+08  0.118E-04
  0.520E+08  0.406E-04  0.540E+08  0.111E-03  0.560E+08  0.269E-03
  0.580E+08  0.508E-03  0.600E+08  0.890E-03  0.620E+08  0.125E-02
  0.640E+08  0.175E-02  0.660E+08  0.231E-02  0.680E+08  0.268E-02
  0.700E+08  0.304E-02  0.720E+08  0.328E-02  0.740E+08  0.348E-02
  0.760E+08  0.354E-02  0.780E+08  0.329E-02  0.800E+08  0.305E-02
  0.820E+08  0.321E-02  0.840E+08  0.313E-02  0.860E+08  0.301E-02
  0.880E+08  0.299E-02  0.900E+08  0.290E-02  0.920E+08  0.284E-02
  0.940E+08  0.278E-02  0.960E+08  0.297E-02  0.980E+08  0.303E-02
  0.100E+09  0.297E-02
CO62 
         225
           0
          29
  0.404E+08  0.000E+00  0.480E+08  0.111E-15  0.490E+08  0.134E-12
  0.500E+08  0.657E-11  0.520E+08  0.158E-08  0.540E+08  0.477E-07
  0.560E+08  0.701E-06  0.580E+08  0.549E-05  0.600E+08  0.223E-04
  0.620E+08  0.635E-04  0.640E+08  0.184E-03  0.660E+08  0.431E-03
  0.680E+08  0.807E-03  0.700E+08  0.142E-02  0.720E+08  0.218E-02
  0.740E+08  0.293E-02  0.760E+08  0.381E-02  0.780E+08  0.450E-02
  0.800E+08  0.526E-02  0.820E+08  0.550E-02  0.840E+08  0.574E-02
  0.860E+08  0.597E-02  0.880E+08  0.606E-02  0.900E+08  0.598E-02
  0.920E+08  0.596E-02  0.940E+08  0.584E-02  0.960E+08  0.623E-02
  0.980E+08  0.615E-02  0.100E+09  0.593E-02
CO61 
         226
           0
          24
  0.471E+08  0.000E+00  0.560E+08  0.830E-14  0.580E+08  0.167E-10
  0.600E+08  0.639E-09  0.620E+08  0.214E-07  0.640E+08  0.443E-06
  0.660E+08  0.375E-05  0.680E+08  0.194E-04  0.700E+08  0.737E-04
  0.720E+08  0.234E-03  0.740E+08  0.483E-03  0.760E+08  0.750E-03
  0.780E+08  0.160E-02  0.800E+08  0.267E-02  0.820E+08  0.374E-02
  0.840E+08  0.507E-02  0.860E+08  0.656E-02  0.880E+08  0.810E-02
  0.900E+08  0.956E-02  0.920E+08  0.112E-01  0.940E+08  0.125E-01
  0.960E+08  0.133E-01  0.980E+08  0.140E-01  0.100E+09  0.148E-01
CO60 
         227
           0
          19
  0.566E+08  0.000E+00  0.660E+08  0.745E-16  0.680E+08  0.184E-12
  0.700E+08  0.541E-10  0.720E+08  0.188E-07  0.740E+08  0.227E-06
  0.760E+08  0.172E-05  0.780E+08  0.149E-04  0.800E+08  0.558E-04
  0.820E+08  0.145E-03  0.840E+08  0.339E-03  0.860E+08  0.672E-03
  0.880E+08  0.998E-03  0.900E+08  0.137E-02  0.920E+08  0.217E-02
  0.940E+08  0.325E-02  0.960E+08  0.416E-02  0.980E+08  0.540E-02
  0.100E+09  0.708E-02
CO59 
         228
           0
          15
  0.642E+08  0.000E+00  0.740E+08  0.838E-16  0.760E+08  0.253E-12
  0.780E+08  0.107E-09  0.800E+08  0.338E-08  0.820E+08  0.522E-07
  0.840E+08  0.909E-06  0.860E+08  0.459E-05  0.880E+08  0.112E-04
  0.900E+08  0.230E-04  0.920E+08  0.628E-04  0.940E+08  0.150E-03
  0.960E+08  0.272E-03  0.980E+08  0.501E-03  0.100E+09  0.931E-03
CO58 
         229
           0
          10
  0.748E+08  0.000E+00  0.840E+08  0.169E-16  0.860E+08  0.173E-13
  0.880E+08  0.194E-11  0.900E+08  0.233E-10  0.920E+08  0.282E-09
  0.940E+08  0.464E-08  0.960E+08  0.313E-07  0.980E+08  0.192E-06
  0.100E+09  0.105E-05
CO57 
         230
           0
           5
  0.835E+08  0.000E+00  0.940E+08  0.389E-18  0.960E+08  0.182E-15
  0.980E+08  0.221E-13  0.100E+09  0.176E-11
FE67 
         254
           0
          25
  0.447E+08  0.000E+00  0.540E+08  0.370E-23  0.560E+08  0.252E-19
  0.580E+08  0.336E-17  0.600E+08  0.124E-15  0.620E+08  0.203E-14
  0.640E+08  0.147E-13  0.660E+08  0.538E-13  0.680E+08  0.183E-12
  0.700E+08  0.584E-12  0.720E+08  0.103E-11  0.740E+08  0.191E-11
  0.760E+08  0.326E-11  0.780E+08  0.455E-11  0.800E+08  0.509E-11
  0.820E+08  0.613E-11  0.840E+08  0.763E-11  0.860E+08  0.115E-10
  0.880E+08  0.118E-10  0.900E+08  0.130E-10  0.920E+08  0.131E-10
  0.940E+08  0.115E-10  0.960E+08  0.121E-10  0.980E+08  0.143E-10
  0.100E+09  0.209E-10
FE66 
         255
           0
          24
  0.468E+08  0.000E+00  0.560E+08  0.228E-23  0.580E+08  0.105E-19
  0.600E+08  0.456E-17  0.620E+08  0.149E-15  0.640E+08  0.219E-14
  0.660E+08  0.209E-13  0.680E+08  0.151E-12  0.700E+08  0.962E-12
  0.720E+08  0.378E-11  0.740E+08  0.126E-10  0.760E+08  0.362E-10
  0.780E+08  0.862E-10  0.800E+08  0.162E-09  0.820E+08  0.291E-09
  0.840E+08  0.526E-09  0.860E+08  0.793E-09  0.880E+08  0.103E-08
  0.900E+08  0.136E-08  0.920E+08  0.190E-08  0.940E+08  0.205E-08
  0.960E+08  0.187E-08  0.980E+08  0.207E-08  0.100E+09  0.200E-08
FE65 
         256
           0
          41
  0.274E+08  0.000E+00  0.360E+08  0.103E-20  0.370E+08  0.997E-18
  0.380E+08  0.279E-16  0.390E+08  0.751E-15  0.400E+08  0.100E-13
  0.410E+08  0.976E-13  0.420E+08  0.464E-12  0.430E+08  0.266E-11
  0.440E+08  0.102E-10  0.450E+08  0.278E-10  0.460E+08  0.768E-10
  0.470E+08  0.194E-09  0.480E+08  0.433E-09  0.490E+08  0.537E-09
  0.500E+08  0.947E-09  0.520E+08  0.272E-08  0.540E+08  0.464E-08
  0.560E+08  0.811E-08  0.580E+08  0.104E-07  0.600E+08  0.121E-07
  0.620E+08  0.133E-07  0.640E+08  0.178E-07  0.660E+08  0.211E-07
  0.680E+08  0.247E-07  0.700E+08  0.301E-07  0.720E+08  0.409E-07
  0.740E+08  0.427E-07  0.760E+08  0.501E-07  0.780E+08  0.516E-07
  0.800E+08  0.547E-07  0.820E+08  0.566E-07  0.840E+08  0.510E-07
  0.860E+08  0.554E-07  0.880E+08  0.557E-07  0.900E+08  0.571E-07
  0.920E+08  0.739E-07  0.940E+08  0.752E-07  0.960E+08  0.765E-07
  0.980E+08  0.699E-07  0.100E+09  0.993E-07
FE64 
         257
           0
          38
  0.300E+08  0.000E+00  0.390E+08  0.519E-22  0.400E+08  0.452E-19
  0.410E+08  0.605E-17  0.420E+08  0.156E-15  0.430E+08  0.282E-14
  0.440E+08  0.343E-13  0.450E+08  0.394E-12  0.460E+08  0.288E-11
  0.470E+08  0.137E-10  0.480E+08  0.631E-10  0.490E+08  0.141E-09
  0.500E+08  0.424E-09  0.520E+08  0.350E-08  0.540E+08  0.136E-07
  0.560E+08  0.416E-07  0.580E+08  0.103E-06  0.600E+08  0.230E-06
  0.620E+08  0.387E-06  0.640E+08  0.538E-06  0.660E+08  0.757E-06
  0.680E+08  0.892E-06  0.700E+08  0.988E-06  0.720E+08  0.108E-05
  0.740E+08  0.108E-05  0.760E+08  0.113E-05  0.780E+08  0.137E-05
  0.800E+08  0.150E-05  0.820E+08  0.165E-05  0.840E+08  0.204E-05
  0.860E+08  0.242E-05  0.880E+08  0.285E-05  0.900E+08  0.331E-05
  0.920E+08  0.389E-05  0.940E+08  0.434E-05  0.960E+08  0.417E-05
  0.980E+08  0.414E-05  0.100E+09  0.445E-05
FE63 
         258
           0
          56
  0.107E+08  0.000E+00  0.210E+08  0.212E-14  0.220E+08  0.166E-12
  0.230E+08  0.282E-11  0.240E+08  0.292E-10  0.250E+08  0.211E-09
  0.260E+08  0.109E-08  0.270E+08  0.433E-08  0.280E+08  0.137E-07
  0.290E+08  0.402E-07  0.300E+08  0.760E-07  0.310E+08  0.151E-06
  0.320E+08  0.275E-06  0.330E+08  0.451E-06  0.340E+08  0.657E-06
  0.350E+08  0.861E-06  0.360E+08  0.112E-05  0.370E+08  0.985E-06
  0.380E+08  0.114E-05  0.390E+08  0.115E-05  0.400E+08  0.113E-05
  0.410E+08  0.108E-05  0.420E+08  0.102E-05  0.430E+08  0.103E-05
  0.440E+08  0.965E-06  0.450E+08  0.893E-06  0.460E+08  0.825E-06
  0.470E+08  0.761E-06  0.480E+08  0.700E-06  0.490E+08  0.943E-06
  0.500E+08  0.866E-06  0.520E+08  0.728E-06  0.540E+08  0.652E-06
  0.560E+08  0.488E-06  0.580E+08  0.417E-06  0.600E+08  0.371E-06
  0.620E+08  0.434E-06  0.640E+08  0.666E-06  0.660E+08  0.110E-05
  0.680E+08  0.179E-05  0.700E+08  0.282E-05  0.720E+08  0.396E-05
  0.740E+08  0.517E-05  0.760E+08  0.633E-05  0.780E+08  0.762E-05
  0.800E+08  0.856E-05  0.820E+08  0.919E-05  0.840E+08  0.107E-04
  0.860E+08  0.111E-04  0.880E+08  0.113E-04  0.900E+08  0.113E-04
  0.920E+08  0.116E-04  0.940E+08  0.117E-04  0.960E+08  0.118E-04
  0.980E+08  0.140E-04  0.100E+09  0.159E-04
FE62 
         259
           0
          51
  0.157E+08  0.000E+00  0.260E+08  0.948E-15  0.270E+08  0.279E-12
  0.280E+08  0.875E-11  0.290E+08  0.147E-09  0.300E+08  0.846E-09
  0.310E+08  0.548E-08  0.320E+08  0.264E-07  0.330E+08  0.979E-07
  0.340E+08  0.285E-06  0.350E+08  0.680E-06  0.360E+08  0.150E-05
  0.370E+08  0.257E-05  0.380E+08  0.402E-05  0.390E+08  0.616E-05
  0.400E+08  0.904E-05  0.410E+08  0.127E-04  0.420E+08  0.173E-04
  0.430E+08  0.244E-04  0.440E+08  0.286E-04  0.450E+08  0.340E-04
  0.460E+08  0.388E-04  0.470E+08  0.432E-04  0.480E+08  0.466E-04
  0.490E+08  0.470E-04  0.500E+08  0.477E-04  0.520E+08  0.477E-04
  0.540E+08  0.480E-04  0.560E+08  0.495E-04  0.580E+08  0.441E-04
  0.600E+08  0.378E-04  0.620E+08  0.323E-04  0.640E+08  0.317E-04
  0.660E+08  0.241E-04  0.680E+08  0.218E-04  0.700E+08  0.188E-04
  0.720E+08  0.178E-04  0.740E+08  0.189E-04  0.760E+08  0.222E-04
  0.780E+08  0.273E-04  0.800E+08  0.326E-04  0.820E+08  0.424E-04
  0.840E+08  0.519E-04  0.860E+08  0.638E-04  0.880E+08  0.748E-04
  0.900E+08  0.924E-04  0.920E+08  0.102E-03  0.940E+08  0.107E-03
  0.960E+08  0.110E-03  0.980E+08  0.126E-03  0.100E+09  0.126E-03
FE61 
         260
           0
          43
  0.239E+08  0.000E+00  0.340E+08  0.373E-16  0.350E+08  0.270E-13
  0.360E+08  0.871E-12  0.370E+08  0.165E-10  0.380E+08  0.194E-09
  0.390E+08  0.145E-08  0.400E+08  0.108E-07  0.410E+08  0.595E-07
  0.420E+08  0.251E-06  0.430E+08  0.967E-06  0.440E+08  0.218E-05
  0.450E+08  0.582E-05  0.460E+08  0.110E-04  0.470E+08  0.189E-04
  0.480E+08  0.301E-04  0.490E+08  0.402E-04  0.500E+08  0.554E-04
  0.520E+08  0.938E-04  0.540E+08  0.143E-03  0.560E+08  0.173E-03
  0.580E+08  0.198E-03  0.600E+08  0.218E-03  0.620E+08  0.214E-03
  0.640E+08  0.215E-03  0.660E+08  0.190E-03  0.680E+08  0.177E-03
  0.700E+08  0.178E-03  0.720E+08  0.153E-03  0.740E+08  0.136E-03
  0.760E+08  0.117E-03  0.780E+08  0.110E-03  0.800E+08  0.885E-04
  0.820E+08  0.859E-04  0.840E+08  0.103E-03  0.860E+08  0.956E-04
  0.880E+08  0.110E-03  0.900E+08  0.124E-03  0.920E+08  0.148E-03
  0.940E+08  0.173E-03  0.960E+08  0.210E-03  0.980E+08  0.235E-03
  0.100E+09  0.257E-03
FE60 
         261
           0
          37
  0.296E+08  0.000E+00  0.400E+08  0.477E-18  0.410E+08  0.779E-15
  0.420E+08  0.110E-12  0.430E+08  0.690E-11  0.440E+08  0.152E-09
  0.450E+08  0.220E-08  0.460E+08  0.136E-07  0.470E+08  0.665E-07
  0.480E+08  0.264E-06  0.490E+08  0.265E-06  0.500E+08  0.807E-06
  0.520E+08  0.757E-05  0.540E+08  0.264E-04  0.560E+08  0.718E-04
  0.580E+08  0.143E-03  0.600E+08  0.284E-03  0.620E+08  0.434E-03
  0.640E+08  0.627E-03  0.660E+08  0.849E-03  0.680E+08  0.103E-02
  0.700E+08  0.117E-02  0.720E+08  0.125E-02  0.740E+08  0.132E-02
  0.760E+08  0.130E-02  0.780E+08  0.130E-02  0.800E+08  0.109E-02
  0.820E+08  0.103E-02  0.840E+08  0.957E-03  0.860E+08  0.796E-03
  0.880E+08  0.729E-03  0.900E+08  0.666E-03  0.920E+08  0.630E-03
  0.940E+08  0.609E-03  0.960E+08  0.619E-03  0.980E+08  0.752E-03
  0.100E+09  0.782E-03
FE59 
         262
           0
          27
  0.385E+08  0.000E+00  0.500E+08  0.530E-15  0.520E+08  0.320E-11
  0.540E+08  0.163E-09  0.560E+08  0.108E-07  0.580E+08  0.165E-06
  0.600E+08  0.223E-05  0.620E+08  0.783E-05  0.640E+08  0.256E-04
  0.660E+08  0.904E-04  0.680E+08  0.199E-03  0.700E+08  0.347E-03
  0.720E+08  0.594E-03  0.740E+08  0.865E-03  0.760E+08  0.118E-02
  0.780E+08  0.142E-02  0.800E+08  0.181E-02  0.820E+08  0.201E-02
  0.840E+08  0.215E-02  0.860E+08  0.220E-02  0.880E+08  0.223E-02
  0.900E+08  0.215E-02  0.920E+08  0.230E-02  0.940E+08  0.202E-02
  0.960E+08  0.188E-02  0.980E+08  0.180E-02  0.100E+09  0.165E-02
FE58 
         263
           0
          23
  0.452E+08  0.000E+00  0.580E+08  0.558E-14  0.600E+08  0.317E-11
  0.620E+08  0.257E-09  0.640E+08  0.882E-08  0.660E+08  0.204E-06
  0.680E+08  0.144E-05  0.700E+08  0.671E-05  0.720E+08  0.288E-04
  0.740E+08  0.721E-04  0.760E+08  0.131E-03  0.780E+08  0.229E-03
  0.800E+08  0.526E-03  0.820E+08  0.802E-03  0.840E+08  0.115E-02
  0.860E+08  0.170E-02  0.880E+08  0.223E-02  0.900E+08  0.266E-02
  0.920E+08  0.306E-02  0.940E+08  0.374E-02  0.960E+08  0.420E-02
  0.980E+08  0.444E-02  0.100E+09  0.473E-02
FE57 
         264
           0
          19
  0.554E+08  0.000E+00  0.660E+08  0.372E-19  0.680E+08  0.142E-15
  0.700E+08  0.324E-13  0.720E+08  0.112E-10  0.740E+08  0.285E-09
  0.760E+08  0.314E-08  0.780E+08  0.221E-07  0.800E+08  0.326E-06
  0.820E+08  0.153E-05  0.840E+08  0.582E-05  0.860E+08  0.222E-04
  0.880E+08  0.568E-04  0.900E+08  0.111E-03  0.920E+08  0.225E-03
  0.940E+08  0.481E-03  0.960E+08  0.798E-03  0.980E+08  0.106E-02
  0.100E+09  0.154E-02
FE56 
         265
           0
          15
  0.631E+08  0.000E+00  0.740E+08  0.162E-21  0.760E+08  0.286E-17
  0.780E+08  0.638E-15  0.800E+08  0.130E-12  0.820E+08  0.321E-11
  0.840E+08  0.495E-10  0.860E+08  0.275E-08  0.880E+08  0.471E-07
  0.900E+08  0.212E-06  0.920E+08  0.111E-05  0.940E+08  0.618E-05
  0.960E+08  0.200E-04  0.980E+08  0.411E-04  0.100E+09  0.964E-04
FE55 
         266
           0
           9
  0.745E+08  0.000E+00  0.860E+08  0.176E-22  0.880E+08  0.207E-18
  0.900E+08  0.186E-16  0.920E+08  0.229E-14  0.940E+08  0.554E-12
  0.960E+08  0.243E-10  0.980E+08  0.277E-09  0.100E+09  0.189E-08
FE54 
         267
           0
           4
  0.839E+08  0.000E+00  0.960E+08  0.199E-23  0.980E+08  0.452E-20
  0.100E+09  0.331E-17
MN66 
         275
           0
          15
  0.621E+08  0.000E+00  0.740E+08  0.102E-28  0.760E+08  0.150E-24
  0.780E+08  0.609E-22  0.800E+08  0.439E-20  0.820E+08  0.109E-18
  0.840E+08  0.300E-17  0.860E+08  0.161E-16  0.880E+08  0.905E-16
  0.900E+08  0.346E-15  0.920E+08  0.119E-14  0.940E+08  0.293E-14
  0.960E+08  0.539E-14  0.980E+08  0.108E-13  0.100E+09  0.166E-13
MN65 
         276
           0
          14
  0.636E+08  0.000E+00  0.760E+08  0.599E-28  0.780E+08  0.191E-24
  0.800E+08  0.775E-22  0.820E+08  0.435E-20  0.840E+08  0.391E-18
  0.860E+08  0.916E-17  0.880E+08  0.830E-16  0.900E+08  0.630E-15
  0.920E+08  0.355E-14  0.940E+08  0.145E-13  0.960E+08  0.537E-13
  0.980E+08  0.147E-12  0.100E+09  0.297E-12
MN64 
         277
           0
          24
  0.436E+08  0.000E+00  0.560E+08  0.154E-22  0.580E+08  0.430E-19
  0.600E+08  0.111E-16  0.620E+08  0.541E-15  0.640E+08  0.108E-13
  0.660E+08  0.870E-13  0.680E+08  0.458E-12  0.700E+08  0.199E-11
  0.720E+08  0.681E-11  0.740E+08  0.153E-10  0.760E+08  0.306E-10
  0.780E+08  0.487E-10  0.800E+08  0.687E-10  0.820E+08  0.927E-10
  0.840E+08  0.115E-09  0.860E+08  0.151E-09  0.880E+08  0.148E-09
  0.900E+08  0.158E-09  0.920E+08  0.165E-09  0.940E+08  0.228E-09
  0.960E+08  0.230E-09  0.980E+08  0.221E-09  0.100E+09  0.236E-09
MN63 
         278
           0
          23
  0.456E+08  0.000E+00  0.580E+08  0.373E-23  0.600E+08  0.308E-19
  0.620E+08  0.808E-17  0.640E+08  0.446E-15  0.660E+08  0.107E-13
  0.680E+08  0.117E-12  0.700E+08  0.113E-11  0.720E+08  0.719E-11
  0.740E+08  0.313E-10  0.760E+08  0.109E-09  0.780E+08  0.272E-09
  0.800E+08  0.667E-09  0.820E+08  0.138E-08  0.840E+08  0.259E-08
  0.860E+08  0.478E-08  0.880E+08  0.662E-08  0.900E+08  0.106E-07
  0.920E+08  0.132E-07  0.940E+08  0.172E-07  0.960E+08  0.206E-07
  0.980E+08  0.224E-07  0.100E+09  0.253E-07
MN62 
         279
           0
          39
  0.262E+08  0.000E+00  0.380E+08  0.451E-20  0.390E+08  0.850E-18
  0.400E+08  0.358E-16  0.410E+08  0.774E-15  0.420E+08  0.800E-14
  0.430E+08  0.713E-13  0.440E+08  0.395E-12  0.450E+08  0.220E-11
  0.460E+08  0.950E-11  0.470E+08  0.342E-10  0.480E+08  0.108E-09
  0.490E+08  0.176E-09  0.500E+08  0.421E-09  0.520E+08  0.204E-08
  0.540E+08  0.494E-08  0.560E+08  0.116E-07  0.580E+08  0.190E-07
  0.600E+08  0.272E-07  0.620E+08  0.285E-07  0.640E+08  0.317E-07
  0.660E+08  0.337E-07  0.680E+08  0.403E-07  0.700E+08  0.388E-07
  0.720E+08  0.369E-07  0.740E+08  0.367E-07  0.760E+08  0.291E-07
  0.780E+08  0.276E-07  0.800E+08  0.374E-07  0.820E+08  0.306E-07
  0.840E+08  0.303E-07  0.860E+08  0.251E-07  0.880E+08  0.312E-07
  0.900E+08  0.391E-07  0.920E+08  0.532E-07  0.940E+08  0.734E-07
  0.960E+08  0.103E-06  0.980E+08  0.128E-06  0.100E+09  0.160E-06
MN61 
         280
           0
          36
  0.283E+08  0.000E+00  0.410E+08  0.932E-21  0.420E+08  0.108E-18
  0.430E+08  0.485E-17  0.440E+08  0.101E-15  0.450E+08  0.169E-14
  0.460E+08  0.211E-13  0.470E+08  0.214E-12  0.480E+08  0.120E-11
  0.490E+08  0.197E-11  0.500E+08  0.169E-10  0.520E+08  0.323E-09
  0.540E+08  0.249E-08  0.560E+08  0.150E-07  0.580E+08  0.502E-07
  0.600E+08  0.158E-06  0.620E+08  0.325E-06  0.640E+08  0.623E-06
  0.660E+08  0.109E-05  0.680E+08  0.151E-05  0.700E+08  0.205E-05
  0.720E+08  0.247E-05  0.740E+08  0.287E-05  0.760E+08  0.252E-05
  0.780E+08  0.264E-05  0.800E+08  0.267E-05  0.820E+08  0.245E-05
  0.840E+08  0.241E-05  0.860E+08  0.203E-05  0.880E+08  0.190E-05
  0.900E+08  0.168E-05  0.920E+08  0.156E-05  0.940E+08  0.178E-05
  0.960E+08  0.202E-05  0.980E+08  0.207E-05  0.100E+09  0.217E-05
MN60 
         281
           0
          30
  0.358E+08  0.000E+00  0.470E+08  0.335E-24  0.480E+08  0.183E-20
  0.490E+08  0.138E-17  0.500E+08  0.433E-16  0.520E+08  0.113E-13
  0.540E+08  0.938E-12  0.560E+08  0.262E-10  0.580E+08  0.321E-09
  0.600E+08  0.337E-08  0.620E+08  0.213E-07  0.640E+08  0.103E-06
  0.660E+08  0.395E-06  0.680E+08  0.905E-06  0.700E+08  0.205E-05
  0.720E+08  0.363E-05  0.740E+08  0.598E-05  0.760E+08  0.922E-05
  0.780E+08  0.119E-04  0.800E+08  0.150E-04  0.820E+08  0.170E-04
  0.840E+08  0.194E-04  0.860E+08  0.203E-04  0.880E+08  0.208E-04
  0.900E+08  0.202E-04  0.920E+08  0.171E-04  0.940E+08  0.177E-04
  0.960E+08  0.160E-04  0.980E+08  0.156E-04  0.100E+09  0.146E-04
MN59 
         282
           0
          25
  0.407E+08  0.000E+00  0.540E+08  0.145E-19  0.560E+08  0.239E-15
  0.580E+08  0.580E-13  0.600E+08  0.587E-11  0.620E+08  0.116E-09
  0.640E+08  0.198E-08  0.660E+08  0.189E-07  0.680E+08  0.994E-07
  0.700E+08  0.429E-06  0.720E+08  0.130E-05  0.740E+08  0.273E-05
  0.760E+08  0.574E-05  0.780E+08  0.101E-04  0.800E+08  0.187E-04
  0.820E+08  0.292E-04  0.840E+08  0.426E-04  0.860E+08  0.602E-04
  0.880E+08  0.771E-04  0.900E+08  0.974E-04  0.920E+08  0.113E-03
  0.940E+08  0.126E-03  0.960E+08  0.150E-03  0.980E+08  0.161E-03
  0.100E+09  0.167E-03
MN58 
         283
           0
          21
  0.485E+08  0.000E+00  0.620E+08  0.411E-21  0.640E+08  0.198E-16
  0.660E+08  0.117E-13  0.680E+08  0.147E-11  0.700E+08  0.777E-10
  0.720E+08  0.422E-08  0.740E+08  0.237E-07  0.760E+08  0.137E-06
  0.780E+08  0.482E-06  0.800E+08  0.185E-05  0.820E+08  0.474E-05
  0.840E+08  0.105E-04  0.860E+08  0.217E-04  0.880E+08  0.393E-04
  0.900E+08  0.582E-04  0.920E+08  0.934E-04  0.940E+08  0.128E-03
  0.960E+08  0.168E-03  0.980E+08  0.212E-03  0.100E+09  0.264E-03
MN57 
         284
           0
          18
  0.550E+08  0.000E+00  0.680E+08  0.583E-23  0.700E+08  0.406E-18
  0.720E+08  0.831E-14  0.740E+08  0.406E-12  0.760E+08  0.576E-11
  0.780E+08  0.205E-09  0.800E+08  0.388E-08  0.820E+08  0.307E-07
  0.840E+08  0.171E-06  0.860E+08  0.715E-06  0.880E+08  0.232E-05
  0.900E+08  0.509E-05  0.920E+08  0.157E-04  0.940E+08  0.313E-04
  0.960E+08  0.602E-04  0.980E+08  0.975E-04  0.100E+09  0.161E-03
MN56 
         285
           0
          13
  0.638E+08  0.000E+00  0.780E+08  0.985E-20  0.800E+08  0.285E-16
  0.820E+08  0.257E-14  0.840E+08  0.284E-12  0.860E+08  0.114E-10
  0.880E+08  0.229E-09  0.900E+08  0.152E-08  0.920E+08  0.123E-07
  0.940E+08  0.740E-07  0.960E+08  0.315E-06  0.980E+08  0.103E-05
  0.100E+09  0.457E-05
MN55 
         286
           0
          10
  0.712E+08  0.000E+00  0.840E+08  0.352E-24  0.860E+08  0.466E-20
  0.880E+08  0.132E-16  0.900E+08  0.179E-15  0.920E+08  0.367E-13
  0.940E+08  0.160E-11  0.960E+08  0.266E-10  0.980E+08  0.333E-09
  0.100E+09  0.662E-08
MN54 
         287
           0
           4
  0.816E+08  0.000E+00  0.960E+08  0.191E-24  0.980E+08  0.286E-21
  0.100E+09  0.526E-18
CR65 
         467
           0
           6
  0.778E+08  0.000E+00  0.920E+08  0.335E-34  0.940E+08  0.250E-30
  0.960E+08  0.117E-27  0.980E+08  0.133E-25  0.100E+09  0.131E-24
CR64 
         468
           0
           6
  0.785E+08  0.000E+00  0.920E+08  0.155E-36  0.940E+08  0.128E-31
  0.960E+08  0.149E-27  0.980E+08  0.137E-25  0.100E+09  0.553E-24
CR63 
         469
           0
          16
  0.578E+08  0.000E+00  0.720E+08  0.739E-29  0.740E+08  0.553E-25
  0.760E+08  0.387E-22  0.780E+08  0.263E-20  0.800E+08  0.151E-18
  0.820E+08  0.325E-17  0.840E+08  0.639E-16  0.860E+08  0.720E-15
  0.880E+08  0.367E-14  0.900E+08  0.154E-13  0.920E+08  0.493E-13
  0.940E+08  0.110E-12  0.960E+08  0.228E-12  0.980E+08  0.463E-12
  0.100E+09  0.779E-12
CR62 
         470
           0
          16
  0.591E+08  0.000E+00  0.720E+08  0.235E-31  0.740E+08  0.687E-27
  0.760E+08  0.102E-23  0.780E+08  0.496E-22  0.800E+08  0.889E-20
  0.820E+08  0.552E-18  0.840E+08  0.248E-16  0.860E+08  0.463E-15
  0.880E+08  0.485E-14  0.900E+08  0.296E-13  0.920E+08  0.154E-12
  0.940E+08  0.553E-12  0.960E+08  0.234E-11  0.980E+08  0.664E-11
  0.100E+09  0.161E-10
CR61 
         471
           0
          25
  0.391E+08  0.000E+00  0.540E+08  0.411E-23  0.560E+08  0.119E-19
  0.580E+08  0.292E-17  0.600E+08  0.409E-15  0.620E+08  0.118E-13
  0.640E+08  0.157E-12  0.660E+08  0.179E-11  0.680E+08  0.689E-11
  0.700E+08  0.291E-10  0.720E+08  0.819E-10  0.740E+08  0.189E-09
  0.760E+08  0.360E-09  0.780E+08  0.564E-09  0.800E+08  0.808E-09
  0.820E+08  0.105E-08  0.840E+08  0.128E-08  0.860E+08  0.205E-08
  0.880E+08  0.241E-08  0.900E+08  0.245E-08  0.920E+08  0.256E-08
  0.940E+08  0.239E-08  0.960E+08  0.231E-08  0.980E+08  0.219E-08
  0.100E+09  0.193E-08
CR60 
         472
           0
          24
  0.411E+08  0.000E+00  0.560E+08  0.569E-25  0.580E+08  0.249E-21
  0.600E+08  0.477E-18  0.620E+08  0.107E-15  0.640E+08  0.630E-14
  0.660E+08  0.259E-12  0.680E+08  0.231E-11  0.700E+08  0.229E-10
  0.720E+08  0.141E-09  0.740E+08  0.600E-09  0.760E+08  0.212E-08
  0.780E+08  0.492E-08  0.800E+08  0.118E-07  0.820E+08  0.237E-07
  0.840E+08  0.437E-07  0.860E+08  0.765E-07  0.880E+08  0.117E-06
  0.900E+08  0.155E-06  0.920E+08  0.193E-06  0.940E+08  0.260E-06
  0.960E+08  0.305E-06  0.980E+08  0.334E-06  0.100E+09  0.336E-06
CR59 
         473
           0
          41
  0.213E+08  0.000E+00  0.360E+08  0.940E-24  0.370E+08  0.241E-20
  0.380E+08  0.146E-18  0.390E+08  0.381E-17  0.400E+08  0.527E-16
  0.410E+08  0.595E-15  0.420E+08  0.501E-14  0.430E+08  0.357E-13
  0.440E+08  0.131E-12  0.450E+08  0.638E-12  0.460E+08  0.242E-11
  0.470E+08  0.619E-11  0.480E+08  0.180E-10  0.490E+08  0.330E-10
  0.500E+08  0.683E-10  0.520E+08  0.279E-09  0.540E+08  0.839E-09
  0.560E+08  0.178E-08  0.580E+08  0.326E-08  0.600E+08  0.489E-08
  0.620E+08  0.573E-08  0.640E+08  0.585E-08  0.660E+08  0.570E-08
  0.680E+08  0.566E-08  0.700E+08  0.534E-08  0.720E+08  0.426E-08
  0.740E+08  0.561E-08  0.760E+08  0.350E-08  0.780E+08  0.388E-08
  0.800E+08  0.539E-08  0.820E+08  0.118E-07  0.840E+08  0.226E-07
  0.860E+08  0.507E-07  0.880E+08  0.100E-06  0.900E+08  0.176E-06
  0.920E+08  0.272E-06  0.940E+08  0.344E-06  0.960E+08  0.503E-06
  0.980E+08  0.649E-06  0.100E+09  0.743E-06
CR58 
         474
           0
          36
  0.255E+08  0.000E+00  0.410E+08  0.834E-21  0.420E+08  0.114E-18
  0.430E+08  0.522E-17  0.440E+08  0.623E-16  0.450E+08  0.106E-14
  0.460E+08  0.824E-14  0.470E+08  0.648E-13  0.480E+08  0.334E-12
  0.490E+08  0.132E-11  0.500E+08  0.567E-11  0.520E+08  0.760E-10
  0.540E+08  0.613E-09  0.560E+08  0.306E-08  0.580E+08  0.895E-08
  0.600E+08  0.325E-07  0.620E+08  0.745E-07  0.640E+08  0.143E-06
  0.660E+08  0.267E-06  0.680E+08  0.401E-06  0.700E+08  0.470E-06
  0.720E+08  0.513E-06  0.740E+08  0.550E-06  0.760E+08  0.508E-06
  0.780E+08  0.529E-06  0.800E+08  0.467E-06  0.820E+08  0.454E-06
  0.840E+08  0.447E-06  0.860E+08  0.385E-06  0.880E+08  0.540E-06
  0.900E+08  0.509E-06  0.920E+08  0.576E-06  0.940E+08  0.537E-06
  0.960E+08  0.617E-06  0.980E+08  0.732E-06  0.100E+09  0.860E-06
CR57 
         475
           0
          29
  0.327E+08  0.000E+00  0.480E+08  0.378E-23  0.490E+08  0.851E-20
  0.500E+08  0.432E-18  0.520E+08  0.277E-16  0.540E+08  0.261E-14
  0.560E+08  0.297E-12  0.580E+08  0.654E-11  0.600E+08  0.258E-09
  0.620E+08  0.272E-08  0.640E+08  0.170E-07  0.660E+08  0.873E-07
  0.680E+08  0.255E-06  0.700E+08  0.649E-06  0.720E+08  0.114E-05
  0.740E+08  0.178E-05  0.760E+08  0.257E-05  0.780E+08  0.323E-05
  0.800E+08  0.373E-05  0.820E+08  0.432E-05  0.840E+08  0.417E-05
  0.860E+08  0.412E-05  0.880E+08  0.435E-05  0.900E+08  0.516E-05
  0.920E+08  0.545E-05  0.940E+08  0.495E-05  0.960E+08  0.467E-05
  0.980E+08  0.445E-05  0.100E+09  0.400E-05
CR56 
         476
           0
          25
  0.382E+08  0.000E+00  0.540E+08  0.932E-23  0.560E+08  0.389E-18
  0.580E+08  0.321E-16  0.600E+08  0.790E-14  0.620E+08  0.674E-12
  0.640E+08  0.334E-10  0.660E+08  0.537E-09  0.680E+08  0.514E-08
  0.700E+08  0.406E-07  0.720E+08  0.165E-06  0.740E+08  0.481E-06
  0.760E+08  0.130E-05  0.780E+08  0.230E-05  0.800E+08  0.440E-05
  0.820E+08  0.731E-05  0.840E+08  0.114E-04  0.860E+08  0.152E-04
  0.880E+08  0.195E-04  0.900E+08  0.236E-04  0.920E+08  0.290E-04
  0.940E+08  0.320E-04  0.960E+08  0.367E-04  0.980E+08  0.397E-04
  0.100E+09  0.409E-04
CR55 
         477
           0
          21
  0.466E+08  0.000E+00  0.620E+08  0.525E-24  0.640E+08  0.207E-19
  0.660E+08  0.511E-16  0.680E+08  0.279E-14  0.700E+08  0.232E-12
  0.720E+08  0.571E-11  0.740E+08  0.801E-10  0.760E+08  0.125E-08
  0.780E+08  0.675E-08  0.800E+08  0.509E-07  0.820E+08  0.199E-06
  0.840E+08  0.728E-06  0.860E+08  0.245E-05  0.880E+08  0.465E-05
  0.900E+08  0.854E-05  0.920E+08  0.145E-04  0.940E+08  0.215E-04
  0.960E+08  0.339E-04  0.980E+08  0.459E-04  0.100E+09  0.608E-04
CR54 
         478
           0
          18
  0.529E+08  0.000E+00  0.680E+08  0.908E-26  0.700E+08  0.596E-21
  0.720E+08  0.228E-17  0.740E+08  0.215E-15  0.760E+08  0.150E-13
  0.780E+08  0.324E-12  0.800E+08  0.170E-10  0.820E+08  0.236E-09
  0.840E+08  0.282E-08  0.860E+08  0.226E-07  0.880E+08  0.920E-07
  0.900E+08  0.207E-06  0.920E+08  0.643E-06  0.940E+08  0.162E-05
  0.960E+08  0.416E-05  0.980E+08  0.807E-05  0.100E+09  0.163E-04
CR53 
         479
           0
          12
  0.628E+08  0.000E+00  0.800E+08  0.179E-24  0.820E+08  0.935E-21
  0.840E+08  0.555E-18  0.860E+08  0.967E-15  0.880E+08  0.596E-13
  0.900E+08  0.951E-12  0.920E+08  0.201E-10  0.940E+08  0.287E-09
  0.960E+08  0.233E-08  0.980E+08  0.116E-07  0.100E+09  0.667E-07
CR52 
         480
           0
           8
  0.708E+08  0.000E+00  0.880E+08  0.191E-25  0.900E+08  0.134E-22
  0.920E+08  0.260E-19  0.940E+08  0.177E-16  0.960E+08  0.126E-14
  0.980E+08  0.358E-13  0.100E+09  0.122E-11
CR51 
         481
           0
           2
  0.831E+08  0.000E+00  0.100E+09  0.352E-28
V62  
         575
           0
           6
  0.758E+08  0.000E+00  0.920E+08  0.211E-35  0.940E+08  0.786E-31
  0.960E+08  0.267E-28  0.980E+08  0.857E-26  0.100E+09  0.355E-24
V61  
         576
           0
           5
  0.764E+08  0.000E+00  0.940E+08  0.340E-32  0.960E+08  0.108E-27
  0.980E+08  0.237E-25  0.100E+09  0.148E-23
V60  
         577
           0
          16
  0.558E+08  0.000E+00  0.720E+08  0.600E-30  0.740E+08  0.515E-26
  0.760E+08  0.998E-23  0.780E+08  0.294E-21  0.800E+08  0.312E-19
  0.820E+08  0.139E-17  0.840E+08  0.359E-16  0.860E+08  0.628E-15
  0.880E+08  0.475E-14  0.900E+08  0.260E-13  0.920E+08  0.110E-12
  0.940E+08  0.312E-12  0.960E+08  0.972E-12  0.980E+08  0.229E-11
  0.100E+09  0.391E-11
V59  
         578
           0
          15
  0.571E+08  0.000E+00  0.740E+08  0.507E-28  0.760E+08  0.216E-24
  0.780E+08  0.129E-22  0.800E+08  0.266E-20  0.820E+08  0.211E-18
  0.840E+08  0.670E-17  0.860E+08  0.167E-15  0.880E+08  0.249E-14
  0.900E+08  0.244E-13  0.920E+08  0.137E-12  0.940E+08  0.659E-12
  0.960E+08  0.397E-11  0.980E+08  0.134E-10  0.100E+09  0.363E-10
V58  
         579
           0
          25
  0.372E+08  0.000E+00  0.540E+08  0.377E-26  0.560E+08  0.281E-21
  0.580E+08  0.149E-18  0.600E+08  0.437E-16  0.620E+08  0.211E-14
  0.640E+08  0.323E-13  0.660E+08  0.785E-12  0.680E+08  0.466E-11
  0.700E+08  0.257E-10  0.720E+08  0.114E-09  0.740E+08  0.338E-09
  0.760E+08  0.840E-09  0.780E+08  0.166E-08  0.800E+08  0.316E-08
  0.820E+08  0.478E-08  0.840E+08  0.561E-08  0.860E+08  0.725E-08
  0.880E+08  0.923E-08  0.900E+08  0.985E-08  0.920E+08  0.964E-08
  0.940E+08  0.104E-07  0.960E+08  0.103E-07  0.980E+08  0.877E-08
  0.100E+09  0.834E-08
V57  
         580
           0
          24
  0.387E+08  0.000E+00  0.560E+08  0.895E-29  0.580E+08  0.189E-24
  0.600E+08  0.285E-20  0.620E+08  0.159E-17  0.640E+08  0.229E-15
  0.660E+08  0.237E-13  0.680E+08  0.342E-12  0.700E+08  0.509E-11
  0.720E+08  0.494E-10  0.740E+08  0.272E-09  0.760E+08  0.131E-08
  0.780E+08  0.283E-08  0.800E+08  0.859E-08  0.820E+08  0.202E-07
  0.840E+08  0.352E-07  0.860E+08  0.715E-07  0.880E+08  0.123E-06
  0.900E+08  0.175E-06  0.920E+08  0.221E-06  0.940E+08  0.273E-06
  0.960E+08  0.328E-06  0.980E+08  0.344E-06  0.100E+09  0.368E-06
V56  
         581
           0
          20
  0.456E+08  0.000E+00  0.640E+08  0.251E-24  0.660E+08  0.823E-21
  0.680E+08  0.348E-18  0.700E+08  0.699E-16  0.720E+08  0.471E-14
  0.740E+08  0.720E-13  0.760E+08  0.215E-11  0.780E+08  0.103E-10
  0.800E+08  0.847E-10  0.820E+08  0.478E-09  0.840E+08  0.122E-08
  0.860E+08  0.501E-08  0.880E+08  0.143E-07  0.900E+08  0.323E-07
  0.920E+08  0.749E-07  0.940E+08  0.142E-06  0.960E+08  0.228E-06
  0.980E+08  0.318E-06  0.100E+09  0.409E-06
V55  
         582
           0
          18
  0.496E+08  0.000E+00  0.680E+08  0.138E-25  0.700E+08  0.105E-21
  0.720E+08  0.297E-18  0.740E+08  0.149E-16  0.760E+08  0.121E-14
  0.780E+08  0.226E-13  0.800E+08  0.649E-12  0.820E+08  0.779E-11
  0.840E+08  0.555E-10  0.860E+08  0.327E-09  0.880E+08  0.142E-08
  0.900E+08  0.496E-08  0.920E+08  0.164E-07  0.940E+08  0.394E-07
  0.960E+08  0.995E-07  0.980E+08  0.169E-06  0.100E+09  0.313E-06
V54  
         583
           0
          15
  0.570E+08  0.000E+00  0.740E+08  0.138E-30  0.760E+08  0.794E-26
  0.780E+08  0.781E-22  0.800E+08  0.744E-18  0.820E+08  0.907E-16
  0.840E+08  0.496E-14  0.860E+08  0.148E-12  0.880E+08  0.252E-11
  0.900E+08  0.221E-10  0.920E+08  0.209E-09  0.940E+08  0.103E-08
  0.960E+08  0.417E-08  0.980E+08  0.869E-08  0.100E+09  0.298E-07
V53  
         584
           0
          12
  0.632E+08  0.000E+00  0.800E+08  0.587E-30  0.820E+08  0.666E-25
  0.840E+08  0.698E-22  0.860E+08  0.432E-19  0.880E+08  0.234E-17
  0.900E+08  0.885E-16  0.920E+08  0.185E-13  0.940E+08  0.412E-12
  0.960E+08  0.760E-11  0.980E+08  0.347E-10  0.100E+09  0.311E-09
V52  
         585
           0
           8
  0.718E+08  0.000E+00  0.880E+08  0.763E-33  0.900E+08  0.144E-30
  0.920E+08  0.225E-24  0.940E+08  0.275E-21  0.960E+08  0.782E-19
  0.980E+08  0.421E-17  0.100E+09  0.486E-15
V51  
         586
           0
           3
  0.792E+08  0.000E+00  0.980E+08  0.653E-29  0.100E+09  0.149E-24
TI59 
         875
           0
           7
  0.706E+08  0.000E+00  0.900E+08  0.260E-34  0.920E+08  0.855E-32
  0.940E+08  0.349E-29  0.960E+08  0.188E-26  0.980E+08  0.196E-24
  0.100E+09  0.910E-23
TI58 
         876
           0
           7
  0.713E+08  0.000E+00  0.900E+08  0.534E-37  0.920E+08  0.260E-33
  0.940E+08  0.374E-30  0.960E+08  0.733E-27  0.980E+08  0.867E-25
  0.100E+09  0.264E-23
TI57 
         877
           0
          17
  0.507E+08  0.000E+00  0.700E+08  0.882E-30  0.720E+08  0.408E-26
  0.740E+08  0.196E-23  0.760E+08  0.260E-21  0.780E+08  0.274E-20
  0.800E+08  0.153E-18  0.820E+08  0.397E-17  0.840E+08  0.423E-16
  0.860E+08  0.651E-15  0.880E+08  0.502E-14  0.900E+08  0.225E-13
  0.920E+08  0.920E-13  0.940E+08  0.356E-12  0.960E+08  0.994E-12
  0.980E+08  0.161E-11  0.100E+09  0.273E-11
TI56 
         878
           0
          17
  0.521E+08  0.000E+00  0.700E+08  0.442E-34  0.720E+08  0.334E-29
  0.740E+08  0.429E-26  0.760E+08  0.307E-23  0.780E+08  0.974E-22
  0.800E+08  0.901E-20  0.820E+08  0.250E-18  0.840E+08  0.445E-17
  0.860E+08  0.125E-15  0.880E+08  0.181E-14  0.900E+08  0.128E-13
  0.920E+08  0.104E-12  0.940E+08  0.634E-12  0.960E+08  0.326E-11
  0.980E+08  0.935E-11  0.100E+09  0.254E-10
TI55 
         879
           0
          26
  0.316E+08  0.000E+00  0.520E+08  0.166E-28  0.540E+08  0.115E-24
  0.560E+08  0.806E-22  0.580E+08  0.454E-20  0.600E+08  0.133E-17
  0.620E+08  0.260E-16  0.640E+08  0.597E-15  0.660E+08  0.156E-13
  0.680E+08  0.102E-12  0.700E+08  0.496E-12  0.720E+08  0.161E-11
  0.740E+08  0.446E-11  0.760E+08  0.113E-10  0.780E+08  0.230E-10
  0.800E+08  0.369E-10  0.820E+08  0.469E-10  0.840E+08  0.573E-10
  0.860E+08  0.658E-10  0.880E+08  0.796E-10  0.900E+08  0.753E-10
  0.920E+08  0.856E-10  0.940E+08  0.600E-10  0.960E+08  0.519E-10
  0.980E+08  0.514E-10  0.100E+09  0.533E-10
TI54 
         880
           0
          24
  0.351E+08  0.000E+00  0.560E+08  0.798E-29  0.580E+08  0.152E-24
  0.600E+08  0.847E-21  0.620E+08  0.155E-18  0.640E+08  0.127E-16
  0.660E+08  0.124E-14  0.680E+08  0.205E-13  0.700E+08  0.229E-12
  0.720E+08  0.155E-11  0.740E+08  0.835E-11  0.760E+08  0.356E-10
  0.780E+08  0.814E-10  0.800E+08  0.229E-09  0.820E+08  0.507E-09
  0.840E+08  0.879E-09  0.860E+08  0.150E-08  0.880E+08  0.252E-08
  0.900E+08  0.345E-08  0.920E+08  0.523E-08  0.940E+08  0.623E-08
  0.960E+08  0.769E-08  0.980E+08  0.883E-08  0.100E+09  0.907E-08
TI53 
         881
           0
          21
  0.411E+08  0.000E+00  0.620E+08  0.507E-29  0.640E+08  0.213E-24
  0.660E+08  0.380E-21  0.680E+08  0.479E-19  0.700E+08  0.863E-17
  0.720E+08  0.300E-15  0.740E+08  0.173E-13  0.760E+08  0.340E-12
  0.780E+08  0.203E-11  0.800E+08  0.173E-10  0.820E+08  0.884E-10
  0.840E+08  0.289E-09  0.860E+08  0.908E-09  0.880E+08  0.231E-08
  0.900E+08  0.505E-08  0.920E+08  0.871E-08  0.940E+08  0.163E-07
  0.960E+08  0.299E-07  0.980E+08  0.452E-07  0.100E+09  0.609E-07
TI52 
         882
           0
          19
  0.466E+08  0.000E+00  0.660E+08  0.113E-32  0.680E+08  0.816E-26
  0.700E+08  0.159E-22  0.720E+08  0.130E-19  0.740E+08  0.941E-18
  0.760E+08  0.337E-16  0.780E+08  0.751E-15  0.800E+08  0.305E-13
  0.820E+08  0.387E-12  0.840E+08  0.424E-11  0.860E+08  0.290E-10
  0.880E+08  0.134E-09  0.900E+08  0.526E-09  0.920E+08  0.148E-08
  0.940E+08  0.427E-08  0.960E+08  0.133E-07  0.980E+08  0.302E-07
  0.100E+09  0.629E-07
TI51 
         883
           0
          15
  0.545E+08  0.000E+00  0.740E+08  0.109E-32  0.760E+08  0.557E-27
  0.780E+08  0.102E-23  0.800E+08  0.949E-21  0.820E+08  0.926E-19
  0.840E+08  0.142E-16  0.860E+08  0.108E-14  0.880E+08  0.237E-13
  0.900E+08  0.719E-13  0.920E+08  0.920E-12  0.940E+08  0.573E-11
  0.960E+08  0.553E-10  0.980E+08  0.298E-09  0.100E+09  0.156E-08
TI50 
         884
           0
          11
  0.610E+08  0.000E+00  0.820E+08  0.479E-31  0.840E+08  0.117E-26
  0.860E+08  0.422E-22  0.880E+08  0.107E-19  0.900E+08  0.294E-18
  0.920E+08  0.240E-16  0.940E+08  0.611E-15  0.960E+08  0.155E-13
  0.980E+08  0.223E-12  0.100E+09  0.177E-11
TI49 
         885
           0
           5
  0.721E+08  0.000E+00  0.940E+08  0.106E-29  0.960E+08  0.108E-25
  0.980E+08  0.474E-23  0.100E+09  0.109E-20
