         111
KR84 
          16
           0
          77
  0.720E+07  0.000E+00  0.750E+07  0.123E-02  0.800E+07  0.204E+00
  0.850E+07  0.574E+00  0.900E+07  0.984E+00  0.950E+07  0.123E+01
  0.100E+08  0.140E+01  0.105E+08  0.152E+01  0.110E+08  0.160E+01
  0.115E+08  0.164E+01  0.120E+08  0.166E+01  0.125E+08  0.167E+01
  0.130E+08  0.168E+01  0.135E+08  0.168E+01  0.140E+08  0.167E+01
  0.145E+08  0.166E+01  0.150E+08  0.166E+01  0.160E+08  0.165E+01
  0.170E+08  0.163E+01  0.180E+08  0.162E+01  0.190E+08  0.160E+01
  0.200E+08  0.153E+01  0.210E+08  0.139E+01  0.220E+08  0.120E+01
  0.230E+08  0.998E+00  0.240E+08  0.865E+00  0.250E+08  0.659E+00
  0.260E+08  0.570E+00  0.270E+08  0.484E+00  0.280E+08  0.420E+00
  0.290E+08  0.373E+00  0.300E+08  0.337E+00  0.310E+08  0.309E+00
  0.320E+08  0.293E+00  0.330E+08  0.282E+00  0.340E+08  0.265E+00
  0.350E+08  0.250E+00  0.360E+08  0.240E+00  0.370E+08  0.232E+00
  0.380E+08  0.224E+00  0.390E+08  0.217E+00  0.400E+08  0.211E+00
  0.410E+08  0.204E+00  0.420E+08  0.197E+00  0.430E+08  0.193E+00
  0.440E+08  0.188E+00  0.450E+08  0.184E+00  0.460E+08  0.180E+00
  0.470E+08  0.176E+00  0.480E+08  0.172E+00  0.490E+08  0.161E+00
  0.500E+08  0.157E+00  0.520E+08  0.151E+00  0.540E+08  0.147E+00
  0.560E+08  0.145E+00  0.580E+08  0.142E+00  0.600E+08  0.138E+00
  0.620E+08  0.133E+00  0.640E+08  0.128E+00  0.660E+08  0.125E+00
  0.680E+08  0.121E+00  0.700E+08  0.117E+00  0.720E+08  0.114E+00
  0.740E+08  0.111E+00  0.760E+08  0.107E+00  0.780E+08  0.102E+00
  0.800E+08  0.980E-01  0.820E+08  0.928E-01  0.840E+08  0.904E-01
  0.860E+08  0.879E-01  0.880E+08  0.855E-01  0.900E+08  0.832E-01
  0.920E+08  0.809E-01  0.940E+08  0.787E-01  0.960E+08  0.769E-01
  0.980E+08  0.780E-01  0.100E+09  0.761E-01
KR83 
          17
           0
          58
  0.178E+08  0.000E+00  0.190E+08  0.356E-02  0.200E+08  0.512E-01
  0.210E+08  0.172E+00  0.220E+08  0.340E+00  0.230E+08  0.515E+00
  0.240E+08  0.624E+00  0.250E+08  0.808E+00  0.260E+08  0.871E+00
  0.270E+08  0.934E+00  0.280E+08  0.966E+00  0.290E+08  0.958E+00
  0.300E+08  0.908E+00  0.310E+08  0.828E+00  0.320E+08  0.696E+00
  0.330E+08  0.617E+00  0.340E+08  0.529E+00  0.350E+08  0.462E+00
  0.360E+08  0.399E+00  0.370E+08  0.348E+00  0.380E+08  0.307E+00
  0.390E+08  0.274E+00  0.400E+08  0.258E+00  0.410E+08  0.229E+00
  0.420E+08  0.210E+00  0.430E+08  0.198E+00  0.440E+08  0.186E+00
  0.450E+08  0.175E+00  0.460E+08  0.166E+00  0.470E+08  0.158E+00
  0.480E+08  0.152E+00  0.490E+08  0.141E+00  0.500E+08  0.136E+00
  0.520E+08  0.128E+00  0.540E+08  0.124E+00  0.560E+08  0.120E+00
  0.580E+08  0.116E+00  0.600E+08  0.111E+00  0.620E+08  0.105E+00
  0.640E+08  0.100E+00  0.660E+08  0.967E-01  0.680E+08  0.932E-01
  0.700E+08  0.897E-01  0.720E+08  0.854E-01  0.740E+08  0.826E-01
  0.760E+08  0.776E-01  0.780E+08  0.726E-01  0.800E+08  0.687E-01
  0.820E+08  0.668E-01  0.840E+08  0.657E-01  0.860E+08  0.646E-01
  0.880E+08  0.634E-01  0.900E+08  0.623E-01  0.920E+08  0.612E-01
  0.940E+08  0.596E-01  0.960E+08  0.618E-01  0.980E+08  0.595E-01
  0.100E+09  0.581E-01
KR82 
          37
           0
          50
  0.254E+08  0.000E+00  0.270E+08  0.753E-03  0.280E+08  0.110E-01
  0.290E+08  0.454E-01  0.300E+08  0.109E+00  0.310E+08  0.194E+00
  0.320E+08  0.319E+00  0.330E+08  0.387E+00  0.340E+08  0.468E+00
  0.350E+08  0.529E+00  0.360E+08  0.582E+00  0.370E+08  0.620E+00
  0.380E+08  0.649E+00  0.390E+08  0.668E+00  0.400E+08  0.674E+00
  0.410E+08  0.679E+00  0.420E+08  0.686E+00  0.430E+08  0.675E+00
  0.440E+08  0.660E+00  0.450E+08  0.640E+00  0.460E+08  0.614E+00
  0.470E+08  0.589E+00  0.480E+08  0.557E+00  0.490E+08  0.491E+00
  0.500E+08  0.459E+00  0.520E+08  0.405E+00  0.540E+08  0.365E+00
  0.560E+08  0.349E+00  0.580E+08  0.313E+00  0.600E+08  0.288E+00
  0.620E+08  0.264E+00  0.640E+08  0.243E+00  0.660E+08  0.228E+00
  0.680E+08  0.215E+00  0.700E+08  0.202E+00  0.720E+08  0.190E+00
  0.740E+08  0.179E+00  0.760E+08  0.169E+00  0.780E+08  0.150E+00
  0.800E+08  0.144E+00  0.820E+08  0.138E+00  0.840E+08  0.128E+00
  0.860E+08  0.127E+00  0.880E+08  0.122E+00  0.900E+08  0.118E+00
  0.920E+08  0.114E+00  0.940E+08  0.111E+00  0.960E+08  0.108E+00
  0.980E+08  0.105E+00  0.100E+09  0.106E+00
BR85 
         103
           0
          82
  0.211E+07  0.000E+00  0.500E+07  0.555E-05  0.550E+07  0.250E-04
  0.600E+07  0.582E-04  0.650E+07  0.117E-03  0.700E+07  0.196E-03
  0.750E+07  0.318E-03  0.800E+07  0.477E-03  0.850E+07  0.677E-03
  0.900E+07  0.860E-03  0.950E+07  0.104E-02  0.100E+08  0.140E-02
  0.105E+08  0.181E-02  0.110E+08  0.227E-02  0.115E+08  0.277E-02
  0.120E+08  0.332E-02  0.125E+08  0.390E-02  0.130E+08  0.415E-02
  0.135E+08  0.472E-02  0.140E+08  0.528E-02  0.145E+08  0.585E-02
  0.150E+08  0.642E-02  0.160E+08  0.756E-02  0.170E+08  0.869E-02
  0.180E+08  0.983E-02  0.190E+08  0.110E-01  0.200E+08  0.121E-01
  0.210E+08  0.124E-01  0.220E+08  0.127E-01  0.230E+08  0.127E-01
  0.240E+08  0.128E-01  0.250E+08  0.130E-01  0.260E+08  0.130E-01
  0.270E+08  0.127E-01  0.280E+08  0.129E-01  0.290E+08  0.127E-01
  0.300E+08  0.126E-01  0.310E+08  0.125E-01  0.320E+08  0.124E-01
  0.330E+08  0.123E-01  0.340E+08  0.121E-01  0.350E+08  0.120E-01
  0.360E+08  0.119E-01  0.370E+08  0.118E-01  0.380E+08  0.117E-01
  0.390E+08  0.115E-01  0.400E+08  0.114E-01  0.410E+08  0.112E-01
  0.420E+08  0.110E-01  0.430E+08  0.109E-01  0.440E+08  0.107E-01
  0.450E+08  0.105E-01  0.460E+08  0.103E-01  0.470E+08  0.102E-01
  0.480E+08  0.100E-01  0.490E+08  0.982E-02  0.500E+08  0.965E-02
  0.520E+08  0.933E-02  0.540E+08  0.903E-02  0.560E+08  0.872E-02
  0.580E+08  0.857E-02  0.600E+08  0.841E-02  0.620E+08  0.825E-02
  0.640E+08  0.810E-02  0.660E+08  0.794E-02  0.680E+08  0.778E-02
  0.700E+08  0.763E-02  0.720E+08  0.740E-02  0.740E+08  0.717E-02
  0.760E+08  0.697E-02  0.780E+08  0.678E-02  0.800E+08  0.648E-02
  0.820E+08  0.618E-02  0.840E+08  0.600E-02  0.860E+08  0.582E-02
  0.880E+08  0.568E-02  0.900E+08  0.552E-02  0.920E+08  0.546E-02
  0.940E+08  0.540E-02  0.960E+08  0.525E-02  0.980E+08  0.513E-02
  0.100E+09  0.545E-02
SE84 
         111
           0
          62
  0.122E+08  0.000E+00  0.150E+08  0.164E-03  0.160E+08  0.320E-03
  0.170E+08  0.494E-03  0.180E+08  0.600E-03  0.190E+08  0.795E-03
  0.200E+08  0.100E-02  0.210E+08  0.123E-02  0.220E+08  0.146E-02
  0.230E+08  0.160E-02  0.240E+08  0.186E-02  0.250E+08  0.214E-02
  0.260E+08  0.243E-02  0.270E+08  0.273E-02  0.280E+08  0.303E-02
  0.290E+08  0.323E-02  0.300E+08  0.356E-02  0.310E+08  0.390E-02
  0.320E+08  0.425E-02  0.330E+08  0.461E-02  0.340E+08  0.498E-02
  0.350E+08  0.536E-02  0.360E+08  0.563E-02  0.370E+08  0.601E-02
  0.380E+08  0.640E-02  0.390E+08  0.679E-02  0.400E+08  0.716E-02
  0.410E+08  0.747E-02  0.420E+08  0.771E-02  0.430E+08  0.783E-02
  0.440E+08  0.792E-02  0.450E+08  0.797E-02  0.460E+08  0.798E-02
  0.470E+08  0.797E-02  0.480E+08  0.795E-02  0.490E+08  0.772E-02
  0.500E+08  0.749E-02  0.520E+08  0.739E-02  0.540E+08  0.733E-02
  0.560E+08  0.728E-02  0.580E+08  0.723E-02  0.600E+08  0.715E-02
  0.620E+08  0.709E-02  0.640E+08  0.705E-02  0.660E+08  0.701E-02
  0.680E+08  0.696E-02  0.700E+08  0.706E-02  0.720E+08  0.700E-02
  0.740E+08  0.713E-02  0.760E+08  0.723E-02  0.780E+08  0.718E-02
  0.800E+08  0.713E-02  0.820E+08  0.709E-02  0.840E+08  0.675E-02
  0.860E+08  0.671E-02  0.880E+08  0.681E-02  0.900E+08  0.677E-02
  0.920E+08  0.672E-02  0.940E+08  0.668E-02  0.960E+08  0.662E-02
  0.980E+08  0.657E-02  0.100E+09  0.653E-02
KR81 
         121
           0
          39
  0.365E+08  0.000E+00  0.380E+08  0.188E-06  0.390E+08  0.192E-04
  0.400E+08  0.161E-03  0.410E+08  0.101E-02  0.420E+08  0.458E-02
  0.430E+08  0.126E-01  0.440E+08  0.247E-01  0.450E+08  0.417E-01
  0.460E+08  0.627E-01  0.470E+08  0.828E-01  0.480E+08  0.108E+00
  0.490E+08  0.176E+00  0.500E+08  0.199E+00  0.520E+08  0.225E+00
  0.540E+08  0.233E+00  0.560E+08  0.222E+00  0.580E+08  0.216E+00
  0.600E+08  0.211E+00  0.620E+08  0.205E+00  0.640E+08  0.191E+00
  0.660E+08  0.180E+00  0.680E+08  0.167E+00  0.700E+08  0.160E+00
  0.720E+08  0.152E+00  0.740E+08  0.145E+00  0.760E+08  0.136E+00
  0.780E+08  0.131E+00  0.800E+08  0.125E+00  0.820E+08  0.108E+00
  0.840E+08  0.102E+00  0.860E+08  0.926E-01  0.880E+08  0.878E-01
  0.900E+08  0.839E-01  0.920E+08  0.802E-01  0.940E+08  0.754E-01
  0.960E+08  0.772E-01  0.980E+08  0.739E-01  0.100E+09  0.714E-01
KR80 
         122
           0
          31
  0.445E+08  0.000E+00  0.460E+08  0.275E-07  0.470E+08  0.232E-05
  0.480E+08  0.333E-04  0.490E+08  0.133E-02  0.500E+08  0.336E-02
  0.520E+08  0.127E-01  0.540E+08  0.181E-01  0.560E+08  0.242E-01
  0.580E+08  0.442E-01  0.600E+08  0.568E-01  0.620E+08  0.768E-01
  0.640E+08  0.959E-01  0.660E+08  0.106E+00  0.680E+08  0.122E+00
  0.700E+08  0.137E+00  0.720E+08  0.151E+00  0.740E+08  0.162E+00
  0.760E+08  0.178E+00  0.780E+08  0.186E+00  0.800E+08  0.185E+00
  0.820E+08  0.184E+00  0.840E+08  0.183E+00  0.860E+08  0.182E+00
  0.880E+08  0.174E+00  0.900E+08  0.169E+00  0.920E+08  0.156E+00
  0.940E+08  0.149E+00  0.960E+08  0.143E+00  0.980E+08  0.139E+00
  0.100E+09  0.134E+00
KR79 
         123
           0
          22
  0.561E+08  0.000E+00  0.600E+08  0.429E-08  0.620E+08  0.645E-06
  0.640E+08  0.124E-04  0.660E+08  0.573E-04  0.680E+08  0.276E-03
  0.700E+08  0.555E-03  0.720E+08  0.152E-02  0.740E+08  0.329E-02
  0.760E+08  0.819E-02  0.780E+08  0.133E-01  0.800E+08  0.183E-01
  0.820E+08  0.257E-01  0.840E+08  0.306E-01  0.860E+08  0.336E-01
  0.880E+08  0.367E-01  0.900E+08  0.406E-01  0.920E+08  0.445E-01
  0.940E+08  0.412E-01  0.960E+08  0.401E-01  0.980E+08  0.390E-01
  0.100E+09  0.377E-01
KR78 
         124
           0
          17
  0.646E+08  0.000E+00  0.700E+08  0.173E-09  0.720E+08  0.349E-07
  0.740E+08  0.949E-06  0.760E+08  0.246E-04  0.780E+08  0.152E-03
  0.800E+08  0.412E-03  0.820E+08  0.120E-02  0.840E+08  0.225E-02
  0.860E+08  0.374E-02  0.880E+08  0.604E-02  0.900E+08  0.982E-02
  0.920E+08  0.137E-01  0.940E+08  0.162E-01  0.960E+08  0.176E-01
  0.980E+08  0.185E-01  0.100E+09  0.195E-01
KR77 
         125
           0
          12
  0.767E+08  0.000E+00  0.800E+08  0.328E-15  0.820E+08  0.617E-11
  0.840E+08  0.443E-09  0.860E+08  0.910E-08  0.880E+08  0.139E-06
  0.900E+08  0.108E-05  0.920E+08  0.554E-05  0.940E+08  0.147E-04
  0.960E+08  0.271E-04  0.980E+08  0.416E-04  0.100E+09  0.660E-04
KR76 
         126
           0
           7
  0.862E+08  0.000E+00  0.900E+08  0.312E-14  0.920E+08  0.248E-11
  0.940E+08  0.748E-10  0.960E+08  0.447E-09  0.980E+08  0.236E-08
  0.100E+09  0.917E-08
BR84 
         153
           0
          69
  0.887E+07  0.000E+00  0.115E+08  0.503E-08  0.120E+08  0.146E-06
  0.125E+08  0.106E-05  0.130E+08  0.482E-05  0.135E+08  0.160E-04
  0.140E+08  0.453E-02  0.145E+08  0.593E-02  0.150E+08  0.711E-02
  0.160E+08  0.912E-02  0.170E+08  0.123E-01  0.180E+08  0.149E-01
  0.190E+08  0.184E-01  0.200E+08  0.225E-01  0.210E+08  0.267E-01
  0.220E+08  0.346E-01  0.230E+08  0.428E-01  0.240E+08  0.516E-01
  0.250E+08  0.599E-01  0.260E+08  0.675E-01  0.270E+08  0.753E-01
  0.280E+08  0.800E-01  0.290E+08  0.843E-01  0.300E+08  0.880E-01
  0.310E+08  0.910E-01  0.320E+08  0.930E-01  0.330E+08  0.930E-01
  0.340E+08  0.926E-01  0.350E+08  0.920E-01  0.360E+08  0.913E-01
  0.370E+08  0.905E-01  0.380E+08  0.898E-01  0.390E+08  0.890E-01
  0.400E+08  0.883E-01  0.410E+08  0.875E-01  0.420E+08  0.868E-01
  0.430E+08  0.858E-01  0.440E+08  0.851E-01  0.450E+08  0.844E-01
  0.460E+08  0.840E-01  0.470E+08  0.834E-01  0.480E+08  0.827E-01
  0.490E+08  0.821E-01  0.500E+08  0.814E-01  0.520E+08  0.802E-01
  0.540E+08  0.789E-01  0.560E+08  0.776E-01  0.580E+08  0.763E-01
  0.600E+08  0.751E-01  0.620E+08  0.738E-01  0.640E+08  0.725E-01
  0.660E+08  0.719E-01  0.680E+08  0.712E-01  0.700E+08  0.706E-01
  0.720E+08  0.699E-01  0.740E+08  0.693E-01  0.760E+08  0.686E-01
  0.780E+08  0.680E-01  0.800E+08  0.673E-01  0.820E+08  0.665E-01
  0.840E+08  0.662E-01  0.860E+08  0.654E-01  0.880E+08  0.641E-01
  0.900E+08  0.627E-01  0.920E+08  0.614E-01  0.940E+08  0.601E-01
  0.960E+08  0.587E-01  0.980E+08  0.574E-01  0.100E+09  0.568E-01
BR83 
         154
           0
          58
  0.158E+08  0.000E+00  0.190E+08  0.421E-06  0.200E+08  0.122E-04
  0.210E+08  0.908E-04  0.220E+08  0.358E-03  0.230E+08  0.101E-02
  0.240E+08  0.204E-02  0.250E+08  0.424E-02  0.260E+08  0.743E-02
  0.270E+08  0.120E-01  0.280E+08  0.174E-01  0.290E+08  0.241E-01
  0.300E+08  0.318E-01  0.310E+08  0.404E-01  0.320E+08  0.499E-01
  0.330E+08  0.608E-01  0.340E+08  0.725E-01  0.350E+08  0.841E-01
  0.360E+08  0.940E-01  0.370E+08  0.103E+00  0.380E+08  0.111E+00
  0.390E+08  0.117E+00  0.400E+08  0.122E+00  0.410E+08  0.129E+00
  0.420E+08  0.132E+00  0.430E+08  0.135E+00  0.440E+08  0.137E+00
  0.450E+08  0.140E+00  0.460E+08  0.141E+00  0.470E+08  0.142E+00
  0.480E+08  0.144E+00  0.490E+08  0.145E+00  0.500E+08  0.145E+00
  0.520E+08  0.143E+00  0.540E+08  0.139E+00  0.560E+08  0.133E+00
  0.580E+08  0.127E+00  0.600E+08  0.122E+00  0.620E+08  0.119E+00
  0.640E+08  0.114E+00  0.660E+08  0.109E+00  0.680E+08  0.106E+00
  0.700E+08  0.104E+00  0.720E+08  0.101E+00  0.740E+08  0.999E-01
  0.760E+08  0.980E-01  0.780E+08  0.962E-01  0.800E+08  0.992E-01
  0.820E+08  0.982E-01  0.840E+08  0.966E-01  0.860E+08  0.949E-01
  0.880E+08  0.939E-01  0.900E+08  0.929E-01  0.920E+08  0.920E-01
  0.940E+08  0.910E-01  0.960E+08  0.900E-01  0.980E+08  0.884E-01
  0.100E+09  0.913E-01
BR82 
         155
           0
          48
  0.255E+08  0.000E+00  0.290E+08  0.937E-08  0.300E+08  0.110E-05
  0.310E+08  0.171E-04  0.320E+08  0.105E-03  0.330E+08  0.476E-03
  0.340E+08  0.116E-02  0.350E+08  0.255E-02  0.360E+08  0.499E-02
  0.370E+08  0.833E-02  0.380E+08  0.128E-01  0.390E+08  0.183E-01
  0.400E+08  0.248E-01  0.410E+08  0.306E-01  0.420E+08  0.382E-01
  0.430E+08  0.434E-01  0.440E+08  0.513E-01  0.450E+08  0.577E-01
  0.460E+08  0.644E-01  0.470E+08  0.704E-01  0.480E+08  0.757E-01
  0.490E+08  0.872E-01  0.500E+08  0.918E-01  0.520E+08  0.969E-01
  0.540E+08  0.102E+00  0.560E+08  0.106E+00  0.580E+08  0.110E+00
  0.600E+08  0.114E+00  0.620E+08  0.117E+00  0.640E+08  0.118E+00
  0.660E+08  0.118E+00  0.680E+08  0.116E+00  0.700E+08  0.115E+00
  0.720E+08  0.113E+00  0.740E+08  0.112E+00  0.760E+08  0.108E+00
  0.780E+08  0.104E+00  0.800E+08  0.101E+00  0.820E+08  0.981E-01
  0.840E+08  0.952E-01  0.860E+08  0.923E-01  0.880E+08  0.898E-01
  0.900E+08  0.873E-01  0.920E+08  0.852E-01  0.940E+08  0.831E-01
  0.960E+08  0.814E-01  0.980E+08  0.797E-01  0.100E+09  0.744E-01
BR81 
         156
           0
          41
  0.332E+08  0.000E+00  0.360E+08  0.602E-10  0.370E+08  0.544E-07
  0.380E+08  0.163E-05  0.390E+08  0.163E-04  0.400E+08  0.834E-04
  0.410E+08  0.232E-03  0.420E+08  0.620E-03  0.430E+08  0.109E-02
  0.440E+08  0.186E-02  0.450E+08  0.328E-02  0.460E+08  0.541E-02
  0.470E+08  0.808E-02  0.480E+08  0.119E-01  0.490E+08  0.160E-01
  0.500E+08  0.214E-01  0.520E+08  0.387E-01  0.540E+08  0.531E-01
  0.560E+08  0.662E-01  0.580E+08  0.802E-01  0.600E+08  0.914E-01
  0.620E+08  0.101E+00  0.640E+08  0.108E+00  0.660E+08  0.115E+00
  0.680E+08  0.123E+00  0.700E+08  0.130E+00  0.720E+08  0.137E+00
  0.740E+08  0.142E+00  0.760E+08  0.147E+00  0.780E+08  0.152E+00
  0.800E+08  0.152E+00  0.820E+08  0.152E+00  0.840E+08  0.153E+00
  0.860E+08  0.153E+00  0.880E+08  0.153E+00  0.900E+08  0.153E+00
  0.920E+08  0.146E+00  0.940E+08  0.144E+00  0.960E+08  0.141E+00
  0.980E+08  0.138E+00  0.100E+09  0.134E+00
BR80 
         157
           0
          30
  0.434E+08  0.000E+00  0.470E+08  0.196E-13  0.480E+08  0.195E-09
  0.490E+08  0.104E-06  0.500E+08  0.124E-05  0.520E+08  0.621E-04
  0.540E+08  0.399E-03  0.560E+08  0.132E-02  0.580E+08  0.412E-02
  0.600E+08  0.827E-02  0.620E+08  0.146E-01  0.640E+08  0.226E-01
  0.660E+08  0.289E-01  0.680E+08  0.351E-01  0.700E+08  0.450E-01
  0.720E+08  0.548E-01  0.740E+08  0.589E-01  0.760E+08  0.659E-01
  0.780E+08  0.665E-01  0.800E+08  0.688E-01  0.820E+08  0.704E-01
  0.840E+08  0.714E-01  0.860E+08  0.746E-01  0.880E+08  0.803E-01
  0.900E+08  0.847E-01  0.920E+08  0.892E-01  0.940E+08  0.936E-01
  0.960E+08  0.963E-01  0.980E+08  0.100E+00  0.100E+09  0.103E+00
BR79 
         158
           0
          24
  0.514E+08  0.000E+00  0.560E+08  0.167E-10  0.580E+08  0.124E-06
  0.600E+08  0.466E-05  0.620E+08  0.478E-04  0.640E+08  0.242E-03
  0.660E+08  0.479E-03  0.680E+08  0.133E-02  0.700E+08  0.306E-02
  0.720E+08  0.608E-02  0.740E+08  0.111E-01  0.760E+08  0.184E-01
  0.780E+08  0.267E-01  0.800E+08  0.350E-01  0.820E+08  0.448E-01
  0.840E+08  0.546E-01  0.860E+08  0.665E-01  0.880E+08  0.737E-01
  0.900E+08  0.804E-01  0.920E+08  0.853E-01  0.940E+08  0.886E-01
  0.960E+08  0.905E-01  0.980E+08  0.919E-01  0.100E+09  0.919E-01
BR78 
         159
           0
          18
  0.622E+08  0.000E+00  0.680E+08  0.328E-11  0.700E+08  0.220E-08
  0.720E+08  0.537E-07  0.740E+08  0.141E-05  0.760E+08  0.158E-04
  0.780E+08  0.798E-04  0.800E+08  0.242E-03  0.820E+08  0.992E-03
  0.840E+08  0.211E-02  0.860E+08  0.442E-02  0.880E+08  0.836E-02
  0.900E+08  0.128E-01  0.920E+08  0.181E-01  0.940E+08  0.233E-01
  0.960E+08  0.282E-01  0.980E+08  0.338E-01  0.100E+09  0.387E-01
BR77 
         160
           0
          14
  0.706E+08  0.000E+00  0.760E+08  0.148E-12  0.780E+08  0.178E-09
  0.800E+08  0.104E-07  0.820E+08  0.489E-06  0.840E+08  0.382E-05
  0.860E+08  0.262E-04  0.880E+08  0.888E-04  0.900E+08  0.186E-03
  0.920E+08  0.449E-03  0.940E+08  0.911E-03  0.960E+08  0.165E-02
  0.980E+08  0.266E-02  0.100E+09  0.407E-02
BR76 
         161
           0
           9
  0.818E+08  0.000E+00  0.860E+08  0.111E-15  0.880E+08  0.482E-13
  0.900E+08  0.121E-10  0.920E+08  0.515E-09  0.940E+08  0.879E-08
  0.960E+08  0.704E-07  0.980E+08  0.345E-06  0.100E+09  0.142E-05
BR75 
         162
           0
           4
  0.911E+08  0.000E+00  0.960E+08  0.106E-17  0.980E+08  0.136E-14
  0.100E+09  0.156E-12
SE83 
         174
           0
          53
  0.187E+08  0.000E+00  0.240E+08  0.126E-13  0.250E+08  0.373E-11
  0.260E+08  0.728E-10  0.270E+08  0.756E-09  0.280E+08  0.540E-08
  0.290E+08  0.276E-07  0.300E+08  0.115E-06  0.310E+08  0.368E-06
  0.320E+08  0.106E-05  0.330E+08  0.206E-05  0.340E+08  0.346E-05
  0.350E+08  0.593E-05  0.360E+08  0.901E-05  0.370E+08  0.131E-04
  0.380E+08  0.180E-04  0.390E+08  0.274E-04  0.400E+08  0.592E-04
  0.410E+08  0.144E-03  0.420E+08  0.311E-03  0.430E+08  0.549E-03
  0.440E+08  0.867E-03  0.450E+08  0.124E-02  0.460E+08  0.164E-02
  0.470E+08  0.205E-02  0.480E+08  0.248E-02  0.490E+08  0.323E-02
  0.500E+08  0.368E-02  0.520E+08  0.451E-02  0.540E+08  0.514E-02
  0.560E+08  0.548E-02  0.580E+08  0.561E-02  0.600E+08  0.560E-02
  0.620E+08  0.552E-02  0.640E+08  0.540E-02  0.660E+08  0.528E-02
  0.680E+08  0.483E-02  0.700E+08  0.457E-02  0.720E+08  0.448E-02
  0.740E+08  0.427E-02  0.760E+08  0.404E-02  0.780E+08  0.403E-02
  0.800E+08  0.395E-02  0.820E+08  0.394E-02  0.840E+08  0.401E-02
  0.860E+08  0.397E-02  0.880E+08  0.383E-02  0.900E+08  0.412E-02
  0.920E+08  0.441E-02  0.940E+08  0.440E-02  0.960E+08  0.436E-02
  0.980E+08  0.437E-02  0.100E+09  0.435E-02
SE82 
         175
           0
          83
  0.100E-04  0.000E+00  0.450E+07  0.113E-07  0.500E+07  0.858E-07
  0.550E+07  0.324E-06  0.600E+07  0.101E-05  0.650E+07  0.279E-05
  0.700E+07  0.709E-05  0.750E+07  0.165E-04  0.800E+07  0.353E-04
  0.850E+07  0.689E-04  0.900E+07  0.123E-03  0.950E+07  0.204E-03
  0.100E+08  0.304E-03  0.105E+08  0.440E-03  0.110E+08  0.612E-03
  0.115E+08  0.819E-03  0.120E+08  0.106E-02  0.125E+08  0.133E-02
  0.130E+08  0.163E-02  0.135E+08  0.198E-02  0.140E+08  0.235E-02
  0.145E+08  0.274E-02  0.150E+08  0.317E-02  0.160E+08  0.406E-02
  0.170E+08  0.499E-02  0.180E+08  0.591E-02  0.190E+08  0.648E-02
  0.200E+08  0.672E-02  0.210E+08  0.671E-02  0.220E+08  0.655E-02
  0.230E+08  0.651E-02  0.240E+08  0.620E-02  0.250E+08  0.586E-02
  0.260E+08  0.556E-02  0.270E+08  0.519E-02  0.280E+08  0.483E-02
  0.290E+08  0.447E-02  0.300E+08  0.412E-02  0.310E+08  0.380E-02
  0.320E+08  0.329E-02  0.330E+08  0.303E-02  0.340E+08  0.279E-02
  0.350E+08  0.269E-02  0.360E+08  0.247E-02  0.370E+08  0.227E-02
  0.380E+08  0.208E-02  0.390E+08  0.191E-02  0.400E+08  0.175E-02
  0.410E+08  0.167E-02  0.420E+08  0.154E-02  0.430E+08  0.144E-02
  0.440E+08  0.134E-02  0.450E+08  0.126E-02  0.460E+08  0.120E-02
  0.470E+08  0.115E-02  0.480E+08  0.110E-02  0.490E+08  0.113E-02
  0.500E+08  0.109E-02  0.520E+08  0.109E-02  0.540E+08  0.127E-02
  0.560E+08  0.173E-02  0.580E+08  0.242E-02  0.600E+08  0.322E-02
  0.620E+08  0.415E-02  0.640E+08  0.504E-02  0.660E+08  0.597E-02
  0.680E+08  0.708E-02  0.700E+08  0.786E-02  0.720E+08  0.849E-02
  0.740E+08  0.886E-02  0.760E+08  0.910E-02  0.780E+08  0.912E-02
  0.800E+08  0.907E-02  0.820E+08  0.895E-02  0.840E+08  0.881E-02
  0.860E+08  0.862E-02  0.880E+08  0.842E-02  0.900E+08  0.802E-02
  0.920E+08  0.806E-02  0.940E+08  0.810E-02  0.960E+08  0.795E-02
  0.980E+08  0.774E-02  0.100E+09  0.761E-02
SE81 
         176
           0
          64
  0.760E+07  0.000E+00  0.140E+08  0.313E-07  0.145E+08  0.483E-06
  0.150E+08  0.287E-05  0.160E+08  0.300E-04  0.170E+08  0.145E-03
  0.180E+08  0.421E-03  0.190E+08  0.108E-02  0.200E+08  0.213E-02
  0.210E+08  0.349E-02  0.220E+08  0.504E-02  0.230E+08  0.649E-02
  0.240E+08  0.805E-02  0.250E+08  0.969E-02  0.260E+08  0.109E-01
  0.270E+08  0.118E-01  0.280E+08  0.121E-01  0.290E+08  0.119E-01
  0.300E+08  0.114E-01  0.310E+08  0.108E-01  0.320E+08  0.994E-02
  0.330E+08  0.926E-02  0.340E+08  0.871E-02  0.350E+08  0.815E-02
  0.360E+08  0.751E-02  0.370E+08  0.691E-02  0.380E+08  0.635E-02
  0.390E+08  0.582E-02  0.400E+08  0.534E-02  0.410E+08  0.502E-02
  0.420E+08  0.460E-02  0.430E+08  0.418E-02  0.440E+08  0.383E-02
  0.450E+08  0.350E-02  0.460E+08  0.320E-02  0.470E+08  0.291E-02
  0.480E+08  0.266E-02  0.490E+08  0.241E-02  0.500E+08  0.221E-02
  0.520E+08  0.189E-02  0.540E+08  0.168E-02  0.560E+08  0.155E-02
  0.580E+08  0.148E-02  0.600E+08  0.146E-02  0.620E+08  0.143E-02
  0.640E+08  0.153E-02  0.660E+08  0.151E-02  0.680E+08  0.148E-02
  0.700E+08  0.154E-02  0.720E+08  0.173E-02  0.740E+08  0.224E-02
  0.760E+08  0.283E-02  0.780E+08  0.357E-02  0.800E+08  0.435E-02
  0.820E+08  0.519E-02  0.840E+08  0.618E-02  0.860E+08  0.673E-02
  0.880E+08  0.732E-02  0.900E+08  0.758E-02  0.920E+08  0.746E-02
  0.940E+08  0.769E-02  0.960E+08  0.778E-02  0.980E+08  0.781E-02
  0.100E+09  0.769E-02
SE80 
         177
           0
          56
  0.144E+08  0.000E+00  0.210E+08  0.334E-07  0.220E+08  0.163E-05
  0.230E+08  0.120E-04  0.240E+08  0.720E-04  0.250E+08  0.307E-03
  0.260E+08  0.895E-03  0.270E+08  0.210E-02  0.280E+08  0.382E-02
  0.290E+08  0.597E-02  0.300E+08  0.838E-02  0.310E+08  0.109E-01
  0.320E+08  0.136E-01  0.330E+08  0.161E-01  0.340E+08  0.181E-01
  0.350E+08  0.209E-01  0.360E+08  0.232E-01  0.370E+08  0.252E-01
  0.380E+08  0.268E-01  0.390E+08  0.277E-01  0.400E+08  0.280E-01
  0.410E+08  0.277E-01  0.420E+08  0.273E-01  0.430E+08  0.261E-01
  0.440E+08  0.249E-01  0.450E+08  0.234E-01  0.460E+08  0.218E-01
  0.470E+08  0.202E-01  0.480E+08  0.187E-01  0.490E+08  0.176E-01
  0.500E+08  0.162E-01  0.520E+08  0.137E-01  0.540E+08  0.115E-01
  0.560E+08  0.983E-02  0.580E+08  0.835E-02  0.600E+08  0.715E-02
  0.620E+08  0.621E-02  0.640E+08  0.573E-02  0.660E+08  0.525E-02
  0.680E+08  0.487E-02  0.700E+08  0.436E-02  0.720E+08  0.451E-02
  0.740E+08  0.446E-02  0.760E+08  0.467E-02  0.780E+08  0.486E-02
  0.800E+08  0.502E-02  0.820E+08  0.541E-02  0.840E+08  0.557E-02
  0.860E+08  0.574E-02  0.880E+08  0.614E-02  0.900E+08  0.675E-02
  0.920E+08  0.718E-02  0.940E+08  0.782E-02  0.960E+08  0.856E-02
  0.980E+08  0.943E-02  0.100E+09  0.102E-01
SE79 
         178
           0
          46
  0.244E+08  0.000E+00  0.310E+08  0.251E-10  0.320E+08  0.338E-07
  0.330E+08  0.379E-06  0.340E+08  0.477E-05  0.350E+08  0.354E-04
  0.360E+08  0.151E-03  0.370E+08  0.480E-03  0.380E+08  0.119E-02
  0.390E+08  0.241E-02  0.400E+08  0.419E-02  0.410E+08  0.609E-02
  0.420E+08  0.870E-02  0.430E+08  0.111E-01  0.440E+08  0.143E-01
  0.450E+08  0.173E-01  0.460E+08  0.200E-01  0.470E+08  0.223E-01
  0.480E+08  0.240E-01  0.490E+08  0.251E-01  0.500E+08  0.257E-01
  0.520E+08  0.254E-01  0.540E+08  0.237E-01  0.560E+08  0.220E-01
  0.580E+08  0.203E-01  0.600E+08  0.177E-01  0.620E+08  0.155E-01
  0.640E+08  0.138E-01  0.660E+08  0.119E-01  0.680E+08  0.101E-01
  0.700E+08  0.842E-02  0.720E+08  0.744E-02  0.740E+08  0.661E-02
  0.760E+08  0.555E-02  0.780E+08  0.541E-02  0.800E+08  0.550E-02
  0.820E+08  0.528E-02  0.840E+08  0.604E-02  0.860E+08  0.641E-02
  0.880E+08  0.710E-02  0.900E+08  0.734E-02  0.920E+08  0.753E-02
  0.940E+08  0.775E-02  0.960E+08  0.794E-02  0.980E+08  0.857E-02
  0.100E+09  0.834E-02
SE78 
         179
           0
          38
  0.315E+08  0.000E+00  0.390E+08  0.772E-09  0.400E+08  0.368E-07
  0.410E+08  0.453E-06  0.420E+08  0.655E-05  0.430E+08  0.250E-04
  0.440E+08  0.100E-03  0.450E+08  0.303E-03  0.460E+08  0.745E-03
  0.470E+08  0.154E-02  0.480E+08  0.277E-02  0.490E+08  0.436E-02
  0.500E+08  0.645E-02  0.520E+08  0.117E-01  0.540E+08  0.176E-01
  0.560E+08  0.211E-01  0.580E+08  0.269E-01  0.600E+08  0.319E-01
  0.620E+08  0.360E-01  0.640E+08  0.378E-01  0.660E+08  0.385E-01
  0.680E+08  0.396E-01  0.700E+08  0.394E-01  0.720E+08  0.384E-01
  0.740E+08  0.360E-01  0.760E+08  0.329E-01  0.780E+08  0.303E-01
  0.800E+08  0.266E-01  0.820E+08  0.228E-01  0.840E+08  0.216E-01
  0.860E+08  0.198E-01  0.880E+08  0.194E-01  0.900E+08  0.189E-01
  0.920E+08  0.186E-01  0.940E+08  0.190E-01  0.960E+08  0.194E-01
  0.980E+08  0.202E-01  0.100E+09  0.202E-01
SE77 
         180
           0
          28
  0.421E+08  0.000E+00  0.490E+08  0.337E-11  0.500E+08  0.302E-09
  0.520E+08  0.675E-07  0.540E+08  0.172E-05  0.560E+08  0.106E-04
  0.580E+08  0.495E-04  0.600E+08  0.273E-03  0.620E+08  0.937E-03
  0.640E+08  0.199E-02  0.660E+08  0.358E-02  0.680E+08  0.616E-02
  0.700E+08  0.874E-02  0.720E+08  0.113E-01  0.740E+08  0.139E-01
  0.760E+08  0.165E-01  0.780E+08  0.191E-01  0.800E+08  0.216E-01
  0.820E+08  0.242E-01  0.840E+08  0.268E-01  0.860E+08  0.256E-01
  0.880E+08  0.245E-01  0.900E+08  0.230E-01  0.920E+08  0.235E-01
  0.940E+08  0.219E-01  0.960E+08  0.206E-01  0.980E+08  0.198E-01
  0.100E+09  0.190E-01
SE76 
         181
           0
          23
  0.496E+08  0.000E+00  0.580E+08  0.425E-14  0.600E+08  0.881E-10
  0.620E+08  0.165E-07  0.640E+08  0.404E-06  0.660E+08  0.345E-05
  0.680E+08  0.350E-04  0.700E+08  0.227E-03  0.720E+08  0.726E-03
  0.740E+08  0.173E-02  0.760E+08  0.456E-02  0.780E+08  0.779E-02
  0.800E+08  0.139E-01  0.820E+08  0.201E-01  0.840E+08  0.250E-01
  0.860E+08  0.306E-01  0.880E+08  0.357E-01  0.900E+08  0.382E-01
  0.920E+08  0.398E-01  0.940E+08  0.414E-01  0.960E+08  0.427E-01
  0.980E+08  0.426E-01  0.100E+09  0.423E-01
SE75 
         182
           0
          17
  0.609E+08  0.000E+00  0.700E+08  0.174E-16  0.720E+08  0.232E-12
  0.740E+08  0.639E-10  0.760E+08  0.151E-07  0.780E+08  0.165E-06
  0.800E+08  0.382E-05  0.820E+08  0.195E-04  0.840E+08  0.687E-04
  0.860E+08  0.337E-03  0.880E+08  0.744E-03  0.900E+08  0.124E-02
  0.920E+08  0.209E-02  0.940E+08  0.321E-02  0.960E+08  0.425E-02
  0.980E+08  0.510E-02  0.100E+09  0.642E-02
SE74 
         183
           0
          13
  0.690E+08  0.000E+00  0.780E+08  0.210E-16  0.800E+08  0.174E-11
  0.820E+08  0.184E-09  0.840E+08  0.521E-08  0.860E+08  0.179E-06
  0.880E+08  0.156E-05  0.900E+08  0.580E-05  0.920E+08  0.208E-04
  0.940E+08  0.556E-04  0.960E+08  0.834E-04  0.980E+08  0.137E-03
  0.100E+09  0.251E-03
SE73 
         184
           0
           8
  0.812E+08  0.000E+00  0.880E+08  0.131E-20  0.900E+08  0.122E-16
  0.920E+08  0.157E-14  0.940E+08  0.141E-12  0.960E+08  0.107E-11
  0.980E+08  0.103E-10  0.100E+09  0.104E-09
SE72 
         185
           0
           2
  0.897E+08  0.000E+00  0.100E+09  0.203E-20
AS83 
         219
           0
          43
  0.257E+08  0.000E+00  0.340E+08  0.781E-17  0.350E+08  0.490E-15
  0.360E+08  0.439E-14  0.370E+08  0.431E-13  0.380E+08  0.270E-12
  0.390E+08  0.123E-11  0.400E+08  0.442E-11  0.410E+08  0.102E-10
  0.420E+08  0.273E-10  0.430E+08  0.713E-10  0.440E+08  0.155E-09
  0.450E+08  0.311E-09  0.460E+08  0.573E-09  0.470E+08  0.990E-09
  0.480E+08  0.161E-08  0.490E+08  0.294E-08  0.500E+08  0.420E-08
  0.520E+08  0.738E-08  0.540E+08  0.910E-08  0.560E+08  0.132E-07
  0.580E+08  0.156E-07  0.600E+08  0.232E-07  0.620E+08  0.394E-07
  0.640E+08  0.713E-07  0.660E+08  0.104E-06  0.680E+08  0.169E-06
  0.700E+08  0.245E-06  0.720E+08  0.325E-06  0.740E+08  0.474E-06
  0.760E+08  0.492E-06  0.780E+08  0.534E-06  0.800E+08  0.557E-06
  0.820E+08  0.609E-06  0.840E+08  0.544E-06  0.860E+08  0.537E-06
  0.880E+08  0.528E-06  0.900E+08  0.555E-06  0.920E+08  0.489E-06
  0.940E+08  0.477E-06  0.960E+08  0.381E-06  0.980E+08  0.372E-06
  0.100E+09  0.350E-06
AS82 
         220
           0
          37
  0.314E+08  0.000E+00  0.400E+08  0.219E-17  0.410E+08  0.236E-15
  0.420E+08  0.104E-13  0.430E+08  0.107E-12  0.440E+08  0.747E-12
  0.450E+08  0.440E-11  0.460E+08  0.182E-10  0.470E+08  0.535E-10
  0.480E+08  0.166E-09  0.490E+08  0.544E-09  0.500E+08  0.129E-08
  0.520E+08  0.505E-08  0.540E+08  0.159E-07  0.560E+08  0.369E-07
  0.580E+08  0.569E-07  0.600E+08  0.957E-07  0.620E+08  0.132E-06
  0.640E+08  0.160E-06  0.660E+08  0.187E-06  0.680E+08  0.203E-06
  0.700E+08  0.236E-06  0.720E+08  0.301E-06  0.740E+08  0.432E-06
  0.760E+08  0.612E-06  0.780E+08  0.901E-06  0.800E+08  0.130E-05
  0.820E+08  0.187E-05  0.840E+08  0.235E-05  0.860E+08  0.299E-05
  0.880E+08  0.344E-05  0.900E+08  0.403E-05  0.920E+08  0.404E-05
  0.940E+08  0.414E-05  0.960E+08  0.391E-05  0.980E+08  0.397E-05
  0.100E+09  0.388E-05
AS81 
         221
           0
          57
  0.107E+08  0.000E+00  0.200E+08  0.650E-12  0.210E+08  0.173E-10
  0.220E+08  0.182E-09  0.230E+08  0.915E-09  0.240E+08  0.422E-08
  0.250E+08  0.153E-07  0.260E+08  0.484E-07  0.270E+08  0.127E-06
  0.280E+08  0.229E-06  0.290E+08  0.451E-06  0.300E+08  0.818E-06
  0.310E+08  0.138E-05  0.320E+08  0.228E-05  0.330E+08  0.340E-05
  0.340E+08  0.476E-05  0.350E+08  0.666E-05  0.360E+08  0.820E-05
  0.370E+08  0.799E-05  0.380E+08  0.869E-05  0.390E+08  0.909E-05
  0.400E+08  0.923E-05  0.410E+08  0.919E-05  0.420E+08  0.979E-05
  0.430E+08  0.991E-05  0.440E+08  0.959E-05  0.450E+08  0.975E-05
  0.460E+08  0.890E-05  0.470E+08  0.851E-05  0.480E+08  0.814E-05
  0.490E+08  0.826E-05  0.500E+08  0.709E-05  0.520E+08  0.653E-05
  0.540E+08  0.604E-05  0.560E+08  0.577E-05  0.580E+08  0.632E-05
  0.600E+08  0.576E-05  0.620E+08  0.547E-05  0.640E+08  0.539E-05
  0.660E+08  0.572E-05  0.680E+08  0.533E-05  0.700E+08  0.559E-05
  0.720E+08  0.601E-05  0.740E+08  0.647E-05  0.760E+08  0.678E-05
  0.780E+08  0.702E-05  0.800E+08  0.630E-05  0.820E+08  0.666E-05
  0.840E+08  0.681E-05  0.860E+08  0.728E-05  0.880E+08  0.795E-05
  0.900E+08  0.101E-04  0.920E+08  0.116E-04  0.940E+08  0.129E-04
  0.960E+08  0.152E-04  0.980E+08  0.180E-04  0.100E+09  0.209E-04
AS80 
         222
           0
          51
  0.170E+08  0.000E+00  0.260E+08  0.499E-14  0.270E+08  0.593E-12
  0.280E+08  0.125E-10  0.290E+08  0.101E-09  0.300E+08  0.942E-09
  0.310E+08  0.683E-08  0.320E+08  0.430E-07  0.330E+08  0.176E-06
  0.340E+08  0.571E-06  0.350E+08  0.163E-05  0.360E+08  0.352E-05
  0.370E+08  0.681E-05  0.380E+08  0.116E-04  0.390E+08  0.182E-04
  0.400E+08  0.267E-04  0.410E+08  0.355E-04  0.420E+08  0.462E-04
  0.430E+08  0.612E-04  0.440E+08  0.752E-04  0.450E+08  0.882E-04
  0.460E+08  0.964E-04  0.470E+08  0.105E-03  0.480E+08  0.111E-03
  0.490E+08  0.111E-03  0.500E+08  0.105E-03  0.520E+08  0.103E-03
  0.540E+08  0.982E-04  0.560E+08  0.929E-04  0.580E+08  0.938E-04
  0.600E+08  0.867E-04  0.620E+08  0.817E-04  0.640E+08  0.887E-04
  0.660E+08  0.871E-04  0.680E+08  0.769E-04  0.700E+08  0.724E-04
  0.720E+08  0.675E-04  0.740E+08  0.652E-04  0.760E+08  0.620E-04
  0.780E+08  0.607E-04  0.800E+08  0.568E-04  0.820E+08  0.661E-04
  0.840E+08  0.659E-04  0.860E+08  0.572E-04  0.880E+08  0.581E-04
  0.900E+08  0.565E-04  0.920E+08  0.582E-04  0.940E+08  0.554E-04
  0.960E+08  0.548E-04  0.980E+08  0.538E-04  0.100E+09  0.537E-04
AS79 
         223
           0
          44
  0.237E+08  0.000E+00  0.330E+08  0.226E-12  0.340E+08  0.142E-10
  0.350E+08  0.266E-09  0.360E+08  0.314E-08  0.370E+08  0.182E-07
  0.380E+08  0.773E-07  0.390E+08  0.270E-06  0.400E+08  0.801E-06
  0.410E+08  0.183E-05  0.420E+08  0.345E-05  0.430E+08  0.780E-05
  0.440E+08  0.155E-04  0.450E+08  0.272E-04  0.460E+08  0.450E-04
  0.470E+08  0.695E-04  0.480E+08  0.102E-03  0.490E+08  0.162E-03
  0.500E+08  0.206E-03  0.520E+08  0.324E-03  0.540E+08  0.455E-03
  0.560E+08  0.604E-03  0.580E+08  0.699E-03  0.600E+08  0.782E-03
  0.620E+08  0.836E-03  0.640E+08  0.886E-03  0.660E+08  0.917E-03
  0.680E+08  0.883E-03  0.700E+08  0.869E-03  0.720E+08  0.836E-03
  0.740E+08  0.828E-03  0.760E+08  0.715E-03  0.780E+08  0.698E-03
  0.800E+08  0.657E-03  0.820E+08  0.636E-03  0.840E+08  0.620E-03
  0.860E+08  0.564E-03  0.880E+08  0.558E-03  0.900E+08  0.602E-03
  0.920E+08  0.604E-03  0.940E+08  0.586E-03  0.960E+08  0.580E-03
  0.980E+08  0.626E-03  0.100E+09  0.624E-03
AS78 
         224
           0
          35
  0.327E+08  0.000E+00  0.420E+08  0.561E-14  0.430E+08  0.132E-11
  0.440E+08  0.408E-10  0.450E+08  0.626E-09  0.460E+08  0.562E-08
  0.470E+08  0.274E-07  0.480E+08  0.132E-06  0.490E+08  0.704E-06
  0.500E+08  0.205E-05  0.520E+08  0.114E-04  0.540E+08  0.415E-04
  0.560E+08  0.937E-04  0.580E+08  0.193E-03  0.600E+08  0.369E-03
  0.620E+08  0.609E-03  0.640E+08  0.830E-03  0.660E+08  0.112E-02
  0.680E+08  0.145E-02  0.700E+08  0.176E-02  0.720E+08  0.198E-02
  0.740E+08  0.216E-02  0.760E+08  0.218E-02  0.780E+08  0.220E-02
  0.800E+08  0.216E-02  0.820E+08  0.211E-02  0.840E+08  0.205E-02
  0.860E+08  0.177E-02  0.880E+08  0.176E-02  0.900E+08  0.166E-02
  0.920E+08  0.169E-02  0.940E+08  0.184E-02  0.960E+08  0.185E-02
  0.980E+08  0.190E-02  0.100E+09  0.193E-02
AS77 
         225
           0
          28
  0.397E+08  0.000E+00  0.490E+08  0.142E-13  0.500E+08  0.205E-12
  0.520E+08  0.206E-09  0.540E+08  0.128E-07  0.560E+08  0.164E-06
  0.580E+08  0.193E-05  0.600E+08  0.103E-04  0.620E+08  0.375E-04
  0.640E+08  0.696E-04  0.660E+08  0.155E-03  0.680E+08  0.349E-03
  0.700E+08  0.673E-03  0.720E+08  0.113E-02  0.740E+08  0.172E-02
  0.760E+08  0.263E-02  0.780E+08  0.345E-02  0.800E+08  0.435E-02
  0.820E+08  0.513E-02  0.840E+08  0.579E-02  0.860E+08  0.632E-02
  0.880E+08  0.633E-02  0.900E+08  0.632E-02  0.920E+08  0.641E-02
  0.940E+08  0.619E-02  0.960E+08  0.610E-02  0.980E+08  0.602E-02
  0.100E+09  0.594E-02
AS76 
         226
           0
          22
  0.495E+08  0.000E+00  0.600E+08  0.814E-13  0.620E+08  0.447E-10
  0.640E+08  0.124E-08  0.660E+08  0.192E-07  0.680E+08  0.186E-06
  0.700E+08  0.178E-05  0.720E+08  0.967E-05  0.740E+08  0.332E-04
  0.760E+08  0.926E-04  0.780E+08  0.226E-03  0.800E+08  0.477E-03
  0.820E+08  0.878E-03  0.840E+08  0.143E-02  0.860E+08  0.252E-02
  0.880E+08  0.391E-02  0.900E+08  0.498E-02  0.920E+08  0.630E-02
  0.940E+08  0.739E-02  0.960E+08  0.834E-02  0.980E+08  0.884E-02
  0.100E+09  0.943E-02
AS75 
         227
           0
          18
  0.570E+08  0.000E+00  0.680E+08  0.590E-17  0.700E+08  0.101E-12
  0.720E+08  0.102E-09  0.740E+08  0.360E-08  0.760E+08  0.115E-06
  0.780E+08  0.106E-05  0.800E+08  0.582E-05  0.820E+08  0.228E-04
  0.840E+08  0.696E-04  0.860E+08  0.237E-03  0.880E+08  0.656E-03
  0.900E+08  0.978E-03  0.920E+08  0.144E-02  0.940E+08  0.240E-02
  0.960E+08  0.358E-02  0.980E+08  0.466E-02  0.100E+09  0.620E-02
AS74 
         228
           0
          13
  0.673E+08  0.000E+00  0.780E+08  0.558E-19  0.800E+08  0.158E-14
  0.820E+08  0.735E-12  0.840E+08  0.453E-10  0.860E+08  0.671E-08
  0.880E+08  0.161E-06  0.900E+08  0.989E-06  0.920E+08  0.320E-05
  0.940E+08  0.131E-04  0.960E+08  0.376E-04  0.980E+08  0.818E-04
  0.100E+09  0.179E-03
AS73 
         229
           0
           9
  0.754E+08  0.000E+00  0.860E+08  0.250E-19  0.880E+08  0.773E-15
  0.900E+08  0.163E-12  0.920E+08  0.558E-11  0.940E+08  0.202E-09
  0.960E+08  0.291E-08  0.980E+08  0.206E-07  0.100E+09  0.131E-06
AS72 
         230
           0
           3
  0.863E+08  0.000E+00  0.980E+08  0.139E-20  0.100E+09  0.142E-17
GE82 
         254
           0
          28
  0.376E+08  0.000E+00  0.490E+08  0.299E-23  0.500E+08  0.289E-21
  0.520E+08  0.112E-18  0.540E+08  0.123E-16  0.560E+08  0.218E-15
  0.580E+08  0.998E-15  0.600E+08  0.776E-14  0.620E+08  0.272E-13
  0.640E+08  0.117E-12  0.660E+08  0.380E-12  0.680E+08  0.982E-12
  0.700E+08  0.221E-11  0.720E+08  0.346E-11  0.740E+08  0.546E-11
  0.760E+08  0.682E-11  0.780E+08  0.963E-11  0.800E+08  0.118E-10
  0.820E+08  0.139E-10  0.840E+08  0.131E-10  0.860E+08  0.147E-10
  0.880E+08  0.152E-10  0.900E+08  0.162E-10  0.920E+08  0.223E-10
  0.940E+08  0.247E-10  0.960E+08  0.334E-10  0.980E+08  0.452E-10
  0.100E+09  0.612E-10
GE81 
         255
           0
          25
  0.426E+08  0.000E+00  0.540E+08  0.321E-22  0.560E+08  0.523E-19
  0.580E+08  0.265E-17  0.600E+08  0.138E-15  0.620E+08  0.175E-14
  0.640E+08  0.214E-13  0.660E+08  0.136E-12  0.680E+08  0.855E-12
  0.700E+08  0.322E-11  0.720E+08  0.945E-11  0.740E+08  0.208E-10
  0.760E+08  0.423E-10  0.780E+08  0.771E-10  0.800E+08  0.156E-09
  0.820E+08  0.219E-09  0.840E+08  0.295E-09  0.860E+08  0.371E-09
  0.880E+08  0.434E-09  0.900E+08  0.466E-09  0.920E+08  0.547E-09
  0.940E+08  0.576E-09  0.960E+08  0.579E-09  0.980E+08  0.557E-09
  0.100E+09  0.562E-09
GE80 
         256
           0
          44
  0.213E+08  0.000E+00  0.330E+08  0.149E-18  0.340E+08  0.130E-16
  0.350E+08  0.292E-15  0.360E+08  0.258E-14  0.370E+08  0.256E-13
  0.380E+08  0.145E-12  0.390E+08  0.648E-12  0.400E+08  0.238E-11
  0.410E+08  0.610E-11  0.420E+08  0.157E-10  0.430E+08  0.422E-10
  0.440E+08  0.100E-09  0.450E+08  0.217E-09  0.460E+08  0.429E-09
  0.470E+08  0.814E-09  0.480E+08  0.145E-08  0.490E+08  0.274E-08
  0.500E+08  0.393E-08  0.520E+08  0.735E-08  0.540E+08  0.125E-07
  0.560E+08  0.170E-07  0.580E+08  0.200E-07  0.600E+08  0.230E-07
  0.620E+08  0.272E-07  0.640E+08  0.376E-07  0.660E+08  0.500E-07
  0.680E+08  0.689E-07  0.700E+08  0.100E-06  0.720E+08  0.127E-06
  0.740E+08  0.178E-06  0.760E+08  0.216E-06  0.780E+08  0.243E-06
  0.800E+08  0.233E-06  0.820E+08  0.258E-06  0.840E+08  0.203E-06
  0.860E+08  0.202E-06  0.880E+08  0.203E-06  0.900E+08  0.191E-06
  0.920E+08  0.191E-06  0.940E+08  0.189E-06  0.960E+08  0.236E-06
  0.980E+08  0.210E-06  0.100E+09  0.221E-06
GE79 
         257
           0
          38
  0.270E+08  0.000E+00  0.390E+08  0.546E-18  0.400E+08  0.323E-16
  0.410E+08  0.476E-15  0.420E+08  0.799E-14  0.430E+08  0.712E-13
  0.440E+08  0.457E-12  0.450E+08  0.255E-11  0.460E+08  0.116E-10
  0.470E+08  0.422E-10  0.480E+08  0.143E-09  0.490E+08  0.760E-09
  0.500E+08  0.181E-08  0.520E+08  0.788E-08  0.540E+08  0.207E-07
  0.560E+08  0.536E-07  0.580E+08  0.887E-07  0.600E+08  0.154E-06
  0.620E+08  0.218E-06  0.640E+08  0.300E-06  0.660E+08  0.384E-06
  0.680E+08  0.435E-06  0.700E+08  0.551E-06  0.720E+08  0.582E-06
  0.740E+08  0.653E-06  0.760E+08  0.871E-06  0.780E+08  0.102E-05
  0.800E+08  0.114E-05  0.820E+08  0.150E-05  0.840E+08  0.194E-05
  0.860E+08  0.234E-05  0.880E+08  0.268E-05  0.900E+08  0.293E-05
  0.920E+08  0.276E-05  0.940E+08  0.287E-05  0.960E+08  0.284E-05
  0.980E+08  0.268E-05  0.100E+09  0.282E-05
GE78 
         258
           0
          58
  0.647E+07  0.000E+00  0.190E+08  0.287E-14  0.200E+08  0.113E-12
  0.210E+08  0.150E-11  0.220E+08  0.121E-10  0.230E+08  0.504E-10
  0.240E+08  0.222E-09  0.250E+08  0.830E-09  0.260E+08  0.289E-08
  0.270E+08  0.800E-08  0.280E+08  0.156E-07  0.290E+08  0.342E-07
  0.300E+08  0.694E-07  0.310E+08  0.132E-06  0.320E+08  0.254E-06
  0.330E+08  0.424E-06  0.340E+08  0.663E-06  0.350E+08  0.110E-05
  0.360E+08  0.126E-05  0.370E+08  0.156E-05  0.380E+08  0.179E-05
  0.390E+08  0.195E-05  0.400E+08  0.203E-05  0.410E+08  0.202E-05
  0.420E+08  0.199E-05  0.430E+08  0.207E-05  0.440E+08  0.202E-05
  0.450E+08  0.187E-05  0.460E+08  0.175E-05  0.470E+08  0.164E-05
  0.480E+08  0.153E-05  0.490E+08  0.169E-05  0.500E+08  0.157E-05
  0.520E+08  0.135E-05  0.540E+08  0.848E-06  0.560E+08  0.794E-06
  0.580E+08  0.653E-06  0.600E+08  0.641E-06  0.620E+08  0.713E-06
  0.640E+08  0.910E-06  0.660E+08  0.134E-05  0.680E+08  0.211E-05
  0.700E+08  0.304E-05  0.720E+08  0.444E-05  0.740E+08  0.616E-05
  0.760E+08  0.766E-05  0.780E+08  0.910E-05  0.800E+08  0.103E-04
  0.820E+08  0.129E-04  0.840E+08  0.133E-04  0.860E+08  0.137E-04
  0.880E+08  0.138E-04  0.900E+08  0.146E-04  0.920E+08  0.165E-04
  0.940E+08  0.172E-04  0.960E+08  0.163E-04  0.980E+08  0.180E-04
  0.100E+09  0.208E-04
GE77 
         259
           0
          49
  0.153E+08  0.000E+00  0.280E+08  0.175E-13  0.290E+08  0.148E-11
  0.300E+08  0.277E-10  0.310E+08  0.285E-09  0.320E+08  0.272E-08
  0.330E+08  0.134E-07  0.340E+08  0.511E-07  0.350E+08  0.149E-06
  0.360E+08  0.417E-06  0.370E+08  0.912E-06  0.380E+08  0.174E-05
  0.390E+08  0.300E-05  0.400E+08  0.473E-05  0.410E+08  0.633E-05
  0.420E+08  0.886E-05  0.430E+08  0.122E-04  0.440E+08  0.152E-04
  0.450E+08  0.168E-04  0.460E+08  0.196E-04  0.470E+08  0.214E-04
  0.480E+08  0.225E-04  0.490E+08  0.227E-04  0.500E+08  0.228E-04
  0.520E+08  0.217E-04  0.540E+08  0.173E-04  0.560E+08  0.191E-04
  0.580E+08  0.153E-04  0.600E+08  0.131E-04  0.620E+08  0.111E-04
  0.640E+08  0.950E-05  0.660E+08  0.781E-05  0.680E+08  0.646E-05
  0.700E+08  0.579E-05  0.720E+08  0.580E-05  0.740E+08  0.686E-05
  0.760E+08  0.101E-04  0.780E+08  0.124E-04  0.800E+08  0.180E-04
  0.820E+08  0.232E-04  0.840E+08  0.292E-04  0.860E+08  0.359E-04
  0.880E+08  0.408E-04  0.900E+08  0.460E-04  0.920E+08  0.502E-04
  0.940E+08  0.515E-04  0.960E+08  0.479E-04  0.980E+08  0.486E-04
  0.100E+09  0.546E-04
GE76 
         260
           0
          43
  0.214E+08  0.000E+00  0.340E+08  0.220E-14  0.350E+08  0.258E-12
  0.360E+08  0.118E-10  0.370E+08  0.156E-09  0.380E+08  0.135E-08
  0.390E+08  0.849E-08  0.400E+08  0.409E-07  0.410E+08  0.120E-06
  0.420E+08  0.393E-06  0.430E+08  0.133E-05  0.440E+08  0.303E-05
  0.450E+08  0.515E-05  0.460E+08  0.839E-05  0.470E+08  0.139E-04
  0.480E+08  0.212E-04  0.490E+08  0.287E-04  0.500E+08  0.395E-04
  0.520E+08  0.673E-04  0.540E+08  0.103E-03  0.560E+08  0.144E-03
  0.580E+08  0.176E-03  0.600E+08  0.205E-03  0.620E+08  0.221E-03
  0.640E+08  0.227E-03  0.660E+08  0.221E-03  0.680E+08  0.208E-03
  0.700E+08  0.194E-03  0.720E+08  0.152E-03  0.740E+08  0.140E-03
  0.760E+08  0.124E-03  0.780E+08  0.996E-04  0.800E+08  0.902E-04
  0.820E+08  0.972E-04  0.840E+08  0.923E-04  0.860E+08  0.981E-04
  0.880E+08  0.114E-03  0.900E+08  0.135E-03  0.920E+08  0.160E-03
  0.940E+08  0.199E-03  0.960E+08  0.230E-03  0.980E+08  0.263E-03
  0.100E+09  0.299E-03
GE75 
         261
           0
          33
  0.310E+08  0.000E+00  0.440E+08  0.773E-15  0.450E+08  0.680E-13
  0.460E+08  0.126E-11  0.470E+08  0.216E-10  0.480E+08  0.232E-09
  0.490E+08  0.423E-08  0.500E+08  0.965E-08  0.520E+08  0.169E-06
  0.540E+08  0.176E-05  0.560E+08  0.643E-05  0.580E+08  0.216E-04
  0.600E+08  0.537E-04  0.620E+08  0.106E-03  0.640E+08  0.168E-03
  0.660E+08  0.237E-03  0.680E+08  0.337E-03  0.700E+08  0.423E-03
  0.720E+08  0.491E-03  0.740E+08  0.523E-03  0.760E+08  0.520E-03
  0.780E+08  0.488E-03  0.800E+08  0.462E-03  0.820E+08  0.425E-03
  0.840E+08  0.376E-03  0.860E+08  0.335E-03  0.880E+08  0.309E-03
  0.900E+08  0.285E-03  0.920E+08  0.260E-03  0.940E+08  0.262E-03
  0.960E+08  0.258E-03  0.980E+08  0.274E-03  0.100E+09  0.324E-03
GE74 
         262
           0
          26
  0.376E+08  0.000E+00  0.520E+08  0.510E-13  0.540E+08  0.174E-10
  0.560E+08  0.183E-09  0.580E+08  0.746E-08  0.600E+08  0.126E-06
  0.620E+08  0.111E-05  0.640E+08  0.475E-05  0.660E+08  0.157E-04
  0.680E+08  0.529E-04  0.700E+08  0.124E-03  0.720E+08  0.268E-03
  0.740E+08  0.430E-03  0.760E+08  0.612E-03  0.780E+08  0.854E-03
  0.800E+08  0.108E-02  0.820E+08  0.130E-02  0.840E+08  0.146E-02
  0.860E+08  0.162E-02  0.880E+08  0.171E-02  0.900E+08  0.176E-02
  0.920E+08  0.175E-02  0.940E+08  0.175E-02  0.960E+08  0.168E-02
  0.980E+08  0.165E-02  0.100E+09  0.178E-02
GE73 
         263
           0
          20
  0.479E+08  0.000E+00  0.640E+08  0.128E-14  0.660E+08  0.666E-13
  0.680E+08  0.243E-10  0.700E+08  0.164E-08  0.720E+08  0.554E-07
  0.740E+08  0.481E-06  0.760E+08  0.296E-05  0.780E+08  0.270E-04
  0.800E+08  0.716E-04  0.820E+08  0.153E-03  0.840E+08  0.287E-03
  0.860E+08  0.520E-03  0.880E+08  0.778E-03  0.900E+08  0.102E-02
  0.920E+08  0.133E-02  0.940E+08  0.161E-02  0.960E+08  0.191E-02
  0.980E+08  0.219E-02  0.100E+09  0.225E-02
GE72 
         264
           0
          17
  0.547E+08  0.000E+00  0.700E+08  0.400E-17  0.720E+08  0.325E-13
  0.740E+08  0.518E-11  0.760E+08  0.510E-09  0.780E+08  0.400E-07
  0.800E+08  0.429E-06  0.820E+08  0.154E-05  0.840E+08  0.476E-05
  0.860E+08  0.205E-04  0.880E+08  0.597E-04  0.900E+08  0.119E-03
  0.920E+08  0.243E-03  0.940E+08  0.427E-03  0.960E+08  0.706E-03
  0.980E+08  0.956E-03  0.100E+09  0.118E-02
GE71 
         265
           0
          12
  0.656E+08  0.000E+00  0.800E+08  0.131E-17  0.820E+08  0.324E-15
  0.840E+08  0.787E-13  0.860E+08  0.930E-11  0.880E+08  0.350E-09
  0.900E+08  0.352E-08  0.920E+08  0.341E-07  0.940E+08  0.212E-06
  0.960E+08  0.857E-06  0.980E+08  0.194E-05  0.100E+09  0.300E-05
GE70 
         266
           0
           9
  0.731E+08  0.000E+00  0.860E+08  0.119E-24  0.880E+08  0.663E-19
  0.900E+08  0.377E-16  0.920E+08  0.644E-14  0.940E+08  0.397E-12
  0.960E+08  0.784E-11  0.980E+08  0.474E-10  0.100E+09  0.393E-09
GE69 
         267
           0
           2
  0.848E+08  0.000E+00  0.100E+09  0.584E-26
GA81 
         275
           0
          18
  0.525E+08  0.000E+00  0.680E+08  0.127E-27  0.700E+08  0.212E-24
  0.720E+08  0.968E-22  0.740E+08  0.168E-20  0.760E+08  0.339E-19
  0.780E+08  0.388E-18  0.800E+08  0.514E-17  0.820E+08  0.329E-16
  0.840E+08  0.192E-15  0.860E+08  0.611E-15  0.880E+08  0.175E-14
  0.900E+08  0.458E-14  0.920E+08  0.935E-14  0.940E+08  0.181E-13
  0.960E+08  0.315E-13  0.980E+08  0.427E-13  0.100E+09  0.541E-13
GA80 
         276
           0
          16
  0.570E+08  0.000E+00  0.720E+08  0.100E-25  0.740E+08  0.826E-23
  0.760E+08  0.115E-20  0.780E+08  0.489E-19  0.800E+08  0.880E-18
  0.820E+08  0.117E-16  0.840E+08  0.130E-15  0.860E+08  0.627E-15
  0.880E+08  0.239E-14  0.900E+08  0.895E-14  0.920E+08  0.239E-13
  0.940E+08  0.621E-13  0.960E+08  0.135E-12  0.980E+08  0.312E-12
  0.100E+09  0.474E-12
GA79 
         277
           0
          27
  0.353E+08  0.000E+00  0.500E+08  0.230E-22  0.520E+08  0.255E-19
  0.540E+08  0.146E-17  0.560E+08  0.644E-16  0.580E+08  0.507E-15
  0.600E+08  0.647E-14  0.620E+08  0.409E-13  0.640E+08  0.156E-12
  0.660E+08  0.731E-12  0.680E+08  0.287E-11  0.700E+08  0.920E-11
  0.720E+08  0.204E-10  0.740E+08  0.435E-10  0.760E+08  0.704E-10
  0.780E+08  0.111E-09  0.800E+08  0.155E-09  0.820E+08  0.198E-09
  0.840E+08  0.229E-09  0.860E+08  0.254E-09  0.880E+08  0.254E-09
  0.900E+08  0.257E-09  0.920E+08  0.265E-09  0.940E+08  0.270E-09
  0.960E+08  0.291E-09  0.980E+08  0.268E-09  0.100E+09  0.308E-09
GA78 
         278
           0
          24
  0.405E+08  0.000E+00  0.560E+08  0.436E-21  0.580E+08  0.186E-18
  0.600E+08  0.212E-16  0.620E+08  0.717E-15  0.640E+08  0.122E-13
  0.660E+08  0.105E-12  0.680E+08  0.105E-11  0.700E+08  0.457E-11
  0.720E+08  0.183E-10  0.740E+08  0.558E-10  0.760E+08  0.171E-09
  0.780E+08  0.395E-09  0.800E+08  0.909E-09  0.820E+08  0.150E-08
  0.840E+08  0.269E-08  0.860E+08  0.380E-08  0.880E+08  0.475E-08
  0.900E+08  0.623E-08  0.920E+08  0.706E-08  0.940E+08  0.799E-08
  0.960E+08  0.868E-08  0.980E+08  0.853E-08  0.100E+09  0.828E-08
GA77 
         279
           0
          42
  0.194E+08  0.000E+00  0.350E+08  0.170E-18  0.360E+08  0.106E-16
  0.370E+08  0.232E-15  0.380E+08  0.253E-14  0.390E+08  0.199E-13
  0.400E+08  0.120E-12  0.410E+08  0.414E-12  0.420E+08  0.165E-11
  0.430E+08  0.603E-11  0.440E+08  0.197E-10  0.450E+08  0.448E-10
  0.460E+08  0.108E-09  0.470E+08  0.243E-09  0.480E+08  0.504E-09
  0.490E+08  0.100E-08  0.500E+08  0.178E-08  0.520E+08  0.491E-08
  0.540E+08  0.114E-07  0.560E+08  0.211E-07  0.580E+08  0.294E-07
  0.600E+08  0.387E-07  0.620E+08  0.455E-07  0.640E+08  0.462E-07
  0.660E+08  0.499E-07  0.680E+08  0.474E-07  0.700E+08  0.457E-07
  0.720E+08  0.407E-07  0.740E+08  0.400E-07  0.760E+08  0.370E-07
  0.780E+08  0.346E-07  0.800E+08  0.288E-07  0.820E+08  0.384E-07
  0.840E+08  0.390E-07  0.860E+08  0.436E-07  0.880E+08  0.522E-07
  0.900E+08  0.641E-07  0.920E+08  0.871E-07  0.940E+08  0.113E-06
  0.960E+08  0.126E-06  0.980E+08  0.157E-06  0.100E+09  0.175E-06
GA76 
         280
           0
          37
  0.252E+08  0.000E+00  0.400E+08  0.850E-21  0.410E+08  0.106E-18
  0.420E+08  0.639E-17  0.430E+08  0.141E-15  0.440E+08  0.164E-14
  0.450E+08  0.146E-13  0.460E+08  0.745E-13  0.470E+08  0.399E-12
  0.480E+08  0.221E-11  0.490E+08  0.136E-10  0.500E+08  0.511E-10
  0.520E+08  0.646E-09  0.540E+08  0.337E-08  0.560E+08  0.149E-07
  0.580E+08  0.376E-07  0.600E+08  0.911E-07  0.620E+08  0.186E-06
  0.640E+08  0.309E-06  0.660E+08  0.483E-06  0.680E+08  0.659E-06
  0.700E+08  0.822E-06  0.720E+08  0.935E-06  0.740E+08  0.105E-05
  0.760E+08  0.105E-05  0.780E+08  0.861E-06  0.800E+08  0.771E-06
  0.820E+08  0.773E-06  0.840E+08  0.709E-06  0.860E+08  0.785E-06
  0.880E+08  0.744E-06  0.900E+08  0.690E-06  0.920E+08  0.682E-06
  0.940E+08  0.687E-06  0.960E+08  0.653E-06  0.980E+08  0.752E-06
  0.100E+09  0.891E-06
GA75 
         281
           0
          30
  0.314E+08  0.000E+00  0.470E+08  0.352E-19  0.480E+08  0.512E-17
  0.490E+08  0.804E-15  0.500E+08  0.387E-14  0.520E+08  0.366E-12
  0.540E+08  0.127E-10  0.560E+08  0.201E-09  0.580E+08  0.158E-08
  0.600E+08  0.821E-08  0.620E+08  0.340E-07  0.640E+08  0.101E-06
  0.660E+08  0.276E-06  0.680E+08  0.698E-06  0.700E+08  0.142E-05
  0.720E+08  0.260E-05  0.740E+08  0.430E-05  0.760E+08  0.604E-05
  0.780E+08  0.812E-05  0.800E+08  0.955E-05  0.820E+08  0.116E-04
  0.840E+08  0.126E-04  0.860E+08  0.143E-04  0.880E+08  0.147E-04
  0.900E+08  0.151E-04  0.920E+08  0.152E-04  0.940E+08  0.149E-04
  0.960E+08  0.138E-04  0.980E+08  0.137E-04  0.100E+09  0.139E-04
GA74 
         282
           0
          24
  0.399E+08  0.000E+00  0.560E+08  0.731E-19  0.580E+08  0.144E-15
  0.600E+08  0.395E-13  0.620E+08  0.262E-11  0.640E+08  0.504E-10
  0.660E+08  0.705E-09  0.680E+08  0.822E-08  0.700E+08  0.413E-07
  0.720E+08  0.173E-06  0.740E+08  0.548E-06  0.760E+08  0.136E-05
  0.780E+08  0.343E-05  0.800E+08  0.761E-05  0.820E+08  0.127E-04
  0.840E+08  0.185E-04  0.860E+08  0.246E-04  0.880E+08  0.313E-04
  0.900E+08  0.385E-04  0.920E+08  0.454E-04  0.940E+08  0.545E-04
  0.960E+08  0.587E-04  0.980E+08  0.620E-04  0.100E+09  0.647E-04
GA73 
         283
           0
          21
  0.464E+08  0.000E+00  0.620E+08  0.879E-22  0.640E+08  0.612E-18
  0.660E+08  0.307E-15  0.680E+08  0.117E-12  0.700E+08  0.570E-11
  0.720E+08  0.156E-09  0.740E+08  0.204E-08  0.760E+08  0.179E-07
  0.780E+08  0.116E-06  0.800E+08  0.556E-06  0.820E+08  0.198E-05
  0.840E+08  0.462E-05  0.860E+08  0.107E-04  0.880E+08  0.196E-04
  0.900E+08  0.324E-04  0.920E+08  0.504E-04  0.940E+08  0.665E-04
  0.960E+08  0.951E-04  0.980E+08  0.122E-03  0.100E+09  0.150E-03
GA72 
         284
           0
          16
  0.557E+08  0.000E+00  0.720E+08  0.126E-23  0.740E+08  0.238E-18
  0.760E+08  0.655E-15  0.780E+08  0.375E-13  0.800E+08  0.396E-11
  0.820E+08  0.169E-09  0.840E+08  0.216E-08  0.860E+08  0.251E-07
  0.880E+08  0.207E-06  0.900E+08  0.695E-06  0.920E+08  0.197E-05
  0.940E+08  0.485E-05  0.960E+08  0.112E-04  0.980E+08  0.200E-04
  0.100E+09  0.343E-04
GA71 
         285
           0
          13
  0.623E+08  0.000E+00  0.780E+08  0.239E-28  0.800E+08  0.707E-20
  0.820E+08  0.235E-16  0.840E+08  0.508E-14  0.860E+08  0.855E-12
  0.880E+08  0.704E-10  0.900E+08  0.804E-09  0.920E+08  0.613E-08
  0.940E+08  0.242E-07  0.960E+08  0.127E-06  0.980E+08  0.407E-06
  0.100E+09  0.122E-05
GA70 
         286
           0
           8
  0.717E+08  0.000E+00  0.880E+08  0.548E-21  0.900E+08  0.903E-18
  0.920E+08  0.959E-17  0.940E+08  0.897E-15  0.960E+08  0.591E-13
  0.980E+08  0.121E-11  0.100E+09  0.219E-10
GA69 
         287
           0
           4
  0.795E+08  0.000E+00  0.960E+08  0.186E-25  0.980E+08  0.200E-21
  0.100E+09  0.149E-18
ZN80 
         467
           0
          10
  0.655E+08  0.000E+00  0.840E+08  0.469E-32  0.860E+08  0.304E-29
  0.880E+08  0.443E-27  0.900E+08  0.255E-25  0.920E+08  0.357E-24
  0.940E+08  0.563E-23  0.960E+08  0.117E-21  0.980E+08  0.149E-20
  0.100E+09  0.626E-20
ZN79 
         468
           0
           8
  0.702E+08  0.000E+00  0.880E+08  0.301E-30  0.900E+08  0.218E-27
  0.920E+08  0.234E-25  0.940E+08  0.132E-23  0.960E+08  0.472E-22
  0.980E+08  0.820E-21  0.100E+09  0.304E-20
ZN78 
         469
           0
          19
  0.476E+08  0.000E+00  0.660E+08  0.603E-29  0.680E+08  0.213E-25
  0.700E+08  0.362E-23  0.720E+08  0.173E-21  0.740E+08  0.451E-20
  0.760E+08  0.152E-18  0.780E+08  0.184E-17  0.800E+08  0.272E-16
  0.820E+08  0.161E-15  0.840E+08  0.116E-14  0.860E+08  0.394E-14
  0.880E+08  0.101E-13  0.900E+08  0.241E-13  0.920E+08  0.507E-13
  0.940E+08  0.887E-13  0.960E+08  0.156E-12  0.980E+08  0.213E-12
  0.100E+09  0.275E-12
ZN77 
         470
           0
          17
  0.525E+08  0.000E+00  0.700E+08  0.837E-28  0.720E+08  0.239E-24
  0.740E+08  0.565E-22  0.760E+08  0.483E-20  0.780E+08  0.165E-18
  0.800E+08  0.562E-17  0.820E+08  0.584E-16  0.840E+08  0.491E-15
  0.860E+08  0.283E-14  0.880E+08  0.134E-13  0.900E+08  0.423E-13
  0.920E+08  0.135E-12  0.940E+08  0.386E-12  0.960E+08  0.909E-12
  0.980E+08  0.174E-11  0.100E+09  0.303E-11
ZN76 
         471
           0
          29
  0.307E+08  0.000E+00  0.480E+08  0.146E-26  0.490E+08  0.127E-23
  0.500E+08  0.680E-22  0.520E+08  0.431E-19  0.540E+08  0.147E-17
  0.560E+08  0.527E-16  0.580E+08  0.425E-15  0.600E+08  0.406E-14
  0.620E+08  0.313E-13  0.640E+08  0.164E-12  0.660E+08  0.843E-12
  0.680E+08  0.320E-11  0.700E+08  0.979E-11  0.720E+08  0.215E-10
  0.740E+08  0.473E-10  0.760E+08  0.806E-10  0.780E+08  0.109E-09
  0.800E+08  0.158E-09  0.820E+08  0.214E-09  0.840E+08  0.243E-09
  0.860E+08  0.235E-09  0.880E+08  0.252E-09  0.900E+08  0.265E-09
  0.920E+08  0.275E-09  0.940E+08  0.285E-09  0.960E+08  0.274E-09
  0.980E+08  0.282E-09  0.100E+09  0.304E-09
ZN75 
         472
           0
          25
  0.359E+08  0.000E+00  0.540E+08  0.590E-25  0.560E+08  0.511E-21
  0.580E+08  0.134E-18  0.600E+08  0.104E-16  0.620E+08  0.330E-15
  0.640E+08  0.313E-14  0.660E+08  0.421E-13  0.680E+08  0.556E-12
  0.700E+08  0.333E-11  0.720E+08  0.180E-10  0.740E+08  0.681E-10
  0.760E+08  0.181E-09  0.780E+08  0.424E-09  0.800E+08  0.104E-08
  0.820E+08  0.199E-08  0.840E+08  0.319E-08  0.860E+08  0.436E-08
  0.880E+08  0.566E-08  0.900E+08  0.688E-08  0.920E+08  0.831E-08
  0.940E+08  0.924E-08  0.960E+08  0.994E-08  0.980E+08  0.101E-07
  0.100E+09  0.105E-07
ZN74 
         473
           0
          43
  0.152E+08  0.000E+00  0.340E+08  0.279E-21  0.350E+08  0.256E-19
  0.360E+08  0.100E-17  0.370E+08  0.131E-16  0.380E+08  0.100E-15
  0.390E+08  0.721E-15  0.400E+08  0.416E-14  0.410E+08  0.143E-13
  0.420E+08  0.606E-13  0.430E+08  0.236E-12  0.440E+08  0.859E-12
  0.450E+08  0.191E-11  0.460E+08  0.507E-11  0.470E+08  0.102E-10
  0.480E+08  0.234E-10  0.490E+08  0.453E-10  0.500E+08  0.915E-10
  0.520E+08  0.272E-09  0.540E+08  0.890E-09  0.560E+08  0.188E-08
  0.580E+08  0.312E-08  0.600E+08  0.374E-08  0.620E+08  0.441E-08
  0.640E+08  0.476E-08  0.660E+08  0.512E-08  0.680E+08  0.583E-08
  0.700E+08  0.562E-08  0.720E+08  0.524E-08  0.740E+08  0.536E-08
  0.760E+08  0.499E-08  0.780E+08  0.549E-08  0.800E+08  0.545E-08
  0.820E+08  0.675E-08  0.840E+08  0.905E-08  0.860E+08  0.144E-07
  0.880E+08  0.235E-07  0.900E+08  0.384E-07  0.920E+08  0.617E-07
  0.940E+08  0.814E-07  0.960E+08  0.116E-06  0.980E+08  0.145E-06
  0.100E+09  0.176E-06
ZN73 
         474
           0
          35
  0.236E+08  0.000E+00  0.420E+08  0.224E-20  0.430E+08  0.300E-18
  0.440E+08  0.107E-16  0.450E+08  0.102E-15  0.460E+08  0.831E-15
  0.470E+08  0.727E-14  0.480E+08  0.389E-13  0.490E+08  0.100E-12
  0.500E+08  0.112E-11  0.520E+08  0.166E-10  0.540E+08  0.227E-09
  0.560E+08  0.116E-08  0.580E+08  0.413E-08  0.600E+08  0.101E-07
  0.620E+08  0.216E-07  0.640E+08  0.383E-07  0.660E+08  0.619E-07
  0.680E+08  0.921E-07  0.700E+08  0.116E-06  0.720E+08  0.134E-06
  0.740E+08  0.133E-06  0.760E+08  0.134E-06  0.780E+08  0.119E-06
  0.800E+08  0.116E-06  0.820E+08  0.144E-06  0.840E+08  0.126E-06
  0.860E+08  0.108E-06  0.880E+08  0.982E-07  0.900E+08  0.910E-07
  0.920E+08  0.948E-07  0.940E+08  0.969E-07  0.960E+08  0.145E-06
  0.980E+08  0.200E-06  0.100E+09  0.283E-06
ZN72 
         475
           0
          29
  0.290E+08  0.000E+00  0.480E+08  0.210E-22  0.490E+08  0.924E-20
  0.500E+08  0.417E-18  0.520E+08  0.155E-15  0.540E+08  0.323E-13
  0.560E+08  0.113E-11  0.580E+08  0.240E-10  0.600E+08  0.263E-09
  0.620E+08  0.178E-08  0.640E+08  0.760E-08  0.660E+08  0.255E-07
  0.680E+08  0.720E-07  0.700E+08  0.161E-06  0.720E+08  0.314E-06
  0.740E+08  0.602E-06  0.760E+08  0.842E-06  0.780E+08  0.114E-05
  0.800E+08  0.148E-05  0.820E+08  0.188E-05  0.840E+08  0.209E-05
  0.860E+08  0.227E-05  0.880E+08  0.229E-05  0.900E+08  0.233E-05
  0.920E+08  0.274E-05  0.940E+08  0.249E-05  0.960E+08  0.245E-05
  0.980E+08  0.226E-05  0.100E+09  0.254E-05
ZN71 
         476
           0
          22
  0.380E+08  0.000E+00  0.600E+08  0.552E-18  0.620E+08  0.269E-15
  0.640E+08  0.190E-13  0.660E+08  0.799E-12  0.680E+08  0.256E-10
  0.700E+08  0.369E-09  0.720E+08  0.352E-08  0.740E+08  0.253E-07
  0.760E+08  0.727E-07  0.780E+08  0.292E-06  0.800E+08  0.611E-06
  0.820E+08  0.126E-05  0.840E+08  0.205E-05  0.860E+08  0.324E-05
  0.880E+08  0.396E-05  0.900E+08  0.511E-05  0.920E+08  0.614E-05
  0.940E+08  0.685E-05  0.960E+08  0.771E-05  0.980E+08  0.806E-05
  0.100E+09  0.897E-05
ZN70 
         477
           0
          19
  0.439E+08  0.000E+00  0.660E+08  0.129E-20  0.680E+08  0.816E-17
  0.700E+08  0.234E-14  0.720E+08  0.322E-12  0.740E+08  0.121E-10
  0.760E+08  0.143E-09  0.780E+08  0.298E-08  0.800E+08  0.152E-07
  0.820E+08  0.689E-07  0.840E+08  0.216E-06  0.860E+08  0.643E-06
  0.880E+08  0.153E-05  0.900E+08  0.288E-05  0.920E+08  0.503E-05
  0.940E+08  0.767E-05  0.960E+08  0.118E-04  0.980E+08  0.164E-04
  0.100E+09  0.209E-04
ZN69 
         478
           0
          15
  0.532E+08  0.000E+00  0.740E+08  0.413E-22  0.760E+08  0.284E-18
  0.780E+08  0.530E-15  0.800E+08  0.295E-13  0.820E+08  0.104E-11
  0.840E+08  0.191E-10  0.860E+08  0.324E-09  0.880E+08  0.222E-08
  0.900E+08  0.109E-07  0.920E+08  0.440E-07  0.940E+08  0.140E-06
  0.960E+08  0.429E-06  0.980E+08  0.985E-06  0.100E+09  0.176E-05
ZN68 
         479
           0
          12
  0.598E+08  0.000E+00  0.800E+08  0.725E-23  0.820E+08  0.125E-19
  0.840E+08  0.211E-16  0.860E+08  0.349E-14  0.880E+08  0.277E-12
  0.900E+08  0.186E-11  0.920E+08  0.256E-10  0.940E+08  0.227E-09
  0.960E+08  0.162E-08  0.980E+08  0.652E-08  0.100E+09  0.197E-07
ZN67 
         480
           0
           7
  0.701E+08  0.000E+00  0.900E+08  0.136E-24  0.920E+08  0.750E-21
  0.940E+08  0.311E-18  0.960E+08  0.232E-16  0.980E+08  0.335E-15
  0.100E+09  0.519E-14
ZN66 
         481
           0
           3
  0.773E+08  0.000E+00  0.980E+08  0.282E-27  0.100E+09  0.280E-24
CU77 
         575
           0
          10
  0.634E+08  0.000E+00  0.840E+08  0.730E-33  0.860E+08  0.143E-29
  0.880E+08  0.103E-26  0.900E+08  0.738E-25  0.920E+08  0.278E-23
  0.940E+08  0.498E-22  0.960E+08  0.855E-21  0.980E+08  0.780E-20
  0.100E+09  0.403E-19
CU76 
         576
           0
           8
  0.676E+08  0.000E+00  0.880E+08  0.393E-31  0.900E+08  0.254E-28
  0.920E+08  0.779E-26  0.940E+08  0.816E-24  0.960E+08  0.380E-22
  0.980E+08  0.957E-21  0.100E+09  0.587E-20
CU75 
         577
           0
          18
  0.452E+08  0.000E+00  0.680E+08  0.853E-27  0.700E+08  0.422E-24
  0.720E+08  0.158E-21  0.740E+08  0.676E-20  0.760E+08  0.116E-18
  0.780E+08  0.178E-17  0.800E+08  0.382E-16  0.820E+08  0.253E-15
  0.840E+08  0.170E-14  0.860E+08  0.702E-14  0.880E+08  0.223E-13
  0.900E+08  0.622E-13  0.920E+08  0.160E-12  0.940E+08  0.317E-12
  0.960E+08  0.676E-12  0.980E+08  0.128E-11  0.100E+09  0.174E-11
CU74 
         578
           0
          16
  0.502E+08  0.000E+00  0.720E+08  0.970E-27  0.740E+08  0.107E-23
  0.760E+08  0.180E-21  0.780E+08  0.241E-19  0.800E+08  0.739E-18
  0.820E+08  0.133E-16  0.840E+08  0.204E-15  0.860E+08  0.182E-14
  0.880E+08  0.975E-14  0.900E+08  0.462E-13  0.920E+08  0.195E-12
  0.940E+08  0.583E-12  0.960E+08  0.178E-11  0.980E+08  0.358E-11
  0.100E+09  0.668E-11
CU73 
         579
           0
          27
  0.280E+08  0.000E+00  0.500E+08  0.152E-24  0.520E+08  0.259E-21
  0.540E+08  0.178E-19  0.560E+08  0.155E-17  0.580E+08  0.280E-16
  0.600E+08  0.487E-15  0.620E+08  0.622E-14  0.640E+08  0.498E-13
  0.660E+08  0.322E-12  0.680E+08  0.172E-11  0.700E+08  0.565E-11
  0.720E+08  0.168E-10  0.740E+08  0.459E-10  0.760E+08  0.846E-10
  0.780E+08  0.137E-09  0.800E+08  0.261E-09  0.820E+08  0.414E-09
  0.840E+08  0.520E-09  0.860E+08  0.552E-09  0.880E+08  0.623E-09
  0.900E+08  0.550E-09  0.920E+08  0.587E-09  0.940E+08  0.561E-09
  0.960E+08  0.477E-09  0.980E+08  0.476E-09  0.100E+09  0.499E-09
CU72 
         580
           0
          24
  0.340E+08  0.000E+00  0.560E+08  0.232E-24  0.580E+08  0.522E-21
  0.600E+08  0.114E-18  0.620E+08  0.684E-17  0.640E+08  0.182E-15
  0.660E+08  0.411E-14  0.680E+08  0.729E-13  0.700E+08  0.602E-12
  0.720E+08  0.389E-11  0.740E+08  0.209E-10  0.760E+08  0.681E-10
  0.780E+08  0.215E-09  0.800E+08  0.533E-09  0.820E+08  0.124E-08
  0.840E+08  0.224E-08  0.860E+08  0.353E-08  0.880E+08  0.476E-08
  0.900E+08  0.729E-08  0.920E+08  0.952E-08  0.940E+08  0.113E-07
  0.960E+08  0.140E-07  0.980E+08  0.153E-07  0.100E+09  0.170E-07
CU71 
         581
           0
          21
  0.396E+08  0.000E+00  0.620E+08  0.123E-23  0.640E+08  0.160E-20
  0.660E+08  0.460E-18  0.680E+08  0.944E-16  0.700E+08  0.246E-14
  0.720E+08  0.479E-13  0.740E+08  0.898E-12  0.760E+08  0.577E-11
  0.780E+08  0.418E-10  0.800E+08  0.170E-09  0.820E+08  0.589E-09
  0.840E+08  0.168E-08  0.860E+08  0.449E-08  0.880E+08  0.852E-08
  0.900E+08  0.166E-07  0.920E+08  0.304E-07  0.940E+08  0.490E-07
  0.960E+08  0.752E-07  0.980E+08  0.104E-06  0.100E+09  0.140E-06
CU70 
         582
           0
          17
  0.475E+08  0.000E+00  0.700E+08  0.328E-28  0.720E+08  0.449E-22
  0.740E+08  0.153E-18  0.760E+08  0.171E-16  0.780E+08  0.237E-14
  0.800E+08  0.617E-13  0.820E+08  0.765E-12  0.840E+08  0.777E-11
  0.860E+08  0.993E-10  0.880E+08  0.386E-09  0.900E+08  0.149E-08
  0.920E+08  0.466E-08  0.940E+08  0.114E-07  0.960E+08  0.249E-07
  0.980E+08  0.505E-07  0.100E+09  0.923E-07
CU69 
         583
           0
          14
  0.529E+08  0.000E+00  0.760E+08  0.152E-26  0.780E+08  0.198E-21
  0.800E+08  0.101E-18  0.820E+08  0.104E-16  0.840E+08  0.360E-15
  0.860E+08  0.352E-13  0.880E+08  0.550E-12  0.900E+08  0.587E-11
  0.920E+08  0.454E-10  0.940E+08  0.224E-09  0.960E+08  0.899E-09
  0.980E+08  0.323E-08  0.100E+09  0.971E-08
CU68 
         584
           0
          10
  0.613E+08  0.000E+00  0.840E+08  0.396E-27  0.860E+08  0.524E-22
  0.880E+08  0.682E-19  0.900E+08  0.537E-17  0.920E+08  0.101E-15
  0.940E+08  0.300E-14  0.960E+08  0.636E-13  0.980E+08  0.678E-12
  0.100E+09  0.634E-11
CU67 
         585
           0
           7
  0.677E+08  0.000E+00  0.900E+08  0.545E-26  0.920E+08  0.120E-22
  0.940E+08  0.352E-20  0.960E+08  0.493E-18  0.980E+08  0.112E-16
  0.100E+09  0.393E-15
CU66 
         586
           0
           2
  0.769E+08  0.000E+00  0.100E+09  0.157E-30
NI76 
         873
           0
           2
  0.772E+08  0.000E+00  0.100E+09  0.126E-40
NI74 
         875
           0
          11
  0.580E+08  0.000E+00  0.820E+08  0.147E-34  0.840E+08  0.442E-31
  0.860E+08  0.158E-28  0.880E+08  0.220E-26  0.900E+08  0.119E-24
  0.920E+08  0.323E-23  0.940E+08  0.528E-22  0.960E+08  0.992E-21
  0.980E+08  0.884E-20  0.100E+09  0.470E-19
NI73 
         876
           0
           9
  0.623E+08  0.000E+00  0.860E+08  0.162E-33  0.880E+08  0.417E-30
  0.900E+08  0.909E-28  0.920E+08  0.306E-25  0.940E+08  0.179E-23
  0.960E+08  0.680E-22  0.980E+08  0.135E-20  0.100E+09  0.125E-19
NI72 
         877
           0
          20
  0.400E+08  0.000E+00  0.640E+08  0.286E-32  0.660E+08  0.799E-29
  0.680E+08  0.694E-26  0.700E+08  0.131E-23  0.720E+08  0.189E-21
  0.740E+08  0.742E-20  0.760E+08  0.874E-19  0.780E+08  0.122E-17
  0.800E+08  0.239E-16  0.820E+08  0.185E-15  0.840E+08  0.968E-15
  0.860E+08  0.404E-14  0.880E+08  0.133E-13  0.900E+08  0.476E-13
  0.920E+08  0.110E-12  0.940E+08  0.223E-12  0.960E+08  0.502E-12
  0.980E+08  0.796E-12  0.100E+09  0.149E-11
NI71 
         878
           0
          17
  0.446E+08  0.000E+00  0.700E+08  0.349E-29  0.720E+08  0.849E-26
  0.740E+08  0.419E-23  0.760E+08  0.290E-21  0.780E+08  0.317E-19
  0.800E+08  0.737E-18  0.820E+08  0.122E-16  0.840E+08  0.119E-15
  0.860E+08  0.117E-14  0.880E+08  0.637E-14  0.900E+08  0.377E-13
  0.920E+08  0.141E-12  0.940E+08  0.428E-12  0.960E+08  0.134E-11
  0.980E+08  0.294E-11  0.100E+09  0.543E-11
NI70 
         879
           0
          28
  0.232E+08  0.000E+00  0.480E+08  0.508E-29  0.500E+08  0.380E-25
  0.520E+08  0.229E-22  0.540E+08  0.903E-20  0.560E+08  0.425E-18
  0.580E+08  0.106E-16  0.600E+08  0.147E-15  0.620E+08  0.114E-14
  0.640E+08  0.858E-14  0.660E+08  0.504E-13  0.680E+08  0.228E-12
  0.700E+08  0.798E-12  0.720E+08  0.242E-11  0.740E+08  0.636E-11
  0.760E+08  0.106E-10  0.780E+08  0.198E-10  0.800E+08  0.317E-10
  0.820E+08  0.485E-10  0.840E+08  0.604E-10  0.860E+08  0.608E-10
  0.880E+08  0.906E-10  0.900E+08  0.991E-10  0.920E+08  0.108E-09
  0.940E+08  0.971E-10  0.960E+08  0.898E-10  0.980E+08  0.879E-10
  0.100E+09  0.690E-10
NI69 
         880
           0
          23
  0.311E+08  0.000E+00  0.580E+08  0.709E-23  0.600E+08  0.320E-20
  0.620E+08  0.368E-18  0.640E+08  0.185E-16  0.660E+08  0.517E-15
  0.680E+08  0.833E-14  0.700E+08  0.865E-13  0.720E+08  0.623E-12
  0.740E+08  0.356E-11  0.760E+08  0.979E-11  0.780E+08  0.277E-10
  0.800E+08  0.721E-10  0.820E+08  0.180E-09  0.840E+08  0.319E-09
  0.860E+08  0.489E-09  0.880E+08  0.657E-09  0.900E+08  0.927E-09
  0.920E+08  0.126E-08  0.940E+08  0.148E-08  0.960E+08  0.167E-08
  0.980E+08  0.173E-08  0.100E+09  0.170E-08
NI68 
         881
           0
          20
  0.362E+08  0.000E+00  0.640E+08  0.251E-23  0.660E+08  0.168E-20
  0.680E+08  0.277E-18  0.700E+08  0.193E-16  0.720E+08  0.703E-15
  0.740E+08  0.193E-13  0.760E+08  0.136E-12  0.780E+08  0.111E-11
  0.800E+08  0.596E-11  0.820E+08  0.314E-10  0.840E+08  0.137E-09
  0.860E+08  0.388E-09  0.880E+08  0.771E-09  0.900E+08  0.169E-08
  0.920E+08  0.352E-08  0.940E+08  0.658E-08  0.960E+08  0.113E-07
  0.980E+08  0.151E-07  0.100E+09  0.212E-07
NI67 
         882
           0
          16
  0.441E+08  0.000E+00  0.720E+08  0.469E-24  0.740E+08  0.804E-21
  0.760E+08  0.664E-19  0.780E+08  0.383E-17  0.800E+08  0.131E-15
  0.820E+08  0.353E-14  0.840E+08  0.743E-13  0.860E+08  0.105E-11
  0.880E+08  0.633E-11  0.900E+08  0.344E-10  0.920E+08  0.142E-09
  0.940E+08  0.560E-09  0.960E+08  0.186E-08  0.980E+08  0.518E-08
  0.100E+09  0.108E-07
NI66 
         883
           0
          13
  0.499E+08  0.000E+00  0.780E+08  0.594E-24  0.800E+08  0.373E-21
  0.820E+08  0.662E-19  0.840E+08  0.181E-17  0.860E+08  0.144E-15
  0.880E+08  0.507E-14  0.900E+08  0.612E-13  0.920E+08  0.463E-12
  0.940E+08  0.261E-11  0.960E+08  0.201E-10  0.980E+08  0.133E-09
  0.100E+09  0.473E-09
NI65 
         884
           0
           9
  0.590E+08  0.000E+00  0.860E+08  0.560E-27  0.880E+08  0.768E-23
  0.900E+08  0.120E-20  0.920E+08  0.948E-19  0.940E+08  0.355E-17
  0.960E+08  0.106E-15  0.980E+08  0.199E-14  0.100E+09  0.108E-13
NI64 
         885
           0
           7
  0.652E+08  0.000E+00  0.900E+08  0.445E-35  0.920E+08  0.190E-27
  0.940E+08  0.308E-24  0.960E+08  0.534E-22  0.980E+08  0.276E-20
  0.100E+09  0.430E-19
