         110
Y89  
          16
           0
          77
  0.693E+07  0.000E+00  0.750E+07  0.982E-01  0.800E+07  0.455E+00
  0.850E+07  0.811E+00  0.900E+07  0.104E+01  0.950E+07  0.130E+01
  0.100E+08  0.145E+01  0.105E+08  0.155E+01  0.110E+08  0.161E+01
  0.115E+08  0.164E+01  0.120E+08  0.166E+01  0.125E+08  0.167E+01
  0.130E+08  0.167E+01  0.135E+08  0.167E+01  0.140E+08  0.166E+01
  0.145E+08  0.165E+01  0.150E+08  0.165E+01  0.160E+08  0.164E+01
  0.170E+08  0.163E+01  0.180E+08  0.161E+01  0.190E+08  0.159E+01
  0.200E+08  0.156E+01  0.210E+08  0.147E+01  0.220E+08  0.133E+01
  0.230E+08  0.119E+01  0.240E+08  0.102E+01  0.250E+08  0.889E+00
  0.260E+08  0.759E+00  0.270E+08  0.654E+00  0.280E+08  0.584E+00
  0.290E+08  0.515E+00  0.300E+08  0.460E+00  0.310E+08  0.418E+00
  0.320E+08  0.364E+00  0.330E+08  0.339E+00  0.340E+08  0.328E+00
  0.350E+08  0.310E+00  0.360E+08  0.295E+00  0.370E+08  0.279E+00
  0.380E+08  0.268E+00  0.390E+08  0.258E+00  0.400E+08  0.249E+00
  0.410E+08  0.242E+00  0.420E+08  0.234E+00  0.430E+08  0.230E+00
  0.440E+08  0.223E+00  0.450E+08  0.217E+00  0.460E+08  0.212E+00
  0.470E+08  0.207E+00  0.480E+08  0.202E+00  0.490E+08  0.195E+00
  0.500E+08  0.190E+00  0.520E+08  0.181E+00  0.540E+08  0.174E+00
  0.560E+08  0.167E+00  0.580E+08  0.162E+00  0.600E+08  0.151E+00
  0.620E+08  0.140E+00  0.640E+08  0.132E+00  0.660E+08  0.132E+00
  0.680E+08  0.127E+00  0.700E+08  0.124E+00  0.720E+08  0.120E+00
  0.740E+08  0.116E+00  0.760E+08  0.113E+00  0.780E+08  0.110E+00
  0.800E+08  0.107E+00  0.820E+08  0.105E+00  0.840E+08  0.103E+00
  0.860E+08  0.101E+00  0.880E+08  0.985E-01  0.900E+08  0.957E-01
  0.920E+08  0.928E-01  0.940E+08  0.910E-01  0.960E+08  0.885E-01
  0.980E+08  0.864E-01  0.100E+09  0.841E-01
Y88  
          17
           0
          58
  0.185E+08  0.000E+00  0.190E+08  0.322E-04  0.200E+08  0.998E-02
  0.210E+08  0.677E-01  0.220E+08  0.181E+00  0.230E+08  0.289E+00
  0.240E+08  0.432E+00  0.250E+08  0.542E+00  0.260E+08  0.646E+00
  0.270E+08  0.726E+00  0.280E+08  0.769E+00  0.290E+08  0.812E+00
  0.300E+08  0.839E+00  0.310E+08  0.850E+00  0.320E+08  0.850E+00
  0.330E+08  0.811E+00  0.340E+08  0.760E+00  0.350E+08  0.698E+00
  0.360E+08  0.633E+00  0.370E+08  0.559E+00  0.380E+08  0.519E+00
  0.390E+08  0.467E+00  0.400E+08  0.423E+00  0.410E+08  0.389E+00
  0.420E+08  0.355E+00  0.430E+08  0.308E+00  0.440E+08  0.285E+00
  0.450E+08  0.264E+00  0.460E+08  0.249E+00  0.470E+08  0.235E+00
  0.480E+08  0.221E+00  0.490E+08  0.214E+00  0.500E+08  0.207E+00
  0.520E+08  0.190E+00  0.540E+08  0.175E+00  0.560E+08  0.162E+00
  0.580E+08  0.150E+00  0.600E+08  0.145E+00  0.620E+08  0.129E+00
  0.640E+08  0.123E+00  0.660E+08  0.112E+00  0.680E+08  0.108E+00
  0.700E+08  0.104E+00  0.720E+08  0.100E+00  0.740E+08  0.962E-01
  0.760E+08  0.919E-01  0.780E+08  0.888E-01  0.800E+08  0.902E-01
  0.820E+08  0.871E-01  0.840E+08  0.852E-01  0.860E+08  0.832E-01
  0.880E+08  0.813E-01  0.900E+08  0.794E-01  0.920E+08  0.774E-01
  0.940E+08  0.755E-01  0.960E+08  0.736E-01  0.980E+08  0.719E-01
  0.100E+09  0.701E-01
Y87  
          37
           0
          48
  0.280E+08  0.000E+00  0.290E+08  0.494E-05  0.300E+08  0.817E-03
  0.310E+08  0.751E-02  0.320E+08  0.337E-01  0.330E+08  0.730E-01
  0.340E+08  0.111E+00  0.350E+08  0.167E+00  0.360E+08  0.223E+00
  0.370E+08  0.288E+00  0.380E+08  0.315E+00  0.390E+08  0.353E+00
  0.400E+08  0.385E+00  0.410E+08  0.401E+00  0.420E+08  0.424E+00
  0.430E+08  0.451E+00  0.440E+08  0.463E+00  0.450E+08  0.469E+00
  0.460E+08  0.467E+00  0.470E+08  0.460E+00  0.480E+08  0.454E+00
  0.490E+08  0.438E+00  0.500E+08  0.426E+00  0.520E+08  0.408E+00
  0.540E+08  0.379E+00  0.560E+08  0.353E+00  0.580E+08  0.329E+00
  0.600E+08  0.300E+00  0.620E+08  0.276E+00  0.640E+08  0.255E+00
  0.660E+08  0.237E+00  0.680E+08  0.220E+00  0.700E+08  0.206E+00
  0.720E+08  0.194E+00  0.740E+08  0.167E+00  0.760E+08  0.158E+00
  0.780E+08  0.149E+00  0.800E+08  0.137E+00  0.820E+08  0.131E+00
  0.840E+08  0.126E+00  0.860E+08  0.121E+00  0.880E+08  0.116E+00
  0.900E+08  0.112E+00  0.920E+08  0.107E+00  0.940E+08  0.103E+00
  0.960E+08  0.999E-01  0.980E+08  0.102E+00  0.100E+09  0.988E-01
SR90 
         103
           0
          86
  0.100E-04  0.000E+00  0.300E+07  0.326E-06  0.350E+07  0.150E-05
  0.400E+07  0.292E-04  0.450E+07  0.106E-03  0.500E+07  0.211E-03
  0.550E+07  0.391E-03  0.600E+07  0.711E-03  0.650E+07  0.117E-02
  0.700E+07  0.179E-02  0.750E+07  0.258E-02  0.800E+07  0.357E-02
  0.850E+07  0.472E-02  0.900E+07  0.579E-02  0.950E+07  0.686E-02
  0.100E+08  0.881E-02  0.105E+08  0.110E-01  0.110E+08  0.133E-01
  0.115E+08  0.158E-01  0.120E+08  0.182E-01  0.125E+08  0.198E-01
  0.130E+08  0.214E-01  0.135E+08  0.237E-01  0.140E+08  0.257E-01
  0.145E+08  0.276E-01  0.150E+08  0.292E-01  0.160E+08  0.323E-01
  0.170E+08  0.336E-01  0.180E+08  0.352E-01  0.190E+08  0.362E-01
  0.200E+08  0.366E-01  0.210E+08  0.368E-01  0.220E+08  0.355E-01
  0.230E+08  0.353E-01  0.240E+08  0.351E-01  0.250E+08  0.349E-01
  0.260E+08  0.348E-01  0.270E+08  0.346E-01  0.280E+08  0.345E-01
  0.290E+08  0.344E-01  0.300E+08  0.344E-01  0.310E+08  0.343E-01
  0.320E+08  0.342E-01  0.330E+08  0.335E-01  0.340E+08  0.329E-01
  0.350E+08  0.322E-01  0.360E+08  0.317E-01  0.370E+08  0.312E-01
  0.380E+08  0.307E-01  0.390E+08  0.302E-01  0.400E+08  0.294E-01
  0.410E+08  0.285E-01  0.420E+08  0.277E-01  0.430E+08  0.272E-01
  0.440E+08  0.267E-01  0.450E+08  0.262E-01  0.460E+08  0.257E-01
  0.470E+08  0.252E-01  0.480E+08  0.248E-01  0.490E+08  0.247E-01
  0.500E+08  0.245E-01  0.520E+08  0.242E-01  0.540E+08  0.239E-01
  0.560E+08  0.237E-01  0.580E+08  0.234E-01  0.600E+08  0.231E-01
  0.620E+08  0.223E-01  0.640E+08  0.216E-01  0.660E+08  0.209E-01
  0.680E+08  0.196E-01  0.700E+08  0.184E-01  0.720E+08  0.179E-01
  0.740E+08  0.174E-01  0.760E+08  0.168E-01  0.780E+08  0.163E-01
  0.800E+08  0.158E-01  0.820E+08  0.154E-01  0.840E+08  0.149E-01
  0.860E+08  0.145E-01  0.880E+08  0.141E-01  0.900E+08  0.142E-01
  0.920E+08  0.142E-01  0.940E+08  0.143E-01  0.960E+08  0.143E-01
  0.980E+08  0.144E-01  0.100E+09  0.141E-01
RB89 
         111
           0
          63
  0.114E+08  0.000E+00  0.145E+08  0.249E-03  0.150E+08  0.385E-03
  0.160E+08  0.466E-03  0.170E+08  0.570E-03  0.180E+08  0.773E-03
  0.190E+08  0.992E-03  0.200E+08  0.122E-02  0.210E+08  0.147E-02
  0.220E+08  0.161E-02  0.230E+08  0.189E-02  0.240E+08  0.219E-02
  0.250E+08  0.250E-02  0.260E+08  0.282E-02  0.270E+08  0.315E-02
  0.280E+08  0.336E-02  0.290E+08  0.371E-02  0.300E+08  0.408E-02
  0.310E+08  0.446E-02  0.320E+08  0.485E-02  0.330E+08  0.526E-02
  0.340E+08  0.567E-02  0.350E+08  0.596E-02  0.360E+08  0.636E-02
  0.370E+08  0.669E-02  0.380E+08  0.693E-02  0.390E+08  0.706E-02
  0.400E+08  0.728E-02  0.410E+08  0.730E-02  0.420E+08  0.725E-02
  0.430E+08  0.722E-02  0.440E+08  0.719E-02  0.450E+08  0.715E-02
  0.460E+08  0.711E-02  0.470E+08  0.714E-02  0.480E+08  0.699E-02
  0.490E+08  0.673E-02  0.500E+08  0.648E-02  0.520E+08  0.643E-02
  0.540E+08  0.678E-02  0.560E+08  0.673E-02  0.580E+08  0.666E-02
  0.600E+08  0.662E-02  0.620E+08  0.678E-02  0.640E+08  0.675E-02
  0.660E+08  0.643E-02  0.680E+08  0.637E-02  0.700E+08  0.634E-02
  0.720E+08  0.630E-02  0.740E+08  0.627E-02  0.760E+08  0.640E-02
  0.780E+08  0.635E-02  0.800E+08  0.632E-02  0.820E+08  0.628E-02
  0.840E+08  0.625E-02  0.860E+08  0.621E-02  0.880E+08  0.616E-02
  0.900E+08  0.612E-02  0.920E+08  0.608E-02  0.940E+08  0.604E-02
  0.960E+08  0.615E-02  0.980E+08  0.611E-02  0.100E+09  0.637E-02
Y86  
         121
           0
          36
  0.399E+08  0.000E+00  0.410E+08  0.167E-09  0.420E+08  0.574E-06
  0.430E+08  0.369E-04  0.440E+08  0.276E-03  0.450E+08  0.111E-02
  0.460E+08  0.255E-02  0.470E+08  0.695E-02  0.480E+08  0.127E-01
  0.490E+08  0.248E-01  0.500E+08  0.353E-01  0.520E+08  0.414E-01
  0.540E+08  0.642E-01  0.560E+08  0.882E-01  0.580E+08  0.111E+00
  0.600E+08  0.133E+00  0.620E+08  0.141E+00  0.640E+08  0.145E+00
  0.660E+08  0.143E+00  0.680E+08  0.140E+00  0.700E+08  0.137E+00
  0.720E+08  0.133E+00  0.740E+08  0.130E+00  0.760E+08  0.127E+00
  0.780E+08  0.121E+00  0.800E+08  0.116E+00  0.820E+08  0.110E+00
  0.840E+08  0.104E+00  0.860E+08  0.985E-01  0.880E+08  0.911E-01
  0.900E+08  0.839E-01  0.920E+08  0.767E-01  0.940E+08  0.729E-01
  0.960E+08  0.684E-01  0.980E+08  0.639E-01  0.100E+09  0.638E-01
Y85  
         122
           0
          26
  0.496E+08  0.000E+00  0.520E+08  0.143E-07  0.540E+08  0.102E-04
  0.560E+08  0.202E-03  0.580E+08  0.126E-02  0.600E+08  0.517E-02
  0.620E+08  0.133E-01  0.640E+08  0.232E-01  0.660E+08  0.337E-01
  0.680E+08  0.446E-01  0.700E+08  0.490E-01  0.720E+08  0.534E-01
  0.740E+08  0.620E-01  0.760E+08  0.707E-01  0.780E+08  0.714E-01
  0.800E+08  0.723E-01  0.820E+08  0.728E-01  0.840E+08  0.734E-01
  0.860E+08  0.728E-01  0.880E+08  0.685E-01  0.900E+08  0.659E-01
  0.920E+08  0.633E-01  0.940E+08  0.608E-01  0.960E+08  0.582E-01
  0.980E+08  0.556E-01  0.100E+09  0.570E-01
Y84  
         123
           0
          20
  0.614E+08  0.000E+00  0.640E+08  0.157E-07  0.660E+08  0.108E-05
  0.680E+08  0.766E-05  0.700E+08  0.188E-04  0.720E+08  0.102E-03
  0.740E+08  0.476E-03  0.760E+08  0.113E-02  0.780E+08  0.216E-02
  0.800E+08  0.304E-02  0.820E+08  0.426E-02  0.840E+08  0.550E-02
  0.860E+08  0.743E-02  0.880E+08  0.955E-02  0.900E+08  0.109E-01
  0.920E+08  0.129E-01  0.940E+08  0.148E-01  0.960E+08  0.168E-01
  0.980E+08  0.165E-01  0.100E+09  0.169E-01
Y83  
         124
           0
          15
  0.714E+08  0.000E+00  0.740E+08  0.280E-12  0.760E+08  0.382E-08
  0.780E+08  0.136E-06  0.800E+08  0.161E-05  0.820E+08  0.657E-05
  0.840E+08  0.200E-04  0.860E+08  0.688E-04  0.880E+08  0.137E-03
  0.900E+08  0.300E-03  0.920E+08  0.973E-03  0.940E+08  0.151E-02
  0.960E+08  0.214E-02  0.980E+08  0.224E-02  0.100E+09  0.300E-02
Y82  
         125
           0
           8
  0.838E+08  0.000E+00  0.880E+08  0.176E-13  0.900E+08  0.668E-11
  0.920E+08  0.294E-08  0.940E+08  0.267E-07  0.960E+08  0.150E-06
  0.980E+08  0.264E-06  0.100E+09  0.940E-06
Y81  
         126
           0
           3
  0.942E+08  0.000E+00  0.980E+08  0.418E-18  0.100E+09  0.744E-15
SR89 
         153
           0
          75
  0.540E+07  0.000E+00  0.850E+07  0.411E-07  0.900E+07  0.393E-06
  0.950E+07  0.212E-05  0.100E+08  0.665E-05  0.105E+08  0.164E-02
  0.110E+08  0.345E-02  0.115E+08  0.431E-02  0.120E+08  0.521E-02
  0.125E+08  0.580E-02  0.130E+08  0.638E-02  0.135E+08  0.774E-02
  0.140E+08  0.918E-02  0.145E+08  0.109E-01  0.150E+08  0.127E-01
  0.160E+08  0.160E-01  0.170E+08  0.223E-01  0.180E+08  0.311E-01
  0.190E+08  0.409E-01  0.200E+08  0.505E-01  0.210E+08  0.595E-01
  0.220E+08  0.659E-01  0.230E+08  0.725E-01  0.240E+08  0.779E-01
  0.250E+08  0.822E-01  0.260E+08  0.854E-01  0.270E+08  0.872E-01
  0.280E+08  0.870E-01  0.290E+08  0.866E-01  0.300E+08  0.863E-01
  0.310E+08  0.860E-01  0.320E+08  0.856E-01  0.330E+08  0.852E-01
  0.340E+08  0.849E-01  0.350E+08  0.838E-01  0.360E+08  0.830E-01
  0.370E+08  0.822E-01  0.380E+08  0.812E-01  0.390E+08  0.799E-01
  0.400E+08  0.785E-01  0.410E+08  0.772E-01  0.420E+08  0.764E-01
  0.430E+08  0.757E-01  0.440E+08  0.751E-01  0.450E+08  0.745E-01
  0.460E+08  0.738E-01  0.470E+08  0.732E-01  0.480E+08  0.729E-01
  0.490E+08  0.724E-01  0.500E+08  0.720E-01  0.520E+08  0.711E-01
  0.540E+08  0.701E-01  0.560E+08  0.692E-01  0.580E+08  0.683E-01
  0.600E+08  0.674E-01  0.620E+08  0.665E-01  0.640E+08  0.660E-01
  0.660E+08  0.655E-01  0.680E+08  0.650E-01  0.700E+08  0.649E-01
  0.720E+08  0.645E-01  0.740E+08  0.637E-01  0.760E+08  0.629E-01
  0.780E+08  0.620E-01  0.800E+08  0.612E-01  0.820E+08  0.604E-01
  0.840E+08  0.597E-01  0.860E+08  0.584E-01  0.880E+08  0.570E-01
  0.900E+08  0.557E-01  0.920E+08  0.543E-01  0.940E+08  0.530E-01
  0.960E+08  0.524E-01  0.980E+08  0.518E-01  0.100E+09  0.511E-01
SR88 
         154
           0
          62
  0.118E+08  0.000E+00  0.150E+08  0.579E-07  0.160E+08  0.174E-05
  0.170E+08  0.281E-04  0.180E+08  0.175E-03  0.190E+08  0.775E-03
  0.200E+08  0.244E-02  0.210E+08  0.574E-02  0.220E+08  0.122E-01
  0.230E+08  0.194E-01  0.240E+08  0.283E-01  0.250E+08  0.384E-01
  0.260E+08  0.499E-01  0.270E+08  0.631E-01  0.280E+08  0.776E-01
  0.290E+08  0.932E-01  0.300E+08  0.109E+00  0.310E+08  0.121E+00
  0.320E+08  0.137E+00  0.330E+08  0.151E+00  0.340E+08  0.161E+00
  0.350E+08  0.172E+00  0.360E+08  0.182E+00  0.370E+08  0.190E+00
  0.380E+08  0.195E+00  0.390E+08  0.198E+00  0.400E+08  0.201E+00
  0.410E+08  0.204E+00  0.420E+08  0.206E+00  0.430E+08  0.202E+00
  0.440E+08  0.200E+00  0.450E+08  0.197E+00  0.460E+08  0.194E+00
  0.470E+08  0.192E+00  0.480E+08  0.189E+00  0.490E+08  0.186E+00
  0.500E+08  0.184E+00  0.520E+08  0.178E+00  0.540E+08  0.170E+00
  0.560E+08  0.166E+00  0.580E+08  0.157E+00  0.600E+08  0.149E+00
  0.620E+08  0.144E+00  0.640E+08  0.141E+00  0.660E+08  0.139E+00
  0.680E+08  0.136E+00  0.700E+08  0.133E+00  0.720E+08  0.130E+00
  0.740E+08  0.127E+00  0.760E+08  0.130E+00  0.780E+08  0.128E+00
  0.800E+08  0.126E+00  0.820E+08  0.124E+00  0.840E+08  0.123E+00
  0.860E+08  0.121E+00  0.880E+08  0.120E+00  0.900E+08  0.118E+00
  0.920E+08  0.116E+00  0.940E+08  0.113E+00  0.960E+08  0.111E+00
  0.980E+08  0.108E+00  0.100E+09  0.107E+00
SR87 
         155
           0
          50
  0.231E+08  0.000E+00  0.270E+08  0.606E-07  0.280E+08  0.205E-05
  0.290E+08  0.219E-04  0.300E+08  0.123E-03  0.310E+08  0.464E-03
  0.320E+08  0.146E-02  0.330E+08  0.292E-02  0.340E+08  0.519E-02
  0.350E+08  0.953E-02  0.360E+08  0.157E-01  0.370E+08  0.248E-01
  0.380E+08  0.358E-01  0.390E+08  0.468E-01  0.400E+08  0.609E-01
  0.410E+08  0.724E-01  0.420E+08  0.792E-01  0.430E+08  0.964E-01
  0.440E+08  0.105E+00  0.450E+08  0.114E+00  0.460E+08  0.121E+00
  0.470E+08  0.128E+00  0.480E+08  0.132E+00  0.490E+08  0.135E+00
  0.500E+08  0.137E+00  0.520E+08  0.143E+00  0.540E+08  0.148E+00
  0.560E+08  0.148E+00  0.580E+08  0.148E+00  0.600E+08  0.149E+00
  0.620E+08  0.149E+00  0.640E+08  0.149E+00  0.660E+08  0.149E+00
  0.680E+08  0.143E+00  0.700E+08  0.138E+00  0.720E+08  0.133E+00
  0.740E+08  0.126E+00  0.760E+08  0.122E+00  0.780E+08  0.117E+00
  0.800E+08  0.114E+00  0.820E+08  0.110E+00  0.840E+08  0.105E+00
  0.860E+08  0.101E+00  0.880E+08  0.948E-01  0.900E+08  0.886E-01
  0.920E+08  0.824E-01  0.940E+08  0.806E-01  0.960E+08  0.787E-01
  0.980E+08  0.802E-01  0.100E+09  0.836E-01
SR86 
         156
           0
          42
  0.316E+08  0.000E+00  0.350E+08  0.104E-09  0.360E+08  0.330E-07
  0.370E+08  0.131E-05  0.380E+08  0.131E-04  0.390E+08  0.719E-04
  0.400E+08  0.240E-03  0.410E+08  0.668E-03  0.420E+08  0.133E-02
  0.430E+08  0.324E-02  0.440E+08  0.603E-02  0.450E+08  0.102E-01
  0.460E+08  0.152E-01  0.470E+08  0.234E-01  0.480E+08  0.323E-01
  0.490E+08  0.459E-01  0.500E+08  0.567E-01  0.520E+08  0.860E-01
  0.540E+08  0.993E-01  0.560E+08  0.123E+00  0.580E+08  0.147E+00
  0.600E+08  0.170E+00  0.620E+08  0.190E+00  0.640E+08  0.199E+00
  0.660E+08  0.205E+00  0.680E+08  0.210E+00  0.700E+08  0.218E+00
  0.720E+08  0.224E+00  0.740E+08  0.228E+00  0.760E+08  0.225E+00
  0.780E+08  0.222E+00  0.800E+08  0.220E+00  0.820E+08  0.217E+00
  0.840E+08  0.214E+00  0.860E+08  0.212E+00  0.880E+08  0.209E+00
  0.900E+08  0.206E+00  0.920E+08  0.204E+00  0.940E+08  0.201E+00
  0.960E+08  0.197E+00  0.980E+08  0.193E+00  0.100E+09  0.187E+00
SR85 
         157
           0
          30
  0.432E+08  0.000E+00  0.470E+08  0.472E-12  0.480E+08  0.742E-09
  0.490E+08  0.202E-06  0.500E+08  0.102E-05  0.520E+08  0.446E-04
  0.540E+08  0.225E-03  0.560E+08  0.119E-02  0.580E+08  0.405E-02
  0.600E+08  0.113E-01  0.620E+08  0.234E-01  0.640E+08  0.341E-01
  0.660E+08  0.458E-01  0.680E+08  0.624E-01  0.700E+08  0.752E-01
  0.720E+08  0.858E-01  0.740E+08  0.948E-01  0.760E+08  0.101E+00
  0.780E+08  0.110E+00  0.800E+08  0.114E+00  0.820E+08  0.110E+00
  0.840E+08  0.109E+00  0.860E+08  0.108E+00  0.880E+08  0.108E+00
  0.900E+08  0.108E+00  0.920E+08  0.107E+00  0.940E+08  0.117E+00
  0.960E+08  0.119E+00  0.980E+08  0.124E+00  0.100E+09  0.116E+00
SR84 
         158
           0
          24
  0.518E+08  0.000E+00  0.560E+08  0.632E-10  0.580E+08  0.588E-07
  0.600E+08  0.335E-05  0.620E+08  0.436E-04  0.640E+08  0.263E-03
  0.660E+08  0.811E-03  0.680E+08  0.239E-02  0.700E+08  0.461E-02
  0.720E+08  0.651E-02  0.740E+08  0.129E-01  0.760E+08  0.200E-01
  0.780E+08  0.304E-01  0.800E+08  0.418E-01  0.820E+08  0.521E-01
  0.840E+08  0.625E-01  0.860E+08  0.770E-01  0.880E+08  0.908E-01
  0.900E+08  0.100E+00  0.920E+08  0.111E+00  0.940E+08  0.119E+00
  0.960E+08  0.125E+00  0.980E+08  0.125E+00  0.100E+09  0.125E+00
SR83 
         159
           0
          18
  0.639E+08  0.000E+00  0.680E+08  0.854E-13  0.700E+08  0.773E-11
  0.720E+08  0.331E-09  0.740E+08  0.290E-07  0.760E+08  0.569E-06
  0.780E+08  0.487E-05  0.800E+08  0.278E-04  0.820E+08  0.907E-04
  0.840E+08  0.237E-03  0.860E+08  0.574E-03  0.880E+08  0.144E-02
  0.900E+08  0.267E-02  0.920E+08  0.692E-02  0.940E+08  0.111E-01
  0.960E+08  0.157E-01  0.980E+08  0.204E-01  0.100E+09  0.243E-01
SR82 
         160
           0
          13
  0.729E+08  0.000E+00  0.780E+08  0.786E-16  0.800E+08  0.763E-12
  0.820E+08  0.646E-10  0.840E+08  0.267E-08  0.860E+08  0.673E-07
  0.880E+08  0.113E-05  0.900E+08  0.622E-05  0.920E+08  0.473E-04
  0.940E+08  0.171E-03  0.960E+08  0.461E-03  0.980E+08  0.915E-03
  0.100E+09  0.225E-02
SR81 
         161
           0
           6
  0.856E+08  0.000E+00  0.920E+08  0.680E-16  0.940E+08  0.114E-12
  0.960E+08  0.181E-10  0.980E+08  0.622E-09  0.100E+09  0.145E-07
SR80 
         162
           0
           2
  0.950E+08  0.000E+00  0.100E+09  0.180E-19
RB88 
         174
           0
          55
  0.164E+08  0.000E+00  0.220E+08  0.351E-14  0.230E+08  0.616E-11
  0.240E+08  0.161E-09  0.250E+08  0.199E-08  0.260E+08  0.134E-07
  0.270E+08  0.650E-07  0.280E+08  0.248E-06  0.290E+08  0.818E-06
  0.300E+08  0.192E-05  0.310E+08  0.351E-05  0.320E+08  0.668E-05
  0.330E+08  0.114E-04  0.340E+08  0.191E-04  0.350E+08  0.324E-04
  0.360E+08  0.714E-04  0.370E+08  0.177E-03  0.380E+08  0.384E-03
  0.390E+08  0.692E-03  0.400E+08  0.931E-03  0.410E+08  0.136E-02
  0.420E+08  0.181E-02  0.430E+08  0.229E-02  0.440E+08  0.278E-02
  0.450E+08  0.328E-02  0.460E+08  0.377E-02  0.470E+08  0.418E-02
  0.480E+08  0.475E-02  0.490E+08  0.547E-02  0.500E+08  0.574E-02
  0.520E+08  0.608E-02  0.540E+08  0.592E-02  0.560E+08  0.576E-02
  0.580E+08  0.564E-02  0.600E+08  0.552E-02  0.620E+08  0.519E-02
  0.640E+08  0.509E-02  0.660E+08  0.511E-02  0.680E+08  0.499E-02
  0.700E+08  0.491E-02  0.720E+08  0.525E-02  0.740E+08  0.518E-02
  0.760E+08  0.498E-02  0.780E+08  0.494E-02  0.800E+08  0.491E-02
  0.820E+08  0.489E-02  0.840E+08  0.484E-02  0.860E+08  0.483E-02
  0.880E+08  0.483E-02  0.900E+08  0.478E-02  0.920E+08  0.512E-02
  0.940E+08  0.512E-02  0.960E+08  0.485E-02  0.980E+08  0.458E-02
  0.100E+09  0.426E-02
RB87 
         175
           0
          86
  0.100E-04  0.000E+00  0.300E+07  0.104E-06  0.350E+07  0.627E-06
  0.400E+07  0.184E-05  0.450E+07  0.438E-05  0.500E+07  0.940E-05
  0.550E+07  0.207E-04  0.600E+07  0.392E-04  0.650E+07  0.713E-04
  0.700E+07  0.124E-03  0.750E+07  0.207E-03  0.800E+07  0.327E-03
  0.850E+07  0.491E-03  0.900E+07  0.704E-03  0.950E+07  0.953E-03
  0.100E+08  0.123E-02  0.105E+08  0.159E-02  0.110E+08  0.200E-02
  0.115E+08  0.246E-02  0.120E+08  0.296E-02  0.125E+08  0.351E-02
  0.130E+08  0.409E-02  0.135E+08  0.471E-02  0.140E+08  0.537E-02
  0.145E+08  0.613E-02  0.150E+08  0.685E-02  0.160E+08  0.821E-02
  0.170E+08  0.953E-02  0.180E+08  0.104E-01  0.190E+08  0.109E-01
  0.200E+08  0.108E-01  0.210E+08  0.105E-01  0.220E+08  0.100E-01
  0.230E+08  0.960E-02  0.240E+08  0.919E-02  0.250E+08  0.859E-02
  0.260E+08  0.801E-02  0.270E+08  0.744E-02  0.280E+08  0.688E-02
  0.290E+08  0.634E-02  0.300E+08  0.583E-02  0.310E+08  0.559E-02
  0.320E+08  0.513E-02  0.330E+08  0.444E-02  0.340E+08  0.406E-02
  0.350E+08  0.372E-02  0.360E+08  0.342E-02  0.370E+08  0.315E-02
  0.380E+08  0.290E-02  0.390E+08  0.268E-02  0.400E+08  0.253E-02
  0.410E+08  0.237E-02  0.420E+08  0.232E-02  0.430E+08  0.223E-02
  0.440E+08  0.218E-02  0.450E+08  0.216E-02  0.460E+08  0.216E-02
  0.470E+08  0.220E-02  0.480E+08  0.228E-02  0.490E+08  0.248E-02
  0.500E+08  0.274E-02  0.520E+08  0.352E-02  0.540E+08  0.442E-02
  0.560E+08  0.542E-02  0.580E+08  0.656E-02  0.600E+08  0.759E-02
  0.620E+08  0.856E-02  0.640E+08  0.947E-02  0.660E+08  0.108E-01
  0.680E+08  0.116E-01  0.700E+08  0.118E-01  0.720E+08  0.120E-01
  0.740E+08  0.122E-01  0.760E+08  0.123E-01  0.780E+08  0.122E-01
  0.800E+08  0.120E-01  0.820E+08  0.123E-01  0.840E+08  0.121E-01
  0.860E+08  0.118E-01  0.880E+08  0.115E-01  0.900E+08  0.112E-01
  0.920E+08  0.106E-01  0.940E+08  0.104E-01  0.960E+08  0.100E-01
  0.980E+08  0.979E-02  0.100E+09  0.957E-02
RB86 
         176
           0
          66
  0.624E+07  0.000E+00  0.130E+08  0.149E-07  0.135E+08  0.590E-06
  0.140E+08  0.274E-05  0.145E+08  0.120E-04  0.150E+08  0.315E-04
  0.160E+08  0.138E-03  0.170E+08  0.497E-03  0.180E+08  0.133E-02
  0.190E+08  0.284E-02  0.200E+08  0.476E-02  0.210E+08  0.698E-02
  0.220E+08  0.928E-02  0.230E+08  0.114E-01  0.240E+08  0.138E-01
  0.250E+08  0.163E-01  0.260E+08  0.186E-01  0.270E+08  0.206E-01
  0.280E+08  0.222E-01  0.290E+08  0.227E-01  0.300E+08  0.226E-01
  0.310E+08  0.222E-01  0.320E+08  0.212E-01  0.330E+08  0.196E-01
  0.340E+08  0.183E-01  0.350E+08  0.170E-01  0.360E+08  0.158E-01
  0.370E+08  0.146E-01  0.380E+08  0.134E-01  0.390E+08  0.123E-01
  0.400E+08  0.107E-01  0.410E+08  0.982E-02  0.420E+08  0.920E-02
  0.430E+08  0.842E-02  0.440E+08  0.770E-02  0.450E+08  0.721E-02
  0.460E+08  0.672E-02  0.470E+08  0.616E-02  0.480E+08  0.567E-02
  0.490E+08  0.509E-02  0.500E+08  0.475E-02  0.520E+08  0.432E-02
  0.540E+08  0.440E-02  0.560E+08  0.456E-02  0.580E+08  0.509E-02
  0.600E+08  0.585E-02  0.620E+08  0.664E-02  0.640E+08  0.712E-02
  0.660E+08  0.772E-02  0.680E+08  0.888E-02  0.700E+08  0.952E-02
  0.720E+08  0.990E-02  0.740E+08  0.106E-01  0.760E+08  0.111E-01
  0.780E+08  0.116E-01  0.800E+08  0.125E-01  0.820E+08  0.132E-01
  0.840E+08  0.138E-01  0.860E+08  0.149E-01  0.880E+08  0.158E-01
  0.900E+08  0.166E-01  0.920E+08  0.169E-01  0.940E+08  0.174E-01
  0.960E+08  0.175E-01  0.980E+08  0.175E-01  0.100E+09  0.180E-01
RB85 
         177
           0
          55
  0.150E+08  0.000E+00  0.220E+08  0.312E-07  0.230E+08  0.118E-05
  0.240E+08  0.120E-04  0.250E+08  0.713E-04  0.260E+08  0.295E-03
  0.270E+08  0.734E-03  0.280E+08  0.181E-02  0.290E+08  0.363E-02
  0.300E+08  0.614E-02  0.310E+08  0.840E-02  0.320E+08  0.117E-01
  0.330E+08  0.155E-01  0.340E+08  0.188E-01  0.350E+08  0.221E-01
  0.360E+08  0.251E-01  0.370E+08  0.285E-01  0.380E+08  0.313E-01
  0.390E+08  0.337E-01  0.400E+08  0.356E-01  0.410E+08  0.370E-01
  0.420E+08  0.373E-01  0.430E+08  0.372E-01  0.440E+08  0.365E-01
  0.450E+08  0.356E-01  0.460E+08  0.344E-01  0.470E+08  0.328E-01
  0.480E+08  0.309E-01  0.490E+08  0.290E-01  0.500E+08  0.273E-01
  0.520E+08  0.237E-01  0.540E+08  0.212E-01  0.560E+08  0.184E-01
  0.580E+08  0.158E-01  0.600E+08  0.139E-01  0.620E+08  0.123E-01
  0.640E+08  0.101E-01  0.660E+08  0.973E-02  0.680E+08  0.975E-02
  0.700E+08  0.110E-01  0.720E+08  0.118E-01  0.740E+08  0.133E-01
  0.760E+08  0.148E-01  0.780E+08  0.162E-01  0.800E+08  0.177E-01
  0.820E+08  0.192E-01  0.840E+08  0.200E-01  0.860E+08  0.213E-01
  0.880E+08  0.219E-01  0.900E+08  0.221E-01  0.920E+08  0.225E-01
  0.940E+08  0.231E-01  0.960E+08  0.238E-01  0.980E+08  0.247E-01
  0.100E+09  0.253E-01
RB84 
         178
           0
          44
  0.256E+08  0.000E+00  0.330E+08  0.119E-09  0.340E+08  0.293E-07
  0.350E+08  0.106E-05  0.360E+08  0.829E-05  0.370E+08  0.371E-04
  0.380E+08  0.150E-03  0.390E+08  0.458E-03  0.400E+08  0.128E-02
  0.410E+08  0.254E-02  0.420E+08  0.407E-02  0.430E+08  0.639E-02
  0.440E+08  0.911E-02  0.450E+08  0.115E-01  0.460E+08  0.142E-01
  0.470E+08  0.176E-01  0.480E+08  0.209E-01  0.490E+08  0.245E-01
  0.500E+08  0.272E-01  0.520E+08  0.321E-01  0.540E+08  0.341E-01
  0.560E+08  0.364E-01  0.580E+08  0.368E-01  0.600E+08  0.350E-01
  0.620E+08  0.328E-01  0.640E+08  0.290E-01  0.660E+08  0.251E-01
  0.680E+08  0.213E-01  0.700E+08  0.175E-01  0.720E+08  0.153E-01
  0.740E+08  0.138E-01  0.760E+08  0.124E-01  0.780E+08  0.118E-01
  0.800E+08  0.121E-01  0.820E+08  0.129E-01  0.840E+08  0.141E-01
  0.860E+08  0.161E-01  0.880E+08  0.181E-01  0.900E+08  0.202E-01
  0.920E+08  0.222E-01  0.940E+08  0.242E-01  0.960E+08  0.262E-01
  0.980E+08  0.277E-01  0.100E+09  0.283E-01
RB83 
         179
           0
          35
  0.345E+08  0.000E+00  0.420E+08  0.115E-10  0.430E+08  0.276E-08
  0.440E+08  0.607E-07  0.450E+08  0.766E-06  0.460E+08  0.380E-05
  0.470E+08  0.190E-04  0.480E+08  0.688E-04  0.490E+08  0.119E-03
  0.500E+08  0.315E-03  0.520E+08  0.136E-02  0.540E+08  0.296E-02
  0.560E+08  0.660E-02  0.580E+08  0.119E-01  0.600E+08  0.185E-01
  0.620E+08  0.252E-01  0.640E+08  0.357E-01  0.660E+08  0.413E-01
  0.680E+08  0.448E-01  0.700E+08  0.471E-01  0.720E+08  0.471E-01
  0.740E+08  0.467E-01  0.760E+08  0.446E-01  0.780E+08  0.416E-01
  0.800E+08  0.390E-01  0.820E+08  0.361E-01  0.840E+08  0.308E-01
  0.860E+08  0.298E-01  0.880E+08  0.282E-01  0.900E+08  0.257E-01
  0.920E+08  0.257E-01  0.940E+08  0.262E-01  0.960E+08  0.267E-01
  0.980E+08  0.293E-01  0.100E+09  0.312E-01
RB82 
         180
           0
          24
  0.455E+08  0.000E+00  0.560E+08  0.185E-08  0.580E+08  0.187E-06
  0.600E+08  0.655E-05  0.620E+08  0.393E-04  0.640E+08  0.393E-03
  0.660E+08  0.123E-02  0.680E+08  0.286E-02  0.700E+08  0.513E-02
  0.720E+08  0.850E-02  0.740E+08  0.128E-01  0.760E+08  0.183E-01
  0.780E+08  0.225E-01  0.800E+08  0.258E-01  0.820E+08  0.283E-01
  0.840E+08  0.323E-01  0.860E+08  0.322E-01  0.880E+08  0.321E-01
  0.900E+08  0.314E-01  0.920E+08  0.289E-01  0.940E+08  0.271E-01
  0.960E+08  0.254E-01  0.980E+08  0.236E-01  0.100E+09  0.226E-01
RB81 
         181
           0
          21
  0.544E+08  0.000E+00  0.620E+08  0.841E-13  0.640E+08  0.421E-09
  0.660E+08  0.345E-07  0.680E+08  0.744E-06  0.700E+08  0.148E-05
  0.720E+08  0.143E-04  0.740E+08  0.853E-04  0.760E+08  0.364E-03
  0.780E+08  0.930E-03  0.800E+08  0.200E-02  0.820E+08  0.342E-02
  0.840E+08  0.555E-02  0.860E+08  0.768E-02  0.880E+08  0.105E-01
  0.900E+08  0.138E-01  0.920E+08  0.200E-01  0.940E+08  0.236E-01
  0.960E+08  0.262E-01  0.980E+08  0.283E-01  0.100E+09  0.302E-01
RB80 
         182
           0
          14
  0.659E+08  0.000E+00  0.760E+08  0.122E-11  0.780E+08  0.225E-09
  0.800E+08  0.893E-08  0.820E+08  0.464E-07  0.840E+08  0.707E-06
  0.860E+08  0.222E-05  0.880E+08  0.729E-05  0.900E+08  0.282E-04
  0.920E+08  0.133E-03  0.940E+08  0.301E-03  0.960E+08  0.587E-03
  0.980E+08  0.961E-03  0.100E+09  0.141E-02
RB79 
         183
           0
          10
  0.754E+08  0.000E+00  0.840E+08  0.289E-16  0.860E+08  0.217E-14
  0.880E+08  0.378E-12  0.900E+08  0.912E-11  0.920E+08  0.208E-08
  0.940E+08  0.224E-07  0.960E+08  0.160E-06  0.980E+08  0.567E-06
  0.100E+09  0.128E-05
RB78 
         184
           0
           4
  0.875E+08  0.000E+00  0.960E+08  0.579E-19  0.980E+08  0.784E-18
  0.100E+09  0.137E-15
KR88 
         219
           0
          47
  0.208E+08  0.000E+00  0.300E+08  0.341E-17  0.310E+08  0.905E-16
  0.320E+08  0.148E-14  0.330E+08  0.135E-13  0.340E+08  0.820E-13
  0.350E+08  0.379E-12  0.360E+08  0.142E-11  0.370E+08  0.459E-11
  0.380E+08  0.107E-10  0.390E+08  0.216E-10  0.400E+08  0.715E-10
  0.410E+08  0.152E-09  0.420E+08  0.305E-09  0.430E+08  0.561E-09
  0.440E+08  0.951E-09  0.450E+08  0.149E-08  0.460E+08  0.233E-08
  0.470E+08  0.279E-08  0.480E+08  0.354E-08  0.490E+08  0.442E-08
  0.500E+08  0.557E-08  0.520E+08  0.735E-08  0.540E+08  0.124E-07
  0.560E+08  0.207E-07  0.580E+08  0.366E-07  0.600E+08  0.576E-07
  0.620E+08  0.883E-07  0.640E+08  0.132E-06  0.660E+08  0.163E-06
  0.680E+08  0.180E-06  0.700E+08  0.165E-06  0.720E+08  0.180E-06
  0.740E+08  0.179E-06  0.760E+08  0.176E-06  0.780E+08  0.172E-06
  0.800E+08  0.148E-06  0.820E+08  0.157E-06  0.840E+08  0.150E-06
  0.860E+08  0.147E-06  0.880E+08  0.126E-06  0.900E+08  0.134E-06
  0.920E+08  0.133E-06  0.940E+08  0.131E-06  0.960E+08  0.130E-06
  0.980E+08  0.112E-06  0.100E+09  0.120E-06
KR87 
         220
           0
          42
  0.257E+08  0.000E+00  0.350E+08  0.161E-16  0.360E+08  0.973E-15
  0.370E+08  0.195E-13  0.380E+08  0.202E-12  0.390E+08  0.135E-11
  0.400E+08  0.783E-11  0.410E+08  0.321E-10  0.420E+08  0.917E-10
  0.430E+08  0.278E-09  0.440E+08  0.775E-09  0.450E+08  0.187E-08
  0.460E+08  0.393E-08  0.470E+08  0.744E-08  0.480E+08  0.140E-07
  0.490E+08  0.216E-07  0.500E+08  0.345E-07  0.520E+08  0.716E-07
  0.540E+08  0.128E-06  0.560E+08  0.225E-06  0.580E+08  0.324E-06
  0.600E+08  0.416E-06  0.620E+08  0.492E-06  0.640E+08  0.629E-06
  0.660E+08  0.807E-06  0.680E+08  0.108E-05  0.700E+08  0.136E-05
  0.720E+08  0.188E-05  0.740E+08  0.239E-05  0.760E+08  0.298E-05
  0.780E+08  0.345E-05  0.800E+08  0.356E-05  0.820E+08  0.401E-05
  0.840E+08  0.367E-05  0.860E+08  0.371E-05  0.880E+08  0.345E-05
  0.900E+08  0.357E-05  0.920E+08  0.344E-05  0.940E+08  0.337E-05
  0.960E+08  0.327E-05  0.980E+08  0.297E-05  0.100E+09  0.303E-05
KR86 
         221
           0
          63
  0.492E+07  0.000E+00  0.145E+08  0.330E-12  0.150E+08  0.434E-11
  0.160E+08  0.899E-10  0.170E+08  0.748E-09  0.180E+08  0.406E-08
  0.190E+08  0.171E-07  0.200E+08  0.541E-07  0.210E+08  0.141E-06
  0.220E+08  0.295E-06  0.230E+08  0.548E-06  0.240E+08  0.102E-05
  0.250E+08  0.181E-05  0.260E+08  0.302E-05  0.270E+08  0.479E-05
  0.280E+08  0.741E-05  0.290E+08  0.107E-04  0.300E+08  0.149E-04
  0.310E+08  0.184E-04  0.320E+08  0.229E-04  0.330E+08  0.272E-04
  0.340E+08  0.303E-04  0.350E+08  0.343E-04  0.360E+08  0.357E-04
  0.370E+08  0.364E-04  0.380E+08  0.361E-04  0.390E+08  0.353E-04
  0.400E+08  0.379E-04  0.410E+08  0.341E-04  0.420E+08  0.329E-04
  0.430E+08  0.314E-04  0.440E+08  0.299E-04  0.450E+08  0.293E-04
  0.460E+08  0.279E-04  0.470E+08  0.265E-04  0.480E+08  0.252E-04
  0.490E+08  0.250E-04  0.500E+08  0.238E-04  0.520E+08  0.216E-04
  0.540E+08  0.192E-04  0.560E+08  0.179E-04  0.580E+08  0.137E-04
  0.600E+08  0.138E-04  0.620E+08  0.149E-04  0.640E+08  0.162E-04
  0.660E+08  0.192E-04  0.680E+08  0.238E-04  0.700E+08  0.272E-04
  0.720E+08  0.296E-04  0.740E+08  0.327E-04  0.760E+08  0.395E-04
  0.780E+08  0.402E-04  0.800E+08  0.417E-04  0.820E+08  0.462E-04
  0.840E+08  0.494E-04  0.860E+08  0.537E-04  0.880E+08  0.572E-04
  0.900E+08  0.629E-04  0.920E+08  0.686E-04  0.940E+08  0.760E-04
  0.960E+08  0.858E-04  0.980E+08  0.908E-04  0.100E+09  0.104E-03
KR85 
         222
           0
          54
  0.126E+08  0.000E+00  0.230E+08  0.479E-13  0.240E+08  0.147E-11
  0.250E+08  0.258E-10  0.260E+08  0.391E-09  0.270E+08  0.439E-08
  0.280E+08  0.306E-07  0.290E+08  0.155E-06  0.300E+08  0.604E-06
  0.310E+08  0.198E-05  0.320E+08  0.490E-05  0.330E+08  0.111E-04
  0.340E+08  0.204E-04  0.350E+08  0.306E-04  0.360E+08  0.484E-04
  0.370E+08  0.712E-04  0.380E+08  0.974E-04  0.390E+08  0.127E-03
  0.400E+08  0.163E-03  0.410E+08  0.187E-03  0.420E+08  0.209E-03
  0.430E+08  0.238E-03  0.440E+08  0.246E-03  0.450E+08  0.253E-03
  0.460E+08  0.257E-03  0.470E+08  0.257E-03  0.480E+08  0.252E-03
  0.490E+08  0.262E-03  0.500E+08  0.260E-03  0.520E+08  0.240E-03
  0.540E+08  0.218E-03  0.560E+08  0.198E-03  0.580E+08  0.163E-03
  0.600E+08  0.149E-03  0.620E+08  0.135E-03  0.640E+08  0.121E-03
  0.660E+08  0.130E-03  0.680E+08  0.119E-03  0.700E+08  0.115E-03
  0.720E+08  0.101E-03  0.740E+08  0.109E-03  0.760E+08  0.115E-03
  0.780E+08  0.132E-03  0.800E+08  0.146E-03  0.820E+08  0.164E-03
  0.840E+08  0.178E-03  0.860E+08  0.187E-03  0.880E+08  0.193E-03
  0.900E+08  0.191E-03  0.920E+08  0.192E-03  0.940E+08  0.219E-03
  0.960E+08  0.218E-03  0.980E+08  0.218E-03  0.100E+09  0.224E-03
KR84 
         223
           0
          47
  0.198E+08  0.000E+00  0.300E+08  0.311E-12  0.310E+08  0.149E-10
  0.320E+08  0.226E-09  0.330E+08  0.153E-08  0.340E+08  0.105E-07
  0.350E+08  0.429E-07  0.360E+08  0.194E-06  0.370E+08  0.789E-06
  0.380E+08  0.253E-05  0.390E+08  0.692E-05  0.400E+08  0.173E-04
  0.410E+08  0.347E-04  0.420E+08  0.589E-04  0.430E+08  0.887E-04
  0.440E+08  0.148E-03  0.450E+08  0.214E-03  0.460E+08  0.297E-03
  0.470E+08  0.394E-03  0.480E+08  0.504E-03  0.490E+08  0.558E-03
  0.500E+08  0.710E-03  0.520E+08  0.101E-02  0.540E+08  0.127E-02
  0.560E+08  0.162E-02  0.580E+08  0.186E-02  0.600E+08  0.213E-02
  0.620E+08  0.209E-02  0.640E+08  0.214E-02  0.660E+08  0.206E-02
  0.680E+08  0.195E-02  0.700E+08  0.185E-02  0.720E+08  0.164E-02
  0.740E+08  0.158E-02  0.760E+08  0.143E-02  0.780E+08  0.140E-02
  0.800E+08  0.135E-02  0.820E+08  0.137E-02  0.840E+08  0.149E-02
  0.860E+08  0.148E-02  0.880E+08  0.152E-02  0.900E+08  0.154E-02
  0.920E+08  0.165E-02  0.940E+08  0.174E-02  0.960E+08  0.182E-02
  0.980E+08  0.188E-02  0.100E+09  0.196E-02
KR83 
         224
           0
          37
  0.305E+08  0.000E+00  0.400E+08  0.108E-16  0.410E+08  0.723E-13
  0.420E+08  0.364E-11  0.430E+08  0.743E-10  0.440E+08  0.106E-08
  0.450E+08  0.759E-08  0.460E+08  0.397E-07  0.470E+08  0.170E-06
  0.480E+08  0.612E-06  0.490E+08  0.139E-05  0.500E+08  0.370E-05
  0.520E+08  0.209E-04  0.540E+08  0.678E-04  0.560E+08  0.188E-03
  0.580E+08  0.452E-03  0.600E+08  0.886E-03  0.620E+08  0.161E-02
  0.640E+08  0.220E-02  0.660E+08  0.280E-02  0.680E+08  0.351E-02
  0.700E+08  0.397E-02  0.720E+08  0.418E-02  0.740E+08  0.415E-02
  0.760E+08  0.398E-02  0.780E+08  0.390E-02  0.800E+08  0.377E-02
  0.820E+08  0.390E-02  0.840E+08  0.387E-02  0.860E+08  0.368E-02
  0.880E+08  0.357E-02  0.900E+08  0.347E-02  0.920E+08  0.340E-02
  0.940E+08  0.336E-02  0.960E+08  0.340E-02  0.980E+08  0.351E-02
  0.100E+09  0.351E-02
KR82 
         225
           0
          29
  0.380E+08  0.000E+00  0.480E+08  0.116E-15  0.490E+08  0.449E-13
  0.500E+08  0.144E-11  0.520E+08  0.636E-09  0.540E+08  0.219E-07
  0.560E+08  0.402E-06  0.580E+08  0.352E-05  0.600E+08  0.300E-04
  0.620E+08  0.136E-03  0.640E+08  0.401E-03  0.660E+08  0.873E-03
  0.680E+08  0.142E-02  0.700E+08  0.243E-02  0.720E+08  0.391E-02
  0.740E+08  0.545E-02  0.760E+08  0.708E-02  0.780E+08  0.887E-02
  0.800E+08  0.107E-01  0.820E+08  0.118E-01  0.840E+08  0.131E-01
  0.860E+08  0.141E-01  0.880E+08  0.152E-01  0.900E+08  0.158E-01
  0.920E+08  0.162E-01  0.940E+08  0.161E-01  0.960E+08  0.160E-01
  0.980E+08  0.159E-01  0.100E+09  0.154E-01
KR81 
         226
           0
          22
  0.491E+08  0.000E+00  0.600E+08  0.248E-14  0.620E+08  0.205E-10
  0.640E+08  0.180E-08  0.660E+08  0.416E-07  0.680E+08  0.559E-06
  0.700E+08  0.229E-05  0.720E+08  0.145E-04  0.740E+08  0.567E-04
  0.760E+08  0.175E-03  0.780E+08  0.427E-03  0.800E+08  0.861E-03
  0.820E+08  0.135E-02  0.840E+08  0.212E-02  0.860E+08  0.280E-02
  0.880E+08  0.429E-02  0.900E+08  0.569E-02  0.920E+08  0.753E-02
  0.940E+08  0.905E-02  0.960E+08  0.106E-01  0.980E+08  0.119E-01
  0.100E+09  0.130E-01
KR80 
         227
           0
          18
  0.571E+08  0.000E+00  0.680E+08  0.431E-14  0.700E+08  0.152E-11
  0.720E+08  0.242E-09  0.740E+08  0.917E-08  0.760E+08  0.167E-06
  0.780E+08  0.152E-05  0.800E+08  0.875E-05  0.820E+08  0.186E-04
  0.840E+08  0.555E-04  0.860E+08  0.118E-03  0.880E+08  0.248E-03
  0.900E+08  0.547E-03  0.920E+08  0.116E-02  0.940E+08  0.207E-02
  0.960E+08  0.342E-02  0.980E+08  0.535E-02  0.100E+09  0.721E-02
KR79 
         228
           0
          12
  0.687E+08  0.000E+00  0.800E+08  0.242E-17  0.820E+08  0.179E-14
  0.840E+08  0.362E-12  0.860E+08  0.846E-11  0.880E+08  0.293E-09
  0.900E+08  0.498E-08  0.920E+08  0.106E-06  0.940E+08  0.817E-06
  0.960E+08  0.402E-05  0.980E+08  0.133E-04  0.100E+09  0.249E-04
KR78 
         229
           0
           8
  0.772E+08  0.000E+00  0.880E+08  0.155E-22  0.900E+08  0.179E-17
  0.920E+08  0.230E-14  0.940E+08  0.721E-12  0.960E+08  0.385E-10
  0.980E+08  0.498E-09  0.100E+09  0.499E-08
KR77 
         230
           0
           2
  0.893E+08  0.000E+00  0.100E+09  0.145E-23
BR87 
         254
           0
          31
  0.341E+08  0.000E+00  0.460E+08  0.247E-23  0.470E+08  0.244E-21
  0.480E+08  0.133E-19  0.490E+08  0.923E-19  0.500E+08  0.942E-18
  0.520E+08  0.307E-16  0.540E+08  0.597E-15  0.560E+08  0.720E-14
  0.580E+08  0.535E-13  0.600E+08  0.194E-12  0.620E+08  0.701E-12
  0.640E+08  0.260E-11  0.660E+08  0.919E-11  0.680E+08  0.221E-10
  0.700E+08  0.305E-10  0.720E+08  0.465E-10  0.740E+08  0.496E-10
  0.760E+08  0.589E-10  0.780E+08  0.659E-10  0.800E+08  0.563E-10
  0.820E+08  0.636E-10  0.840E+08  0.679E-10  0.860E+08  0.732E-10
  0.880E+08  0.699E-10  0.900E+08  0.901E-10  0.920E+08  0.125E-09
  0.940E+08  0.163E-09  0.960E+08  0.261E-09  0.980E+08  0.332E-09
  0.100E+09  0.426E-09
BR86 
         255
           0
          28
  0.382E+08  0.000E+00  0.490E+08  0.383E-23  0.500E+08  0.880E-21
  0.520E+08  0.236E-18  0.540E+08  0.431E-16  0.560E+08  0.932E-15
  0.580E+08  0.235E-13  0.600E+08  0.250E-12  0.620E+08  0.193E-11
  0.640E+08  0.109E-10  0.660E+08  0.475E-10  0.680E+08  0.187E-09
  0.700E+08  0.400E-09  0.720E+08  0.838E-09  0.740E+08  0.155E-08
  0.760E+08  0.251E-08  0.780E+08  0.344E-08  0.800E+08  0.425E-08
  0.820E+08  0.570E-08  0.840E+08  0.678E-08  0.860E+08  0.760E-08
  0.880E+08  0.911E-08  0.900E+08  0.935E-08  0.920E+08  0.800E-08
  0.940E+08  0.824E-08  0.960E+08  0.766E-08  0.980E+08  0.781E-08
  0.100E+09  0.900E-08
BR85 
         256
           0
          47
  0.170E+08  0.000E+00  0.300E+08  0.193E-16  0.310E+08  0.134E-14
  0.320E+08  0.221E-13  0.330E+08  0.262E-12  0.340E+08  0.169E-11
  0.350E+08  0.940E-11  0.360E+08  0.369E-10  0.370E+08  0.106E-09
  0.380E+08  0.299E-09  0.390E+08  0.730E-09  0.400E+08  0.159E-08
  0.410E+08  0.313E-08  0.420E+08  0.555E-08  0.430E+08  0.996E-08
  0.440E+08  0.169E-07  0.450E+08  0.294E-07  0.460E+08  0.403E-07
  0.470E+08  0.596E-07  0.480E+08  0.843E-07  0.490E+08  0.112E-06
  0.500E+08  0.133E-06  0.520E+08  0.210E-06  0.540E+08  0.289E-06
  0.560E+08  0.363E-06  0.580E+08  0.448E-06  0.600E+08  0.448E-06
  0.620E+08  0.498E-06  0.640E+08  0.517E-06  0.660E+08  0.625E-06
  0.680E+08  0.661E-06  0.700E+08  0.728E-06  0.720E+08  0.818E-06
  0.740E+08  0.845E-06  0.760E+08  0.861E-06  0.780E+08  0.924E-06
  0.800E+08  0.927E-06  0.820E+08  0.100E-05  0.840E+08  0.102E-05
  0.860E+08  0.117E-05  0.880E+08  0.119E-05  0.900E+08  0.128E-05
  0.920E+08  0.133E-05  0.940E+08  0.139E-05  0.960E+08  0.135E-05
  0.980E+08  0.137E-05  0.100E+09  0.148E-05
BR84 
         257
           0
          41
  0.237E+08  0.000E+00  0.360E+08  0.408E-19  0.370E+08  0.560E-17
  0.380E+08  0.345E-15  0.390E+08  0.731E-14  0.400E+08  0.118E-12
  0.410E+08  0.994E-12  0.420E+08  0.593E-11  0.430E+08  0.332E-10
  0.440E+08  0.165E-09  0.450E+08  0.552E-09  0.460E+08  0.160E-08
  0.470E+08  0.454E-08  0.480E+08  0.116E-07  0.490E+08  0.185E-07
  0.500E+08  0.359E-07  0.520E+08  0.130E-06  0.540E+08  0.347E-06
  0.560E+08  0.794E-06  0.580E+08  0.176E-05  0.600E+08  0.259E-05
  0.620E+08  0.366E-05  0.640E+08  0.460E-05  0.660E+08  0.564E-05
  0.680E+08  0.591E-05  0.700E+08  0.628E-05  0.720E+08  0.562E-05
  0.740E+08  0.593E-05  0.760E+08  0.653E-05  0.780E+08  0.623E-05
  0.800E+08  0.672E-05  0.820E+08  0.765E-05  0.840E+08  0.847E-05
  0.860E+08  0.898E-05  0.880E+08  0.919E-05  0.900E+08  0.988E-05
  0.920E+08  0.117E-04  0.940E+08  0.123E-04  0.960E+08  0.134E-04
  0.980E+08  0.138E-04  0.100E+09  0.146E-04
BR83 
         258
           0
          59
  0.430E+07  0.000E+00  0.180E+08  0.153E-13  0.190E+08  0.531E-12
  0.200E+08  0.608E-11  0.210E+08  0.437E-10  0.220E+08  0.259E-09
  0.230E+08  0.823E-09  0.240E+08  0.210E-08  0.250E+08  0.651E-08
  0.260E+08  0.174E-07  0.270E+08  0.410E-07  0.280E+08  0.893E-07
  0.290E+08  0.174E-06  0.300E+08  0.320E-06  0.310E+08  0.601E-06
  0.320E+08  0.981E-06  0.330E+08  0.143E-05  0.340E+08  0.211E-05
  0.350E+08  0.295E-05  0.360E+08  0.387E-05  0.370E+08  0.483E-05
  0.380E+08  0.565E-05  0.390E+08  0.624E-05  0.400E+08  0.711E-05
  0.410E+08  0.778E-05  0.420E+08  0.699E-05  0.430E+08  0.690E-05
  0.440E+08  0.727E-05  0.450E+08  0.700E-05  0.460E+08  0.669E-05
  0.470E+08  0.634E-05  0.480E+08  0.598E-05  0.490E+08  0.565E-05
  0.500E+08  0.530E-05  0.520E+08  0.461E-05  0.540E+08  0.429E-05
  0.560E+08  0.342E-05  0.580E+08  0.332E-05  0.600E+08  0.356E-05
  0.620E+08  0.478E-05  0.640E+08  0.781E-05  0.660E+08  0.132E-04
  0.680E+08  0.209E-04  0.700E+08  0.305E-04  0.720E+08  0.431E-04
  0.740E+08  0.550E-04  0.760E+08  0.685E-04  0.780E+08  0.748E-04
  0.800E+08  0.813E-04  0.820E+08  0.879E-04  0.840E+08  0.916E-04
  0.860E+08  0.933E-04  0.880E+08  0.907E-04  0.900E+08  0.899E-04
  0.920E+08  0.901E-04  0.940E+08  0.935E-04  0.960E+08  0.951E-04
  0.980E+08  0.969E-04  0.100E+09  0.103E-03
BR82 
         259
           0
          49
  0.140E+08  0.000E+00  0.280E+08  0.456E-13  0.290E+08  0.337E-11
  0.300E+08  0.561E-10  0.310E+08  0.528E-09  0.320E+08  0.353E-08
  0.330E+08  0.280E-07  0.340E+08  0.102E-06  0.350E+08  0.305E-06
  0.360E+08  0.793E-06  0.370E+08  0.179E-05  0.380E+08  0.351E-05
  0.390E+08  0.615E-05  0.400E+08  0.106E-04  0.410E+08  0.154E-04
  0.420E+08  0.192E-04  0.430E+08  0.258E-04  0.440E+08  0.337E-04
  0.450E+08  0.438E-04  0.460E+08  0.538E-04  0.470E+08  0.637E-04
  0.480E+08  0.724E-04  0.490E+08  0.772E-04  0.500E+08  0.844E-04
  0.520E+08  0.901E-04  0.540E+08  0.929E-04  0.560E+08  0.839E-04
  0.580E+08  0.868E-04  0.600E+08  0.796E-04  0.620E+08  0.592E-04
  0.640E+08  0.533E-04  0.660E+08  0.420E-04  0.680E+08  0.374E-04
  0.700E+08  0.309E-04  0.720E+08  0.347E-04  0.740E+08  0.423E-04
  0.760E+08  0.595E-04  0.780E+08  0.851E-04  0.800E+08  0.119E-03
  0.820E+08  0.160E-03  0.840E+08  0.206E-03  0.860E+08  0.253E-03
  0.880E+08  0.293E-03  0.900E+08  0.322E-03  0.920E+08  0.358E-03
  0.940E+08  0.374E-03  0.960E+08  0.391E-03  0.980E+08  0.397E-03
  0.100E+09  0.405E-03
BR81 
         260
           0
          42
  0.217E+08  0.000E+00  0.350E+08  0.416E-15  0.360E+08  0.315E-12
  0.370E+08  0.122E-10  0.380E+08  0.170E-09  0.390E+08  0.149E-08
  0.400E+08  0.115E-07  0.410E+08  0.490E-07  0.420E+08  0.153E-06
  0.430E+08  0.392E-06  0.440E+08  0.948E-06  0.450E+08  0.255E-05
  0.460E+08  0.561E-05  0.470E+08  0.114E-04  0.480E+08  0.205E-04
  0.490E+08  0.304E-04  0.500E+08  0.487E-04  0.520E+08  0.980E-04
  0.540E+08  0.159E-03  0.560E+08  0.244E-03  0.580E+08  0.329E-03
  0.600E+08  0.452E-03  0.620E+08  0.549E-03  0.640E+08  0.630E-03
  0.660E+08  0.626E-03  0.680E+08  0.641E-03  0.700E+08  0.600E-03
  0.720E+08  0.572E-03  0.740E+08  0.513E-03  0.760E+08  0.489E-03
  0.780E+08  0.454E-03  0.800E+08  0.420E-03  0.820E+08  0.398E-03
  0.840E+08  0.388E-03  0.860E+08  0.404E-03  0.880E+08  0.446E-03
  0.900E+08  0.536E-03  0.920E+08  0.657E-03  0.940E+08  0.756E-03
  0.960E+08  0.919E-03  0.980E+08  0.106E-02  0.100E+09  0.125E-02
BR80 
         261
           0
          31
  0.319E+08  0.000E+00  0.460E+08  0.667E-16  0.470E+08  0.331E-13
  0.480E+08  0.655E-12  0.490E+08  0.909E-11  0.500E+08  0.112E-09
  0.520E+08  0.548E-08  0.540E+08  0.130E-06  0.560E+08  0.137E-05
  0.580E+08  0.814E-05  0.600E+08  0.334E-04  0.620E+08  0.109E-03
  0.640E+08  0.238E-03  0.660E+08  0.402E-03  0.680E+08  0.633E-03
  0.700E+08  0.932E-03  0.720E+08  0.117E-02  0.740E+08  0.135E-02
  0.760E+08  0.148E-02  0.780E+08  0.160E-02  0.800E+08  0.161E-02
  0.820E+08  0.160E-02  0.840E+08  0.139E-02  0.860E+08  0.131E-02
  0.880E+08  0.122E-02  0.900E+08  0.108E-02  0.920E+08  0.103E-02
  0.940E+08  0.914E-03  0.960E+08  0.880E-03  0.980E+08  0.845E-03
  0.100E+09  0.971E-03
BR79 
         262
           0
          24
  0.399E+08  0.000E+00  0.560E+08  0.536E-13  0.580E+08  0.194E-10
  0.600E+08  0.172E-08  0.620E+08  0.305E-07  0.640E+08  0.555E-06
  0.660E+08  0.383E-05  0.680E+08  0.178E-04  0.700E+08  0.665E-04
  0.720E+08  0.165E-03  0.740E+08  0.336E-03  0.760E+08  0.566E-03
  0.780E+08  0.920E-03  0.800E+08  0.133E-02  0.820E+08  0.180E-02
  0.840E+08  0.231E-02  0.860E+08  0.271E-02  0.880E+08  0.319E-02
  0.900E+08  0.352E-02  0.920E+08  0.382E-02  0.940E+08  0.376E-02
  0.960E+08  0.390E-02  0.980E+08  0.383E-02  0.100E+09  0.370E-02
BR78 
         263
           0
          19
  0.507E+08  0.000E+00  0.660E+08  0.109E-14  0.680E+08  0.569E-12
  0.700E+08  0.306E-10  0.720E+08  0.513E-09  0.740E+08  0.114E-07
  0.760E+08  0.144E-06  0.780E+08  0.111E-05  0.800E+08  0.568E-05
  0.820E+08  0.147E-04  0.840E+08  0.530E-04  0.860E+08  0.106E-03
  0.880E+08  0.230E-03  0.900E+08  0.420E-03  0.920E+08  0.670E-03
  0.940E+08  0.118E-02  0.960E+08  0.164E-02  0.980E+08  0.221E-02
  0.100E+09  0.261E-02
BR77 
         264
           0
          14
  0.591E+08  0.000E+00  0.760E+08  0.228E-15  0.780E+08  0.397E-12
  0.800E+08  0.293E-10  0.820E+08  0.712E-09  0.840E+08  0.197E-07
  0.860E+08  0.963E-07  0.880E+08  0.705E-06  0.900E+08  0.347E-05
  0.920E+08  0.143E-04  0.940E+08  0.515E-04  0.960E+08  0.124E-03
  0.980E+08  0.273E-03  0.100E+09  0.375E-03
BR76 
         265
           0
           9
  0.702E+08  0.000E+00  0.860E+08  0.810E-21  0.880E+08  0.436E-17
  0.900E+08  0.197E-14  0.920E+08  0.910E-12  0.940E+08  0.305E-10
  0.960E+08  0.132E-08  0.980E+08  0.134E-07  0.100E+09  0.400E-07
BR75 
         266
           0
           4
  0.796E+08  0.000E+00  0.960E+08  0.450E-19  0.980E+08  0.159E-16
  0.100E+09  0.377E-15
SE86 
         275
           0
          22
  0.448E+08  0.000E+00  0.600E+08  0.166E-30  0.620E+08  0.187E-26
  0.640E+08  0.775E-24  0.660E+08  0.201E-21  0.680E+08  0.928E-20
  0.700E+08  0.161E-18  0.720E+08  0.193E-17  0.740E+08  0.246E-16
  0.760E+08  0.117E-15  0.780E+08  0.550E-15  0.800E+08  0.162E-14
  0.820E+08  0.476E-14  0.840E+08  0.136E-13  0.860E+08  0.291E-13
  0.880E+08  0.487E-13  0.900E+08  0.619E-13  0.920E+08  0.959E-13
  0.940E+08  0.131E-12  0.960E+08  0.219E-12  0.980E+08  0.243E-12
  0.100E+09  0.304E-12
SE85 
         276
           0
          20
  0.488E+08  0.000E+00  0.640E+08  0.836E-27  0.660E+08  0.292E-23
  0.680E+08  0.504E-21  0.700E+08  0.360E-19  0.720E+08  0.110E-17
  0.740E+08  0.214E-16  0.760E+08  0.213E-15  0.780E+08  0.219E-14
  0.800E+08  0.115E-13  0.820E+08  0.517E-13  0.840E+08  0.179E-12
  0.860E+08  0.452E-12  0.880E+08  0.107E-11  0.900E+08  0.173E-11
  0.920E+08  0.354E-11  0.940E+08  0.591E-11  0.960E+08  0.851E-11
  0.980E+08  0.112E-10  0.100E+09  0.157E-10
SE84 
         277
           0
          35
  0.271E+08  0.000E+00  0.420E+08  0.231E-25  0.430E+08  0.343E-22
  0.440E+08  0.212E-20  0.450E+08  0.307E-19  0.460E+08  0.446E-18
  0.470E+08  0.434E-17  0.480E+08  0.352E-16  0.490E+08  0.617E-16
  0.500E+08  0.343E-15  0.520E+08  0.586E-14  0.540E+08  0.602E-13
  0.560E+08  0.362E-12  0.580E+08  0.264E-11  0.600E+08  0.104E-10
  0.620E+08  0.336E-10  0.640E+08  0.970E-10  0.660E+08  0.231E-09
  0.680E+08  0.511E-09  0.700E+08  0.729E-09  0.720E+08  0.101E-08
  0.740E+08  0.114E-08  0.760E+08  0.138E-08  0.780E+08  0.156E-08
  0.800E+08  0.162E-08  0.820E+08  0.169E-08  0.840E+08  0.160E-08
  0.860E+08  0.172E-08  0.880E+08  0.181E-08  0.900E+08  0.194E-08
  0.920E+08  0.234E-08  0.940E+08  0.268E-08  0.960E+08  0.320E-08
  0.980E+08  0.364E-08  0.100E+09  0.432E-08
SE83 
         278
           0
          28
  0.336E+08  0.000E+00  0.490E+08  0.361E-23  0.500E+08  0.306E-21
  0.520E+08  0.224E-18  0.540E+08  0.257E-16  0.560E+08  0.107E-14
  0.580E+08  0.169E-13  0.600E+08  0.243E-12  0.620E+08  0.236E-11
  0.640E+08  0.189E-10  0.660E+08  0.967E-10  0.680E+08  0.423E-09
  0.700E+08  0.132E-08  0.720E+08  0.304E-08  0.740E+08  0.606E-08
  0.760E+08  0.108E-07  0.780E+08  0.163E-07  0.800E+08  0.221E-07
  0.820E+08  0.278E-07  0.840E+08  0.322E-07  0.860E+08  0.371E-07
  0.880E+08  0.406E-07  0.900E+08  0.423E-07  0.920E+08  0.470E-07
  0.940E+08  0.461E-07  0.960E+08  0.474E-07  0.980E+08  0.378E-07
  0.100E+09  0.383E-07
SE82 
         279
           0
          47
  0.131E+08  0.000E+00  0.300E+08  0.551E-18  0.310E+08  0.313E-16
  0.320E+08  0.411E-15  0.330E+08  0.548E-14  0.340E+08  0.398E-13
  0.350E+08  0.257E-12  0.360E+08  0.118E-11  0.370E+08  0.465E-11
  0.380E+08  0.155E-10  0.390E+08  0.450E-10  0.400E+08  0.119E-09
  0.410E+08  0.238E-09  0.420E+08  0.393E-09  0.430E+08  0.823E-09
  0.440E+08  0.173E-08  0.450E+08  0.336E-08  0.460E+08  0.602E-08
  0.470E+08  0.103E-07  0.480E+08  0.166E-07  0.490E+08  0.216E-07
  0.500E+08  0.314E-07  0.520E+08  0.603E-07  0.540E+08  0.980E-07
  0.560E+08  0.117E-06  0.580E+08  0.159E-06  0.600E+08  0.175E-06
  0.620E+08  0.181E-06  0.640E+08  0.172E-06  0.660E+08  0.158E-06
  0.680E+08  0.159E-06  0.700E+08  0.141E-06  0.720E+08  0.134E-06
  0.740E+08  0.139E-06  0.760E+08  0.174E-06  0.780E+08  0.177E-06
  0.800E+08  0.194E-06  0.820E+08  0.228E-06  0.840E+08  0.281E-06
  0.860E+08  0.399E-06  0.880E+08  0.528E-06  0.900E+08  0.651E-06
  0.920E+08  0.844E-06  0.940E+08  0.104E-05  0.960E+08  0.109E-05
  0.980E+08  0.118E-05  0.100E+09  0.133E-05
SE81 
         280
           0
          40
  0.202E+08  0.000E+00  0.370E+08  0.647E-20  0.380E+08  0.644E-18
  0.390E+08  0.188E-16  0.400E+08  0.469E-15  0.410E+08  0.683E-14
  0.420E+08  0.541E-13  0.430E+08  0.431E-12  0.440E+08  0.213E-11
  0.450E+08  0.121E-10  0.460E+08  0.556E-10  0.470E+08  0.220E-09
  0.480E+08  0.743E-09  0.490E+08  0.110E-08  0.500E+08  0.445E-08
  0.520E+08  0.227E-07  0.540E+08  0.794E-07  0.560E+08  0.200E-06
  0.580E+08  0.524E-06  0.600E+08  0.992E-06  0.620E+08  0.164E-05
  0.640E+08  0.228E-05  0.660E+08  0.282E-05  0.680E+08  0.343E-05
  0.700E+08  0.373E-05  0.720E+08  0.324E-05  0.740E+08  0.320E-05
  0.760E+08  0.310E-05  0.780E+08  0.290E-05  0.800E+08  0.266E-05
  0.820E+08  0.241E-05  0.840E+08  0.216E-05  0.860E+08  0.205E-05
  0.880E+08  0.196E-05  0.900E+08  0.194E-05  0.920E+08  0.200E-05
  0.940E+08  0.258E-05  0.960E+08  0.302E-05  0.980E+08  0.374E-05
  0.100E+09  0.460E-05
SE80 
         281
           0
          34
  0.270E+08  0.000E+00  0.430E+08  0.158E-23  0.440E+08  0.320E-18
  0.450E+08  0.232E-16  0.460E+08  0.569E-15  0.470E+08  0.774E-14
  0.480E+08  0.737E-13  0.490E+08  0.207E-12  0.500E+08  0.141E-11
  0.520E+08  0.362E-10  0.540E+08  0.495E-09  0.560E+08  0.464E-08
  0.580E+08  0.248E-07  0.600E+08  0.123E-06  0.620E+08  0.483E-06
  0.640E+08  0.133E-05  0.660E+08  0.296E-05  0.680E+08  0.611E-05
  0.700E+08  0.117E-04  0.720E+08  0.192E-04  0.740E+08  0.261E-04
  0.760E+08  0.357E-04  0.780E+08  0.449E-04  0.800E+08  0.533E-04
  0.820E+08  0.592E-04  0.840E+08  0.633E-04  0.860E+08  0.655E-04
  0.880E+08  0.665E-04  0.900E+08  0.660E-04  0.920E+08  0.642E-04
  0.940E+08  0.658E-04  0.960E+08  0.627E-04  0.980E+08  0.498E-04
  0.100E+09  0.485E-04
SE79 
         282
           0
          25
  0.370E+08  0.000E+00  0.540E+08  0.211E-19  0.560E+08  0.177E-15
  0.580E+08  0.382E-13  0.600E+08  0.267E-11  0.620E+08  0.122E-09
  0.640E+08  0.183E-08  0.660E+08  0.999E-08  0.680E+08  0.672E-07
  0.700E+08  0.353E-06  0.720E+08  0.169E-05  0.740E+08  0.433E-05
  0.760E+08  0.865E-05  0.780E+08  0.178E-04  0.800E+08  0.321E-04
  0.820E+08  0.510E-04  0.840E+08  0.719E-04  0.860E+08  0.981E-04
  0.880E+08  0.126E-03  0.900E+08  0.153E-03  0.920E+08  0.175E-03
  0.940E+08  0.186E-03  0.960E+08  0.204E-03  0.980E+08  0.210E-03
  0.100E+09  0.216E-03
SE78 
         283
           0
          21
  0.441E+08  0.000E+00  0.620E+08  0.125E-16  0.640E+08  0.702E-14
  0.660E+08  0.635E-12  0.680E+08  0.257E-10  0.700E+08  0.239E-09
  0.720E+08  0.544E-08  0.740E+08  0.441E-07  0.760E+08  0.185E-06
  0.780E+08  0.782E-06  0.800E+08  0.261E-05  0.820E+08  0.705E-05
  0.840E+08  0.120E-04  0.860E+08  0.260E-04  0.880E+08  0.495E-04
  0.900E+08  0.856E-04  0.920E+08  0.134E-03  0.940E+08  0.183E-03
  0.960E+08  0.267E-03  0.980E+08  0.387E-03  0.100E+09  0.495E-03
SE77 
         284
           0
          16
  0.547E+08  0.000E+00  0.720E+08  0.476E-20  0.740E+08  0.223E-16
  0.760E+08  0.492E-14  0.780E+08  0.405E-12  0.800E+08  0.165E-10
  0.820E+08  0.276E-09  0.840E+08  0.156E-08  0.860E+08  0.132E-07
  0.880E+08  0.544E-07  0.900E+08  0.284E-06  0.920E+08  0.109E-05
  0.940E+08  0.321E-05  0.960E+08  0.793E-05  0.980E+08  0.226E-04
  0.100E+09  0.437E-04
SE76 
         285
           0
          12
  0.622E+08  0.000E+00  0.800E+08  0.580E-20  0.820E+08  0.663E-17
  0.840E+08  0.828E-15  0.860E+08  0.288E-13  0.880E+08  0.316E-12
  0.900E+08  0.121E-10  0.920E+08  0.281E-09  0.940E+08  0.340E-08
  0.960E+08  0.242E-07  0.980E+08  0.187E-06  0.100E+09  0.712E-06
SE75 
         286
           0
           6
  0.735E+08  0.000E+00  0.920E+08  0.551E-23  0.940E+08  0.245E-19
  0.960E+08  0.104E-16  0.980E+08  0.106E-14  0.100E+09  0.249E-13
SE74 
         287
           0
           2
  0.816E+08  0.000E+00  0.100E+09  0.134E-23
AS85 
         467
           0
          14
  0.593E+08  0.000E+00  0.760E+08  0.107E-34  0.780E+08  0.794E-31
  0.800E+08  0.318E-28  0.820E+08  0.415E-26  0.840E+08  0.318E-24
  0.860E+08  0.452E-23  0.880E+08  0.856E-22  0.900E+08  0.322E-21
  0.920E+08  0.364E-20  0.940E+08  0.247E-19  0.960E+08  0.160E-18
  0.980E+08  0.523E-18  0.100E+09  0.229E-17
AS84 
         468
           0
          12
  0.626E+08  0.000E+00  0.800E+08  0.105E-32  0.820E+08  0.809E-29
  0.840E+08  0.333E-26  0.860E+08  0.434E-24  0.880E+08  0.259E-22
  0.900E+08  0.654E-21  0.920E+08  0.232E-19  0.940E+08  0.252E-18
  0.960E+08  0.308E-17  0.980E+08  0.181E-16  0.100E+09  0.897E-16
AS83 
         469
           0
          22
  0.406E+08  0.000E+00  0.600E+08  0.829E-28  0.620E+08  0.263E-24
  0.640E+08  0.196E-21  0.660E+08  0.184E-19  0.680E+08  0.878E-18
  0.700E+08  0.265E-16  0.720E+08  0.242E-15  0.740E+08  0.153E-14
  0.760E+08  0.863E-14  0.780E+08  0.311E-13  0.800E+08  0.103E-12
  0.820E+08  0.265E-12  0.840E+08  0.744E-12  0.860E+08  0.128E-11
  0.880E+08  0.249E-11  0.900E+08  0.369E-11  0.920E+08  0.530E-11
  0.940E+08  0.861E-11  0.960E+08  0.930E-11  0.980E+08  0.116E-10
  0.100E+09  0.143E-10
AS82 
         470
           0
          19
  0.463E+08  0.000E+00  0.660E+08  0.203E-25  0.680E+08  0.459E-22
  0.700E+08  0.607E-20  0.720E+08  0.550E-18  0.740E+08  0.154E-16
  0.760E+08  0.177E-15  0.780E+08  0.231E-14  0.800E+08  0.164E-13
  0.820E+08  0.887E-13  0.840E+08  0.435E-12  0.860E+08  0.150E-11
  0.880E+08  0.447E-11  0.900E+08  0.874E-11  0.920E+08  0.195E-10
  0.940E+08  0.396E-10  0.960E+08  0.732E-10  0.980E+08  0.112E-09
  0.100E+09  0.173E-09
AS81 
         471
           0
          32
  0.256E+08  0.000E+00  0.450E+08  0.697E-24  0.460E+08  0.873E-22
  0.470E+08  0.312E-20  0.480E+08  0.585E-19  0.490E+08  0.132E-18
  0.500E+08  0.381E-17  0.520E+08  0.149E-15  0.540E+08  0.338E-14
  0.560E+08  0.418E-13  0.580E+08  0.598E-12  0.600E+08  0.295E-11
  0.620E+08  0.130E-10  0.640E+08  0.481E-10  0.660E+08  0.142E-09
  0.680E+08  0.433E-09  0.700E+08  0.910E-09  0.720E+08  0.160E-08
  0.740E+08  0.223E-08  0.760E+08  0.345E-08  0.780E+08  0.326E-08
  0.800E+08  0.378E-08  0.820E+08  0.405E-08  0.840E+08  0.417E-08
  0.860E+08  0.506E-08  0.880E+08  0.535E-08  0.900E+08  0.656E-08
  0.920E+08  0.622E-08  0.940E+08  0.642E-08  0.960E+08  0.556E-08
  0.980E+08  0.558E-08  0.100E+09  0.586E-08
AS80 
         472
           0
          26
  0.319E+08  0.000E+00  0.520E+08  0.127E-23  0.540E+08  0.508E-20
  0.560E+08  0.128E-17  0.580E+08  0.134E-15  0.600E+08  0.475E-14
  0.620E+08  0.100E-12  0.640E+08  0.141E-11  0.660E+08  0.122E-10
  0.680E+08  0.958E-10  0.700E+08  0.488E-09  0.720E+08  0.181E-08
  0.740E+08  0.397E-08  0.760E+08  0.996E-08  0.780E+08  0.190E-07
  0.800E+08  0.345E-07  0.820E+08  0.508E-07  0.840E+08  0.627E-07
  0.860E+08  0.881E-07  0.880E+08  0.106E-06  0.900E+08  0.120E-06
  0.920E+08  0.139E-06  0.940E+08  0.155E-06  0.960E+08  0.158E-06
  0.980E+08  0.161E-06  0.100E+09  0.161E-06
AS79 
         473
           0
          44
  0.122E+08  0.000E+00  0.330E+08  0.231E-19  0.340E+08  0.784E-18
  0.350E+08  0.143E-16  0.360E+08  0.152E-15  0.370E+08  0.122E-14
  0.380E+08  0.774E-14  0.390E+08  0.398E-13  0.400E+08  0.185E-12
  0.410E+08  0.546E-12  0.420E+08  0.102E-11  0.430E+08  0.322E-11
  0.440E+08  0.102E-10  0.450E+08  0.261E-10  0.460E+08  0.621E-10
  0.470E+08  0.138E-09  0.480E+08  0.282E-09  0.490E+08  0.418E-09
  0.500E+08  0.786E-09  0.520E+08  0.239E-08  0.540E+08  0.627E-08
  0.560E+08  0.111E-07  0.580E+08  0.188E-07  0.600E+08  0.265E-07
  0.620E+08  0.328E-07  0.640E+08  0.384E-07  0.660E+08  0.456E-07
  0.680E+08  0.459E-07  0.700E+08  0.414E-07  0.720E+08  0.506E-07
  0.740E+08  0.400E-07  0.760E+08  0.401E-07  0.780E+08  0.408E-07
  0.800E+08  0.476E-07  0.820E+08  0.679E-07  0.840E+08  0.109E-06
  0.860E+08  0.196E-06  0.880E+08  0.320E-06  0.900E+08  0.489E-06
  0.920E+08  0.689E-06  0.940E+08  0.951E-06  0.960E+08  0.129E-05
  0.980E+08  0.175E-05  0.100E+09  0.217E-05
AS78 
         474
           0
          36
  0.212E+08  0.000E+00  0.410E+08  0.278E-22  0.420E+08  0.386E-19
  0.430E+08  0.188E-17  0.440E+08  0.549E-16  0.450E+08  0.835E-15
  0.460E+08  0.836E-14  0.470E+08  0.682E-13  0.480E+08  0.583E-12
  0.490E+08  0.130E-11  0.500E+08  0.619E-11  0.520E+08  0.869E-10
  0.540E+08  0.706E-09  0.560E+08  0.360E-08  0.580E+08  0.177E-07
  0.600E+08  0.510E-07  0.620E+08  0.125E-06  0.640E+08  0.254E-06
  0.660E+08  0.371E-06  0.680E+08  0.568E-06  0.700E+08  0.806E-06
  0.720E+08  0.947E-06  0.740E+08  0.116E-05  0.760E+08  0.123E-05
  0.780E+08  0.124E-05  0.800E+08  0.119E-05  0.820E+08  0.115E-05
  0.840E+08  0.950E-06  0.860E+08  0.931E-06  0.880E+08  0.859E-06
  0.900E+08  0.904E-06  0.920E+08  0.917E-06  0.940E+08  0.102E-05
  0.960E+08  0.129E-05  0.980E+08  0.179E-05  0.100E+09  0.258E-05
AS77 
         475
           0
          27
  0.282E+08  0.000E+00  0.500E+08  0.416E-18  0.520E+08  0.341E-15
  0.540E+08  0.163E-13  0.560E+08  0.883E-12  0.580E+08  0.312E-10
  0.600E+08  0.451E-09  0.620E+08  0.508E-08  0.640E+08  0.280E-07
  0.660E+08  0.108E-06  0.680E+08  0.329E-06  0.700E+08  0.983E-06
  0.720E+08  0.192E-05  0.740E+08  0.291E-05  0.760E+08  0.482E-05
  0.780E+08  0.709E-05  0.800E+08  0.963E-05  0.820E+08  0.124E-04
  0.840E+08  0.131E-04  0.860E+08  0.157E-04  0.880E+08  0.169E-04
  0.900E+08  0.180E-04  0.920E+08  0.196E-04  0.940E+08  0.194E-04
  0.960E+08  0.191E-04  0.980E+08  0.185E-04  0.100E+09  0.180E-04
AS76 
         476
           0
          22
  0.380E+08  0.000E+00  0.600E+08  0.205E-19  0.620E+08  0.560E-16
  0.640E+08  0.144E-13  0.660E+08  0.101E-11  0.680E+08  0.284E-10
  0.700E+08  0.128E-08  0.720E+08  0.112E-07  0.740E+08  0.507E-07
  0.760E+08  0.230E-06  0.780E+08  0.709E-06  0.800E+08  0.186E-05
  0.820E+08  0.409E-05  0.840E+08  0.652E-05  0.860E+08  0.115E-04
  0.880E+08  0.177E-04  0.900E+08  0.252E-04  0.920E+08  0.301E-04
  0.940E+08  0.383E-04  0.960E+08  0.441E-04  0.980E+08  0.518E-04
  0.100E+09  0.571E-04
AS75 
         477
           0
          19
  0.454E+08  0.000E+00  0.660E+08  0.774E-22  0.680E+08  0.111E-17
  0.700E+08  0.149E-14  0.720E+08  0.438E-13  0.740E+08  0.620E-12
  0.760E+08  0.185E-10  0.780E+08  0.269E-09  0.800E+08  0.299E-08
  0.820E+08  0.219E-07  0.840E+08  0.903E-07  0.860E+08  0.344E-06
  0.880E+08  0.107E-05  0.900E+08  0.270E-05  0.920E+08  0.472E-05
  0.940E+08  0.948E-05  0.960E+08  0.195E-04  0.980E+08  0.339E-04
  0.100E+09  0.488E-04
AS74 
         478
           0
          13
  0.558E+08  0.000E+00  0.780E+08  0.624E-21  0.800E+08  0.929E-18
  0.820E+08  0.209E-15  0.840E+08  0.202E-13  0.860E+08  0.402E-12
  0.880E+08  0.997E-11  0.900E+08  0.761E-10  0.920E+08  0.706E-09
  0.940E+08  0.604E-08  0.960E+08  0.286E-07  0.980E+08  0.151E-06
  0.100E+09  0.429E-06
AS73 
         479
           0
           9
  0.639E+08  0.000E+00  0.860E+08  0.158E-24  0.880E+08  0.185E-20
  0.900E+08  0.264E-17  0.920E+08  0.964E-15  0.940E+08  0.485E-13
  0.960E+08  0.127E-11  0.980E+08  0.892E-11  0.100E+09  0.624E-10
AS72 
         480
           0
           4
  0.748E+08  0.000E+00  0.960E+08  0.214E-26  0.980E+08  0.344E-22
  0.100E+09  0.224E-20
GE84 
         573
           0
           6
  0.717E+08  0.000E+00  0.920E+08  0.108E-41  0.940E+08  0.119E-37
  0.960E+08  0.100E-34  0.980E+08  0.603E-33  0.100E+09  0.678E-31
GE83 
         574
           0
           5
  0.745E+08  0.000E+00  0.940E+08  0.214E-41  0.960E+08  0.138E-35
  0.980E+08  0.168E-32  0.100E+09  0.541E-30
GE82 
         575
           0
          15
  0.525E+08  0.000E+00  0.740E+08  0.210E-33  0.760E+08  0.608E-30
  0.780E+08  0.187E-27  0.800E+08  0.194E-25  0.820E+08  0.716E-24
  0.840E+08  0.284E-22  0.860E+08  0.367E-21  0.880E+08  0.452E-20
  0.900E+08  0.184E-19  0.920E+08  0.863E-19  0.940E+08  0.638E-18
  0.960E+08  0.434E-17  0.980E+08  0.158E-16  0.100E+09  0.586E-16
GE81 
         576
           0
          13
  0.575E+08  0.000E+00  0.780E+08  0.834E-35  0.800E+08  0.993E-31
  0.820E+08  0.673E-28  0.840E+08  0.234E-25  0.860E+08  0.195E-23
  0.880E+08  0.890E-22  0.900E+08  0.107E-20  0.920E+08  0.204E-19
  0.940E+08  0.272E-18  0.960E+08  0.338E-17  0.980E+08  0.222E-16
  0.100E+09  0.121E-15
GE80 
         577
           0
          22
  0.362E+08  0.000E+00  0.600E+08  0.391E-27  0.620E+08  0.269E-24
  0.640E+08  0.614E-22  0.660E+08  0.402E-20  0.680E+08  0.222E-18
  0.700E+08  0.500E-17  0.720E+08  0.588E-16  0.740E+08  0.340E-15
  0.760E+08  0.233E-14  0.780E+08  0.142E-13  0.800E+08  0.542E-13
  0.820E+08  0.152E-12  0.840E+08  0.430E-12  0.860E+08  0.964E-12
  0.880E+08  0.173E-11  0.900E+08  0.320E-11  0.920E+08  0.490E-11
  0.940E+08  0.837E-11  0.960E+08  0.103E-10  0.980E+08  0.132E-10
  0.100E+09  0.167E-10
GE79 
         578
           0
          20
  0.419E+08  0.000E+00  0.640E+08  0.151E-30  0.660E+08  0.486E-26
  0.680E+08  0.624E-23  0.700E+08  0.925E-21  0.720E+08  0.129E-18
  0.740E+08  0.367E-17  0.760E+08  0.673E-16  0.780E+08  0.877E-15
  0.800E+08  0.845E-14  0.820E+08  0.478E-13  0.840E+08  0.282E-12
  0.860E+08  0.110E-11  0.880E+08  0.326E-11  0.900E+08  0.872E-11
  0.920E+08  0.172E-10  0.940E+08  0.383E-10  0.960E+08  0.769E-10
  0.980E+08  0.143E-09  0.100E+09  0.239E-09
GE78 
         579
           0
          33
  0.214E+08  0.000E+00  0.440E+08  0.309E-28  0.450E+08  0.679E-25
  0.460E+08  0.421E-23  0.470E+08  0.118E-21  0.480E+08  0.219E-20
  0.490E+08  0.478E-20  0.500E+08  0.871E-19  0.520E+08  0.456E-17
  0.540E+08  0.130E-15  0.560E+08  0.161E-14  0.580E+08  0.309E-13
  0.600E+08  0.200E-12  0.620E+08  0.116E-11  0.640E+08  0.508E-11
  0.660E+08  0.158E-10  0.680E+08  0.518E-10  0.700E+08  0.172E-09
  0.720E+08  0.362E-09  0.740E+08  0.546E-09  0.760E+08  0.941E-09
  0.780E+08  0.121E-08  0.800E+08  0.158E-08  0.820E+08  0.184E-08
  0.840E+08  0.187E-08  0.860E+08  0.222E-08  0.880E+08  0.213E-08
  0.900E+08  0.219E-08  0.920E+08  0.200E-08  0.940E+08  0.270E-08
  0.960E+08  0.243E-08  0.980E+08  0.247E-08  0.100E+09  0.273E-08
GE77 
         580
           0
          26
  0.279E+08  0.000E+00  0.520E+08  0.310E-26  0.540E+08  0.254E-22
  0.560E+08  0.886E-20  0.580E+08  0.164E-17  0.600E+08  0.645E-16
  0.620E+08  0.235E-14  0.640E+08  0.784E-13  0.660E+08  0.816E-12
  0.680E+08  0.770E-11  0.700E+08  0.682E-10  0.720E+08  0.284E-09
  0.740E+08  0.673E-09  0.760E+08  0.193E-08  0.780E+08  0.413E-08
  0.800E+08  0.812E-08  0.820E+08  0.130E-07  0.840E+08  0.190E-07
  0.860E+08  0.283E-07  0.880E+08  0.399E-07  0.900E+08  0.418E-07
  0.920E+08  0.439E-07  0.940E+08  0.500E-07  0.960E+08  0.515E-07
  0.980E+08  0.529E-07  0.100E+09  0.552E-07
GE76 
         581
           0
          23
  0.341E+08  0.000E+00  0.580E+08  0.230E-25  0.600E+08  0.980E-22
  0.620E+08  0.673E-19  0.640E+08  0.882E-17  0.660E+08  0.423E-15
  0.680E+08  0.129E-13  0.700E+08  0.350E-12  0.720E+08  0.625E-11
  0.740E+08  0.361E-10  0.760E+08  0.202E-09  0.780E+08  0.845E-09
  0.800E+08  0.295E-08  0.820E+08  0.797E-08  0.840E+08  0.179E-07
  0.860E+08  0.414E-07  0.880E+08  0.748E-07  0.900E+08  0.136E-06
  0.920E+08  0.195E-06  0.940E+08  0.303E-06  0.960E+08  0.450E-06
  0.980E+08  0.624E-06  0.100E+09  0.804E-06
GE75 
         582
           0
          18
  0.436E+08  0.000E+00  0.680E+08  0.347E-23  0.700E+08  0.345E-20
  0.720E+08  0.235E-17  0.740E+08  0.212E-15  0.760E+08  0.571E-14
  0.780E+08  0.106E-12  0.800E+08  0.172E-11  0.820E+08  0.320E-10
  0.840E+08  0.152E-09  0.860E+08  0.864E-09  0.880E+08  0.349E-08
  0.900E+08  0.135E-07  0.920E+08  0.313E-07  0.940E+08  0.580E-07
  0.960E+08  0.135E-06  0.980E+08  0.293E-06  0.100E+09  0.514E-06
GE74 
         583
           0
          15
  0.502E+08  0.000E+00  0.740E+08  0.400E-25  0.760E+08  0.126E-21
  0.780E+08  0.586E-19  0.800E+08  0.879E-17  0.820E+08  0.992E-15
  0.840E+08  0.149E-13  0.860E+08  0.398E-12  0.880E+08  0.564E-11
  0.900E+08  0.693E-10  0.920E+08  0.350E-09  0.940E+08  0.147E-08
  0.960E+08  0.593E-08  0.980E+08  0.248E-07  0.100E+09  0.670E-07
GE73 
         584
           0
          10
  0.605E+08  0.000E+00  0.840E+08  0.776E-30  0.860E+08  0.583E-26
  0.880E+08  0.251E-21  0.900E+08  0.592E-18  0.920E+08  0.380E-16
  0.940E+08  0.129E-14  0.960E+08  0.333E-13  0.980E+08  0.115E-11
  0.100E+09  0.114E-10
GE72 
         585
           0
           6
  0.673E+08  0.000E+00  0.920E+08  0.104E-25  0.940E+08  0.283E-23
  0.960E+08  0.384E-21  0.980E+08  0.304E-18  0.100E+09  0.175E-16
GA81 
         873
           0
           7
  0.653E+08  0.000E+00  0.900E+08  0.224E-40  0.920E+08  0.249E-36
  0.940E+08  0.148E-33  0.960E+08  0.321E-31  0.980E+08  0.987E-30
  0.100E+09  0.567E-28
GA80 
         874
           0
           4
  0.718E+08  0.000E+00  0.960E+08  0.189E-37  0.980E+08  0.729E-34
  0.100E+09  0.291E-31
GA79 
         875
           0
          14
  0.502E+08  0.000E+00  0.760E+08  0.144E-32  0.780E+08  0.275E-29
  0.800E+08  0.693E-27  0.820E+08  0.390E-25  0.840E+08  0.247E-23
  0.860E+08  0.457E-22  0.880E+08  0.744E-21  0.900E+08  0.570E-20
  0.920E+08  0.274E-19  0.940E+08  0.275E-18  0.960E+08  0.329E-17
  0.980E+08  0.174E-16  0.100E+09  0.768E-16
GA78 
         876
           0
          12
  0.553E+08  0.000E+00  0.800E+08  0.463E-34  0.820E+08  0.175E-30
  0.840E+08  0.278E-27  0.860E+08  0.228E-25  0.880E+08  0.231E-23
  0.900E+08  0.851E-22  0.920E+08  0.113E-20  0.940E+08  0.193E-19
  0.960E+08  0.369E-18  0.980E+08  0.499E-17  0.100E+09  0.340E-16
GA77 
         877
           0
          21
  0.342E+08  0.000E+00  0.620E+08  0.879E-28  0.640E+08  0.203E-24
  0.660E+08  0.263E-22  0.680E+08  0.354E-20  0.700E+08  0.199E-18
  0.720E+08  0.400E-17  0.740E+08  0.261E-16  0.760E+08  0.292E-15
  0.780E+08  0.234E-14  0.800E+08  0.123E-13  0.820E+08  0.463E-13
  0.840E+08  0.156E-12  0.860E+08  0.525E-12  0.880E+08  0.128E-11
  0.900E+08  0.301E-11  0.920E+08  0.452E-11  0.940E+08  0.971E-11
  0.960E+08  0.178E-10  0.980E+08  0.286E-10  0.100E+09  0.416E-10
GA76 
         878
           0
          19
  0.401E+08  0.000E+00  0.660E+08  0.803E-32  0.680E+08  0.478E-27
  0.700E+08  0.465E-24  0.720E+08  0.312E-21  0.740E+08  0.187E-19
  0.760E+08  0.466E-18  0.780E+08  0.137E-16  0.800E+08  0.223E-15
  0.820E+08  0.224E-14  0.840E+08  0.180E-13  0.860E+08  0.118E-12
  0.880E+08  0.530E-12  0.900E+08  0.220E-11  0.920E+08  0.503E-11
  0.940E+08  0.144E-10  0.960E+08  0.412E-10  0.980E+08  0.927E-10
  0.100E+09  0.187E-09
GA75 
         879
           0
          30
  0.199E+08  0.000E+00  0.470E+08  0.164E-28  0.480E+08  0.127E-25
  0.490E+08  0.117E-24  0.500E+08  0.381E-23  0.520E+08  0.890E-21
  0.540E+08  0.334E-19  0.560E+08  0.138E-17  0.580E+08  0.783E-16
  0.600E+08  0.112E-14  0.620E+08  0.103E-13  0.640E+08  0.749E-13
  0.660E+08  0.270E-12  0.680E+08  0.124E-11  0.700E+08  0.820E-11
  0.720E+08  0.236E-10  0.740E+08  0.517E-10  0.760E+08  0.111E-09
  0.780E+08  0.197E-09  0.800E+08  0.294E-09  0.820E+08  0.423E-09
  0.840E+08  0.494E-09  0.860E+08  0.613E-09  0.880E+08  0.538E-09
  0.900E+08  0.543E-09  0.920E+08  0.522E-09  0.940E+08  0.545E-09
  0.960E+08  0.691E-09  0.980E+08  0.624E-09  0.100E+09  0.717E-09
GA74 
         880
           0
          23
  0.284E+08  0.000E+00  0.580E+08  0.164E-22  0.600E+08  0.761E-20
  0.620E+08  0.100E-17  0.640E+08  0.542E-16  0.660E+08  0.950E-15
  0.680E+08  0.182E-13  0.700E+08  0.573E-12  0.720E+08  0.316E-11
  0.740E+08  0.149E-10  0.760E+08  0.660E-10  0.780E+08  0.217E-09
  0.800E+08  0.580E-09  0.820E+08  0.132E-08  0.840E+08  0.241E-08
  0.860E+08  0.444E-08  0.880E+08  0.690E-08  0.900E+08  0.860E-08
  0.920E+08  0.953E-08  0.940E+08  0.121E-07  0.960E+08  0.141E-07
  0.980E+08  0.150E-07  0.100E+09  0.163E-07
GA73 
         881
           0
          20
  0.349E+08  0.000E+00  0.640E+08  0.226E-23  0.660E+08  0.510E-20
  0.680E+08  0.729E-18  0.700E+08  0.929E-16  0.720E+08  0.268E-14
  0.740E+08  0.210E-13  0.760E+08  0.375E-12  0.780E+08  0.371E-11
  0.800E+08  0.256E-10  0.820E+08  0.127E-09  0.840E+08  0.429E-09
  0.860E+08  0.146E-08  0.880E+08  0.425E-08  0.900E+08  0.103E-07
  0.920E+08  0.154E-07  0.940E+08  0.292E-07  0.960E+08  0.508E-07
  0.980E+08  0.771E-07  0.100E+09  0.109E-06
GA72 
         882
           0
          16
  0.442E+08  0.000E+00  0.720E+08  0.143E-24  0.740E+08  0.648E-22
  0.760E+08  0.165E-19  0.780E+08  0.143E-17  0.800E+08  0.461E-16
  0.820E+08  0.174E-14  0.840E+08  0.262E-13  0.860E+08  0.224E-12
  0.880E+08  0.306E-11  0.900E+08  0.329E-10  0.920E+08  0.116E-09
  0.940E+08  0.555E-09  0.960E+08  0.215E-08  0.980E+08  0.860E-08
  0.100E+09  0.194E-07
GA71 
         883
           0
          12
  0.508E+08  0.000E+00  0.800E+08  0.130E-25  0.820E+08  0.291E-22
  0.840E+08  0.503E-20  0.860E+08  0.577E-18  0.880E+08  0.419E-16
  0.900E+08  0.210E-14  0.920E+08  0.245E-13  0.940E+08  0.382E-12
  0.960E+08  0.446E-11  0.980E+08  0.598E-10  0.100E+09  0.259E-09
GA70 
         884
           0
           8
  0.602E+08  0.000E+00  0.880E+08  0.586E-30  0.900E+08  0.241E-25
  0.920E+08  0.219E-22  0.940E+08  0.601E-20  0.960E+08  0.159E-17
  0.980E+08  0.174E-15  0.100E+09  0.122E-14
GA69 
         885
           0
           4
  0.680E+08  0.000E+00  0.960E+08  0.279E-30  0.980E+08  0.426E-25
  0.100E+09  0.898E-23
