         107
NB92 
          16
           0
          73
  0.892E+07  0.000E+00  0.950E+07  0.974E-01  0.100E+08  0.409E+00
  0.105E+08  0.732E+00  0.110E+08  0.995E+00  0.115E+08  0.119E+01
  0.120E+08  0.129E+01  0.125E+08  0.140E+01  0.130E+08  0.147E+01
  0.135E+08  0.151E+01  0.140E+08  0.153E+01  0.145E+08  0.154E+01
  0.150E+08  0.154E+01  0.160E+08  0.155E+01  0.170E+08  0.154E+01
  0.180E+08  0.151E+01  0.190E+08  0.136E+01  0.200E+08  0.112E+01
  0.210E+08  0.874E+00  0.220E+08  0.674E+00  0.230E+08  0.523E+00
  0.240E+08  0.417E+00  0.250E+08  0.345E+00  0.260E+08  0.305E+00
  0.270E+08  0.267E+00  0.280E+08  0.241E+00  0.290E+08  0.225E+00
  0.300E+08  0.209E+00  0.310E+08  0.196E+00  0.320E+08  0.186E+00
  0.330E+08  0.177E+00  0.340E+08  0.170E+00  0.350E+08  0.159E+00
  0.360E+08  0.153E+00  0.370E+08  0.150E+00  0.380E+08  0.148E+00
  0.390E+08  0.144E+00  0.400E+08  0.140E+00  0.410E+08  0.136E+00
  0.420E+08  0.133E+00  0.430E+08  0.130E+00  0.440E+08  0.127E+00
  0.450E+08  0.125E+00  0.460E+08  0.122E+00  0.470E+08  0.120E+00
  0.480E+08  0.117E+00  0.490E+08  0.115E+00  0.500E+08  0.114E+00
  0.520E+08  0.110E+00  0.540E+08  0.107E+00  0.560E+08  0.103E+00
  0.580E+08  0.991E-01  0.600E+08  0.953E-01  0.620E+08  0.921E-01
  0.640E+08  0.865E-01  0.660E+08  0.810E-01  0.680E+08  0.769E-01
  0.700E+08  0.729E-01  0.720E+08  0.716E-01  0.740E+08  0.694E-01
  0.760E+08  0.672E-01  0.780E+08  0.650E-01  0.800E+08  0.674E-01
  0.820E+08  0.654E-01  0.840E+08  0.634E-01  0.860E+08  0.616E-01
  0.880E+08  0.606E-01  0.900E+08  0.595E-01  0.920E+08  0.585E-01
  0.940E+08  0.575E-01  0.960E+08  0.562E-01  0.980E+08  0.547E-01
  0.100E+09  0.533E-01
NB91 
          17
           0
          59
  0.169E+08  0.000E+00  0.180E+08  0.807E-02  0.190E+08  0.144E+00
  0.200E+08  0.350E+00  0.210E+08  0.560E+00  0.220E+08  0.732E+00
  0.230E+08  0.851E+00  0.240E+08  0.927E+00  0.250E+08  0.970E+00
  0.260E+08  0.978E+00  0.270E+08  0.987E+00  0.280E+08  0.985E+00
  0.290E+08  0.966E+00  0.300E+08  0.951E+00  0.310E+08  0.935E+00
  0.320E+08  0.912E+00  0.330E+08  0.879E+00  0.340E+08  0.839E+00
  0.350E+08  0.785E+00  0.360E+08  0.726E+00  0.370E+08  0.673E+00
  0.380E+08  0.608E+00  0.390E+08  0.554E+00  0.400E+08  0.507E+00
  0.410E+08  0.471E+00  0.420E+08  0.438E+00  0.430E+08  0.405E+00
  0.440E+08  0.377E+00  0.450E+08  0.354E+00  0.460E+08  0.318E+00
  0.470E+08  0.300E+00  0.480E+08  0.284E+00  0.490E+08  0.261E+00
  0.500E+08  0.247E+00  0.520E+08  0.236E+00  0.540E+08  0.219E+00
  0.560E+08  0.208E+00  0.580E+08  0.196E+00  0.600E+08  0.185E+00
  0.620E+08  0.175E+00  0.640E+08  0.167E+00  0.660E+08  0.162E+00
  0.680E+08  0.156E+00  0.700E+08  0.149E+00  0.720E+08  0.143E+00
  0.740E+08  0.129E+00  0.760E+08  0.124E+00  0.780E+08  0.119E+00
  0.800E+08  0.114E+00  0.820E+08  0.111E+00  0.840E+08  0.109E+00
  0.860E+08  0.106E+00  0.880E+08  0.103E+00  0.900E+08  0.100E+00
  0.920E+08  0.976E-01  0.940E+08  0.954E-01  0.960E+08  0.933E-01
  0.980E+08  0.936E-01  0.100E+09  0.913E-01
NB90 
          37
           0
          47
  0.291E+08  0.000E+00  0.300E+08  0.617E-06  0.310E+08  0.162E-03
  0.320E+08  0.126E-02  0.330E+08  0.638E-02  0.340E+08  0.183E-01
  0.350E+08  0.437E-01  0.360E+08  0.714E-01  0.370E+08  0.934E-01
  0.380E+08  0.132E+00  0.390E+08  0.160E+00  0.400E+08  0.186E+00
  0.410E+08  0.215E+00  0.420E+08  0.222E+00  0.430E+08  0.235E+00
  0.440E+08  0.245E+00  0.450E+08  0.249E+00  0.460E+08  0.253E+00
  0.470E+08  0.246E+00  0.480E+08  0.239E+00  0.490E+08  0.233E+00
  0.500E+08  0.226E+00  0.520E+08  0.203E+00  0.540E+08  0.183E+00
  0.560E+08  0.165E+00  0.580E+08  0.153E+00  0.600E+08  0.139E+00
  0.620E+08  0.126E+00  0.640E+08  0.115E+00  0.660E+08  0.105E+00
  0.680E+08  0.944E-01  0.700E+08  0.838E-01  0.720E+08  0.788E-01
  0.740E+08  0.742E-01  0.760E+08  0.695E-01  0.780E+08  0.668E-01
  0.800E+08  0.631E-01  0.820E+08  0.603E-01  0.840E+08  0.576E-01
  0.860E+08  0.558E-01  0.880E+08  0.539E-01  0.900E+08  0.516E-01
  0.920E+08  0.501E-01  0.940E+08  0.492E-01  0.960E+08  0.483E-01
  0.980E+08  0.474E-01  0.100E+09  0.460E-01
ZR93 
         103
           0
          87
  0.100E-04  0.000E+00  0.250E+07  0.786E-04  0.300E+07  0.313E-03
  0.350E+07  0.694E-03  0.400E+07  0.122E-02  0.450E+07  0.166E-02
  0.500E+07  0.242E-02  0.550E+07  0.336E-02  0.600E+07  0.462E-02
  0.650E+07  0.609E-02  0.700E+07  0.791E-02  0.750E+07  0.999E-02
  0.800E+07  0.123E-01  0.850E+07  0.133E-01  0.900E+07  0.156E-01
  0.950E+07  0.179E-01  0.100E+08  0.202E-01  0.105E+08  0.225E-01
  0.110E+08  0.248E-01  0.115E+08  0.271E-01  0.120E+08  0.294E-01
  0.125E+08  0.317E-01  0.130E+08  0.327E-01  0.135E+08  0.342E-01
  0.140E+08  0.350E-01  0.145E+08  0.359E-01  0.150E+08  0.367E-01
  0.160E+08  0.376E-01  0.170E+08  0.383E-01  0.180E+08  0.390E-01
  0.190E+08  0.397E-01  0.200E+08  0.395E-01  0.210E+08  0.392E-01
  0.220E+08  0.386E-01  0.230E+08  0.381E-01  0.240E+08  0.378E-01
  0.250E+08  0.374E-01  0.260E+08  0.370E-01  0.270E+08  0.366E-01
  0.280E+08  0.362E-01  0.290E+08  0.355E-01  0.300E+08  0.347E-01
  0.310E+08  0.340E-01  0.320E+08  0.333E-01  0.330E+08  0.327E-01
  0.340E+08  0.320E-01  0.350E+08  0.316E-01  0.360E+08  0.311E-01
  0.370E+08  0.308E-01  0.380E+08  0.305E-01  0.390E+08  0.302E-01
  0.400E+08  0.299E-01  0.410E+08  0.296E-01  0.420E+08  0.290E-01
  0.430E+08  0.285E-01  0.440E+08  0.282E-01  0.450E+08  0.280E-01
  0.460E+08  0.277E-01  0.470E+08  0.276E-01  0.480E+08  0.276E-01
  0.490E+08  0.275E-01  0.500E+08  0.270E-01  0.520E+08  0.260E-01
  0.540E+08  0.250E-01  0.560E+08  0.241E-01  0.580E+08  0.233E-01
  0.600E+08  0.225E-01  0.620E+08  0.217E-01  0.640E+08  0.209E-01
  0.660E+08  0.196E-01  0.680E+08  0.184E-01  0.700E+08  0.178E-01
  0.720E+08  0.172E-01  0.740E+08  0.167E-01  0.760E+08  0.161E-01
  0.780E+08  0.156E-01  0.800E+08  0.151E-01  0.820E+08  0.146E-01
  0.840E+08  0.142E-01  0.860E+08  0.138E-01  0.880E+08  0.134E-01
  0.900E+08  0.135E-01  0.920E+08  0.136E-01  0.940E+08  0.136E-01
  0.960E+08  0.137E-01  0.980E+08  0.138E-01  0.100E+09  0.135E-01
Y92  
         111
           0
          67
  0.897E+07  0.000E+00  0.125E+08  0.260E-03  0.130E+08  0.344E-03
  0.135E+08  0.425E-03  0.140E+08  0.511E-03  0.145E+08  0.602E-03
  0.150E+08  0.697E-03  0.160E+08  0.826E-03  0.170E+08  0.925E-03
  0.180E+08  0.116E-02  0.190E+08  0.141E-02  0.200E+08  0.168E-02
  0.210E+08  0.196E-02  0.220E+08  0.213E-02  0.230E+08  0.246E-02
  0.240E+08  0.282E-02  0.250E+08  0.320E-02  0.260E+08  0.359E-02
  0.270E+08  0.398E-02  0.280E+08  0.424E-02  0.290E+08  0.466E-02
  0.300E+08  0.506E-02  0.310E+08  0.547E-02  0.320E+08  0.588E-02
  0.330E+08  0.626E-02  0.340E+08  0.643E-02  0.350E+08  0.662E-02
  0.360E+08  0.671E-02  0.370E+08  0.672E-02  0.380E+08  0.670E-02
  0.390E+08  0.666E-02  0.400E+08  0.661E-02  0.410E+08  0.651E-02
  0.420E+08  0.646E-02  0.430E+08  0.650E-02  0.440E+08  0.656E-02
  0.450E+08  0.652E-02  0.460E+08  0.657E-02  0.470E+08  0.654E-02
  0.480E+08  0.651E-02  0.490E+08  0.624E-02  0.500E+08  0.598E-02
  0.520E+08  0.593E-02  0.540E+08  0.609E-02  0.560E+08  0.606E-02
  0.580E+08  0.624E-02  0.600E+08  0.610E-02  0.620E+08  0.607E-02
  0.640E+08  0.604E-02  0.660E+08  0.600E-02  0.680E+08  0.598E-02
  0.700E+08  0.595E-02  0.720E+08  0.610E-02  0.740E+08  0.607E-02
  0.760E+08  0.604E-02  0.780E+08  0.601E-02  0.800E+08  0.599E-02
  0.820E+08  0.595E-02  0.840E+08  0.592E-02  0.860E+08  0.589E-02
  0.880E+08  0.585E-02  0.900E+08  0.581E-02  0.920E+08  0.594E-02
  0.940E+08  0.589E-02  0.960E+08  0.586E-02  0.980E+08  0.582E-02
  0.100E+09  0.578E-02
NB89 
         121
           0
          37
  0.393E+08  0.000E+00  0.400E+08  0.170E-09  0.410E+08  0.487E-06
  0.420E+08  0.162E-04  0.430E+08  0.133E-03  0.440E+08  0.630E-03
  0.450E+08  0.144E-02  0.460E+08  0.386E-02  0.470E+08  0.617E-02
  0.480E+08  0.100E-01  0.490E+08  0.160E-01  0.500E+08  0.215E-01
  0.520E+08  0.285E-01  0.540E+08  0.394E-01  0.560E+08  0.458E-01
  0.580E+08  0.596E-01  0.600E+08  0.670E-01  0.620E+08  0.722E-01
  0.640E+08  0.773E-01  0.660E+08  0.717E-01  0.680E+08  0.755E-01
  0.700E+08  0.742E-01  0.720E+08  0.716E-01  0.740E+08  0.669E-01
  0.760E+08  0.639E-01  0.780E+08  0.620E-01  0.800E+08  0.602E-01
  0.820E+08  0.571E-01  0.840E+08  0.541E-01  0.860E+08  0.521E-01
  0.880E+08  0.501E-01  0.900E+08  0.481E-01  0.920E+08  0.461E-01
  0.940E+08  0.441E-01  0.960E+08  0.428E-01  0.980E+08  0.414E-01
  0.100E+09  0.401E-01
NB88 
         122
           0
          24
  0.517E+08  0.000E+00  0.560E+08  0.192E-06  0.580E+08  0.902E-05
  0.600E+08  0.139E-03  0.620E+08  0.528E-03  0.640E+08  0.172E-02
  0.660E+08  0.350E-02  0.680E+08  0.532E-02  0.700E+08  0.836E-02
  0.720E+08  0.105E-01  0.740E+08  0.126E-01  0.760E+08  0.147E-01
  0.780E+08  0.147E-01  0.800E+08  0.150E-01  0.820E+08  0.136E-01
  0.840E+08  0.128E-01  0.860E+08  0.123E-01  0.880E+08  0.118E-01
  0.900E+08  0.116E-01  0.920E+08  0.114E-01  0.940E+08  0.113E-01
  0.960E+08  0.110E-01  0.980E+08  0.108E-01  0.100E+09  0.105E-01
NB87 
         123
           0
          19
  0.621E+08  0.000E+00  0.660E+08  0.150E-08  0.680E+08  0.104E-06
  0.700E+08  0.253E-05  0.720E+08  0.105E-04  0.740E+08  0.545E-04
  0.760E+08  0.124E-03  0.780E+08  0.257E-03  0.800E+08  0.510E-03
  0.820E+08  0.953E-03  0.840E+08  0.118E-02  0.860E+08  0.149E-02
  0.880E+08  0.170E-02  0.900E+08  0.224E-02  0.920E+08  0.262E-02
  0.940E+08  0.254E-02  0.960E+08  0.288E-02  0.980E+08  0.291E-02
  0.100E+09  0.294E-02
NB86 
         124
           0
          13
  0.749E+08  0.000E+00  0.780E+08  0.497E-12  0.800E+08  0.130E-09
  0.820E+08  0.857E-08  0.840E+08  0.459E-07  0.860E+08  0.313E-06
  0.880E+08  0.558E-06  0.900E+08  0.200E-05  0.920E+08  0.547E-05
  0.940E+08  0.954E-05  0.960E+08  0.248E-04  0.980E+08  0.387E-04
  0.100E+09  0.616E-04
NB85 
         125
           0
           7
  0.860E+08  0.000E+00  0.900E+08  0.326E-14  0.920E+08  0.642E-12
  0.940E+08  0.932E-11  0.960E+08  0.160E-09  0.980E+08  0.128E-08
  0.100E+09  0.698E-08
ZR92 
         153
           0
          78
  0.386E+07  0.000E+00  0.700E+07  0.173E-07  0.750E+07  0.208E-06
  0.800E+07  0.124E-05  0.850E+07  0.518E-05  0.900E+07  0.166E-04
  0.950E+07  0.275E-02  0.100E+08  0.395E-02  0.105E+08  0.554E-02
  0.110E+08  0.731E-02  0.115E+08  0.977E-02  0.120E+08  0.127E-01
  0.125E+08  0.146E-01  0.130E+08  0.181E-01  0.135E+08  0.213E-01
  0.140E+08  0.236E-01  0.145E+08  0.286E-01  0.150E+08  0.355E-01
  0.160E+08  0.480E-01  0.170E+08  0.611E-01  0.180E+08  0.751E-01
  0.190E+08  0.855E-01  0.200E+08  0.101E+00  0.210E+08  0.112E+00
  0.220E+08  0.122E+00  0.230E+08  0.128E+00  0.240E+08  0.131E+00
  0.250E+08  0.133E+00  0.260E+08  0.133E+00  0.270E+08  0.133E+00
  0.280E+08  0.131E+00  0.290E+08  0.130E+00  0.300E+08  0.128E+00
  0.310E+08  0.127E+00  0.320E+08  0.125E+00  0.330E+08  0.124E+00
  0.340E+08  0.122E+00  0.350E+08  0.120E+00  0.360E+08  0.119E+00
  0.370E+08  0.117E+00  0.380E+08  0.115E+00  0.390E+08  0.113E+00
  0.400E+08  0.112E+00  0.410E+08  0.110E+00  0.420E+08  0.108E+00
  0.430E+08  0.107E+00  0.440E+08  0.105E+00  0.450E+08  0.104E+00
  0.460E+08  0.103E+00  0.470E+08  0.102E+00  0.480E+08  0.101E+00
  0.490E+08  0.993E-01  0.500E+08  0.976E-01  0.520E+08  0.942E-01
  0.540E+08  0.908E-01  0.560E+08  0.895E-01  0.580E+08  0.880E-01
  0.600E+08  0.872E-01  0.620E+08  0.863E-01  0.640E+08  0.855E-01
  0.660E+08  0.849E-01  0.680E+08  0.843E-01  0.700E+08  0.831E-01
  0.720E+08  0.824E-01  0.740E+08  0.817E-01  0.760E+08  0.810E-01
  0.780E+08  0.798E-01  0.800E+08  0.789E-01  0.820E+08  0.778E-01
  0.840E+08  0.770E-01  0.860E+08  0.763E-01  0.880E+08  0.755E-01
  0.900E+08  0.748E-01  0.920E+08  0.740E-01  0.940E+08  0.731E-01
  0.960E+08  0.715E-01  0.980E+08  0.707E-01  0.100E+09  0.698E-01
ZR91 
         154
           0
          61
  0.126E+08  0.000E+00  0.160E+08  0.242E-06  0.170E+08  0.946E-05
  0.180E+08  0.837E-04  0.190E+08  0.500E-03  0.200E+08  0.227E-02
  0.210E+08  0.689E-02  0.220E+08  0.131E-01  0.230E+08  0.249E-01
  0.240E+08  0.400E-01  0.250E+08  0.537E-01  0.260E+08  0.716E-01
  0.270E+08  0.893E-01  0.280E+08  0.108E+00  0.290E+08  0.125E+00
  0.300E+08  0.139E+00  0.310E+08  0.145E+00  0.320E+08  0.151E+00
  0.330E+08  0.153E+00  0.340E+08  0.153E+00  0.350E+08  0.150E+00
  0.360E+08  0.148E+00  0.370E+08  0.147E+00  0.380E+08  0.145E+00
  0.390E+08  0.143E+00  0.400E+08  0.141E+00  0.410E+08  0.140E+00
  0.420E+08  0.139E+00  0.430E+08  0.137E+00  0.440E+08  0.134E+00
  0.450E+08  0.130E+00  0.460E+08  0.126E+00  0.470E+08  0.123E+00
  0.480E+08  0.119E+00  0.490E+08  0.106E+00  0.500E+08  0.104E+00
  0.520E+08  0.991E-01  0.540E+08  0.103E+00  0.560E+08  0.982E-01
  0.580E+08  0.946E-01  0.600E+08  0.907E-01  0.620E+08  0.883E-01
  0.640E+08  0.860E-01  0.660E+08  0.844E-01  0.680E+08  0.828E-01
  0.700E+08  0.812E-01  0.720E+08  0.796E-01  0.740E+08  0.780E-01
  0.760E+08  0.764E-01  0.780E+08  0.748E-01  0.800E+08  0.725E-01
  0.820E+08  0.701E-01  0.840E+08  0.678E-01  0.860E+08  0.668E-01
  0.880E+08  0.663E-01  0.900E+08  0.656E-01  0.920E+08  0.648E-01
  0.940E+08  0.642E-01  0.960E+08  0.634E-01  0.980E+08  0.630E-01
  0.100E+09  0.625E-01
ZR90 
         155
           0
          54
  0.199E+08  0.000E+00  0.230E+08  0.662E-12  0.240E+08  0.385E-06
  0.250E+08  0.108E-04  0.260E+08  0.921E-04  0.270E+08  0.352E-03
  0.280E+08  0.140E-02  0.290E+08  0.404E-02  0.300E+08  0.104E-01
  0.310E+08  0.249E-01  0.320E+08  0.428E-01  0.330E+08  0.677E-01
  0.340E+08  0.998E-01  0.350E+08  0.134E+00  0.360E+08  0.164E+00
  0.370E+08  0.188E+00  0.380E+08  0.216E+00  0.390E+08  0.240E+00
  0.400E+08  0.256E+00  0.410E+08  0.269E+00  0.420E+08  0.281E+00
  0.430E+08  0.297E+00  0.440E+08  0.309E+00  0.450E+08  0.321E+00
  0.460E+08  0.337E+00  0.470E+08  0.347E+00  0.480E+08  0.353E+00
  0.490E+08  0.362E+00  0.500E+08  0.364E+00  0.520E+08  0.361E+00
  0.540E+08  0.352E+00  0.560E+08  0.339E+00  0.580E+08  0.334E+00
  0.600E+08  0.318E+00  0.620E+08  0.302E+00  0.640E+08  0.286E+00
  0.660E+08  0.268E+00  0.680E+08  0.262E+00  0.700E+08  0.256E+00
  0.720E+08  0.247E+00  0.740E+08  0.234E+00  0.760E+08  0.228E+00
  0.780E+08  0.220E+00  0.800E+08  0.213E+00  0.820E+08  0.205E+00
  0.840E+08  0.201E+00  0.860E+08  0.197E+00  0.880E+08  0.192E+00
  0.900E+08  0.188E+00  0.920E+08  0.184E+00  0.940E+08  0.179E+00
  0.960E+08  0.176E+00  0.980E+08  0.173E+00  0.100E+09  0.170E+00
ZR89 
         156
           0
          41
  0.320E+08  0.000E+00  0.360E+08  0.152E-08  0.370E+08  0.989E-07
  0.380E+08  0.188E-05  0.390E+08  0.153E-04  0.400E+08  0.822E-04
  0.410E+08  0.545E-03  0.420E+08  0.190E-02  0.430E+08  0.488E-02
  0.440E+08  0.811E-02  0.450E+08  0.133E-01  0.460E+08  0.235E-01
  0.470E+08  0.322E-01  0.480E+08  0.443E-01  0.490E+08  0.639E-01
  0.500E+08  0.789E-01  0.520E+08  0.102E+00  0.540E+08  0.124E+00
  0.560E+08  0.150E+00  0.580E+08  0.166E+00  0.600E+08  0.203E+00
  0.620E+08  0.207E+00  0.640E+08  0.211E+00  0.660E+08  0.219E+00
  0.680E+08  0.200E+00  0.700E+08  0.203E+00  0.720E+08  0.201E+00
  0.740E+08  0.199E+00  0.760E+08  0.198E+00  0.780E+08  0.190E+00
  0.800E+08  0.186E+00  0.820E+08  0.182E+00  0.840E+08  0.178E+00
  0.860E+08  0.175E+00  0.880E+08  0.172E+00  0.900E+08  0.169E+00
  0.920E+08  0.166E+00  0.940E+08  0.164E+00  0.960E+08  0.153E+00
  0.980E+08  0.148E+00  0.100E+09  0.144E+00
ZR88 
         157
           0
          32
  0.414E+08  0.000E+00  0.450E+08  0.231E-14  0.460E+08  0.111E-09
  0.470E+08  0.652E-08  0.480E+08  0.163E-06  0.490E+08  0.208E-05
  0.500E+08  0.123E-04  0.520E+08  0.143E-03  0.540E+08  0.640E-03
  0.560E+08  0.235E-02  0.580E+08  0.608E-02  0.600E+08  0.174E-01
  0.620E+08  0.391E-01  0.640E+08  0.624E-01  0.660E+08  0.826E-01
  0.680E+08  0.101E+00  0.700E+08  0.123E+00  0.720E+08  0.137E+00
  0.740E+08  0.155E+00  0.760E+08  0.161E+00  0.780E+08  0.173E+00
  0.800E+08  0.178E+00  0.820E+08  0.181E+00  0.840E+08  0.178E+00
  0.860E+08  0.175E+00  0.880E+08  0.171E+00  0.900E+08  0.168E+00
  0.920E+08  0.165E+00  0.940E+08  0.162E+00  0.960E+08  0.160E+00
  0.980E+08  0.160E+00  0.100E+09  0.164E+00
ZR87 
         158
           0
          22
  0.539E+08  0.000E+00  0.600E+08  0.823E-10  0.620E+08  0.547E-07
  0.640E+08  0.200E-05  0.660E+08  0.227E-04  0.680E+08  0.129E-03
  0.700E+08  0.582E-03  0.720E+08  0.119E-02  0.740E+08  0.306E-02
  0.760E+08  0.578E-02  0.780E+08  0.101E-01  0.800E+08  0.175E-01
  0.820E+08  0.250E-01  0.840E+08  0.293E-01  0.860E+08  0.346E-01
  0.880E+08  0.390E-01  0.900E+08  0.419E-01  0.920E+08  0.464E-01
  0.940E+08  0.476E-01  0.960E+08  0.496E-01  0.980E+08  0.498E-01
  0.100E+09  0.467E-01
ZR86 
         159
           0
          18
  0.634E+08  0.000E+00  0.680E+08  0.263E-12  0.700E+08  0.103E-09
  0.720E+08  0.591E-08  0.740E+08  0.260E-06  0.760E+08  0.255E-05
  0.780E+08  0.215E-04  0.800E+08  0.121E-03  0.820E+08  0.357E-03
  0.840E+08  0.720E-03  0.860E+08  0.119E-02  0.880E+08  0.196E-02
  0.900E+08  0.325E-02  0.920E+08  0.518E-02  0.940E+08  0.839E-02
  0.960E+08  0.116E-01  0.980E+08  0.148E-01  0.100E+09  0.177E-01
ZR85 
         160
           0
          11
  0.764E+08  0.000E+00  0.820E+08  0.383E-15  0.840E+08  0.308E-12
  0.860E+08  0.329E-10  0.880E+08  0.676E-09  0.900E+08  0.136E-07
  0.920E+08  0.144E-06  0.940E+08  0.104E-05  0.960E+08  0.471E-05
  0.980E+08  0.131E-04  0.100E+09  0.484E-04
ZR84 
         161
           0
           6
  0.863E+08  0.000E+00  0.920E+08  0.135E-20  0.940E+08  0.483E-15
  0.960E+08  0.416E-12  0.980E+08  0.151E-10  0.100E+09  0.618E-09
Y91  
         174
           0
          57
  0.134E+08  0.000E+00  0.200E+08  0.874E-11  0.210E+08  0.281E-09
  0.220E+08  0.381E-08  0.230E+08  0.694E-07  0.240E+08  0.642E-06
  0.250E+08  0.270E-05  0.260E+08  0.100E-04  0.270E+08  0.275E-04
  0.280E+08  0.670E-04  0.290E+08  0.126E-03  0.300E+08  0.205E-03
  0.310E+08  0.320E-03  0.320E+08  0.415E-03  0.330E+08  0.600E-03
  0.340E+08  0.895E-03  0.350E+08  0.136E-02  0.360E+08  0.188E-02
  0.370E+08  0.243E-02  0.380E+08  0.301E-02  0.390E+08  0.362E-02
  0.400E+08  0.418E-02  0.410E+08  0.465E-02  0.420E+08  0.518E-02
  0.430E+08  0.560E-02  0.440E+08  0.610E-02  0.450E+08  0.658E-02
  0.460E+08  0.696E-02  0.470E+08  0.739E-02  0.480E+08  0.777E-02
  0.490E+08  0.847E-02  0.500E+08  0.865E-02  0.520E+08  0.876E-02
  0.540E+08  0.839E-02  0.560E+08  0.803E-02  0.580E+08  0.766E-02
  0.600E+08  0.729E-02  0.620E+08  0.693E-02  0.640E+08  0.656E-02
  0.660E+08  0.666E-02  0.680E+08  0.675E-02  0.700E+08  0.660E-02
  0.720E+08  0.633E-02  0.740E+08  0.627E-02  0.760E+08  0.621E-02
  0.780E+08  0.656E-02  0.800E+08  0.651E-02  0.820E+08  0.646E-02
  0.840E+08  0.645E-02  0.860E+08  0.640E-02  0.880E+08  0.635E-02
  0.900E+08  0.632E-02  0.920E+08  0.614E-02  0.940E+08  0.610E-02
  0.960E+08  0.606E-02  0.980E+08  0.604E-02  0.100E+09  0.566E-02
Y90  
         175
           0
          88
  0.100E-04  0.000E+00  0.200E+07  0.163E-08  0.250E+07  0.533E-04
  0.300E+07  0.148E-03  0.350E+07  0.298E-03  0.400E+07  0.513E-03
  0.450E+07  0.798E-03  0.500E+07  0.116E-02  0.550E+07  0.175E-02
  0.600E+07  0.234E-02  0.650E+07  0.293E-02  0.700E+07  0.353E-02
  0.750E+07  0.412E-02  0.800E+07  0.450E-02  0.850E+07  0.508E-02
  0.900E+07  0.566E-02  0.950E+07  0.624E-02  0.100E+08  0.682E-02
  0.105E+08  0.740E-02  0.110E+08  0.798E-02  0.115E+08  0.857E-02
  0.120E+08  0.915E-02  0.125E+08  0.973E-02  0.130E+08  0.951E-02
  0.135E+08  0.902E-02  0.140E+08  0.836E-02  0.145E+08  0.765E-02
  0.150E+08  0.721E-02  0.160E+08  0.606E-02  0.170E+08  0.491E-02
  0.180E+08  0.427E-02  0.190E+08  0.380E-02  0.200E+08  0.345E-02
  0.210E+08  0.313E-02  0.220E+08  0.295E-02  0.230E+08  0.277E-02
  0.240E+08  0.255E-02  0.250E+08  0.235E-02  0.260E+08  0.216E-02
  0.270E+08  0.198E-02  0.280E+08  0.181E-02  0.290E+08  0.166E-02
  0.300E+08  0.151E-02  0.310E+08  0.130E-02  0.320E+08  0.119E-02
  0.330E+08  0.109E-02  0.340E+08  0.100E-02  0.350E+08  0.934E-03
  0.360E+08  0.173E-02  0.370E+08  0.168E-02  0.380E+08  0.172E-02
  0.390E+08  0.184E-02  0.400E+08  0.209E-02  0.410E+08  0.230E-02
  0.420E+08  0.263E-02  0.430E+08  0.301E-02  0.440E+08  0.336E-02
  0.450E+08  0.380E-02  0.460E+08  0.420E-02  0.470E+08  0.466E-02
  0.480E+08  0.508E-02  0.490E+08  0.527E-02  0.500E+08  0.574E-02
  0.520E+08  0.672E-02  0.540E+08  0.802E-02  0.560E+08  0.891E-02
  0.580E+08  0.992E-02  0.600E+08  0.115E-01  0.620E+08  0.122E-01
  0.640E+08  0.127E-01  0.660E+08  0.121E-01  0.680E+08  0.119E-01
  0.700E+08  0.117E-01  0.720E+08  0.113E-01  0.740E+08  0.109E-01
  0.760E+08  0.105E-01  0.780E+08  0.104E-01  0.800E+08  0.996E-02
  0.820E+08  0.967E-02  0.840E+08  0.975E-02  0.860E+08  0.983E-02
  0.880E+08  0.944E-02  0.900E+08  0.904E-02  0.920E+08  0.865E-02
  0.940E+08  0.825E-02  0.960E+08  0.786E-02  0.980E+08  0.773E-02
  0.100E+09  0.741E-02
Y89  
         176
           0
          73
  0.195E+07  0.000E+00  0.950E+07  0.643E-04  0.100E+08  0.186E-03
  0.105E+08  0.411E-03  0.110E+08  0.828E-03  0.115E+08  0.155E-02
  0.120E+08  0.239E-02  0.125E+08  0.431E-02  0.130E+08  0.653E-02
  0.135E+08  0.927E-02  0.140E+08  0.124E-01  0.145E+08  0.157E-01
  0.150E+08  0.206E-01  0.160E+08  0.260E-01  0.170E+08  0.311E-01
  0.180E+08  0.366E-01  0.190E+08  0.419E-01  0.200E+08  0.488E-01
  0.210E+08  0.533E-01  0.220E+08  0.560E-01  0.230E+08  0.587E-01
  0.240E+08  0.625E-01  0.250E+08  0.657E-01  0.260E+08  0.668E-01
  0.270E+08  0.663E-01  0.280E+08  0.653E-01  0.290E+08  0.625E-01
  0.300E+08  0.571E-01  0.310E+08  0.493E-01  0.320E+08  0.440E-01
  0.330E+08  0.391E-01  0.340E+08  0.348E-01  0.350E+08  0.323E-01
  0.360E+08  0.287E-01  0.370E+08  0.259E-01  0.380E+08  0.239E-01
  0.390E+08  0.217E-01  0.400E+08  0.202E-01  0.410E+08  0.184E-01
  0.420E+08  0.169E-01  0.430E+08  0.156E-01  0.440E+08  0.145E-01
  0.450E+08  0.127E-01  0.460E+08  0.122E-01  0.470E+08  0.124E-01
  0.480E+08  0.125E-01  0.490E+08  0.137E-01  0.500E+08  0.147E-01
  0.520E+08  0.166E-01  0.540E+08  0.183E-01  0.560E+08  0.218E-01
  0.580E+08  0.273E-01  0.600E+08  0.320E-01  0.620E+08  0.373E-01
  0.640E+08  0.418E-01  0.660E+08  0.455E-01  0.680E+08  0.497E-01
  0.700E+08  0.496E-01  0.720E+08  0.500E-01  0.740E+08  0.504E-01
  0.760E+08  0.508E-01  0.780E+08  0.511E-01  0.800E+08  0.515E-01
  0.820E+08  0.519E-01  0.840E+08  0.523E-01  0.860E+08  0.527E-01
  0.880E+08  0.531E-01  0.900E+08  0.535E-01  0.920E+08  0.538E-01
  0.940E+08  0.542E-01  0.960E+08  0.546E-01  0.980E+08  0.550E-01
  0.100E+09  0.543E-01
Y88  
         177
           0
          56
  0.136E+08  0.000E+00  0.210E+08  0.117E-07  0.220E+08  0.206E-05
  0.230E+08  0.277E-04  0.240E+08  0.171E-03  0.250E+08  0.710E-03
  0.260E+08  0.290E-02  0.270E+08  0.662E-02  0.280E+08  0.108E-01
  0.290E+08  0.176E-01  0.300E+08  0.255E-01  0.310E+08  0.337E-01
  0.320E+08  0.411E-01  0.330E+08  0.478E-01  0.340E+08  0.538E-01
  0.350E+08  0.580E-01  0.360E+08  0.623E-01  0.370E+08  0.649E-01
  0.380E+08  0.661E-01  0.390E+08  0.664E-01  0.400E+08  0.645E-01
  0.410E+08  0.609E-01  0.420E+08  0.576E-01  0.430E+08  0.534E-01
  0.440E+08  0.493E-01  0.450E+08  0.445E-01  0.460E+08  0.407E-01
  0.470E+08  0.379E-01  0.480E+08  0.347E-01  0.490E+08  0.325E-01
  0.500E+08  0.304E-01  0.520E+08  0.254E-01  0.540E+08  0.209E-01
  0.560E+08  0.161E-01  0.580E+08  0.144E-01  0.600E+08  0.141E-01
  0.620E+08  0.147E-01  0.640E+08  0.180E-01  0.660E+08  0.240E-01
  0.680E+08  0.293E-01  0.700E+08  0.362E-01  0.720E+08  0.398E-01
  0.740E+08  0.460E-01  0.760E+08  0.545E-01  0.780E+08  0.590E-01
  0.800E+08  0.597E-01  0.820E+08  0.606E-01  0.840E+08  0.615E-01
  0.860E+08  0.624E-01  0.880E+08  0.634E-01  0.900E+08  0.608E-01
  0.920E+08  0.608E-01  0.940E+08  0.631E-01  0.960E+08  0.637E-01
  0.980E+08  0.643E-01  0.100E+09  0.630E-01
Y87  
         178
           0
          46
  0.230E+08  0.000E+00  0.310E+08  0.139E-07  0.320E+08  0.719E-06
  0.330E+08  0.512E-05  0.340E+08  0.364E-04  0.350E+08  0.140E-03
  0.360E+08  0.510E-03  0.370E+08  0.187E-02  0.380E+08  0.436E-02
  0.390E+08  0.797E-02  0.400E+08  0.120E-01  0.410E+08  0.172E-01
  0.420E+08  0.225E-01  0.430E+08  0.284E-01  0.440E+08  0.343E-01
  0.450E+08  0.406E-01  0.460E+08  0.456E-01  0.470E+08  0.481E-01
  0.480E+08  0.525E-01  0.490E+08  0.545E-01  0.500E+08  0.575E-01
  0.520E+08  0.624E-01  0.540E+08  0.660E-01  0.560E+08  0.663E-01
  0.580E+08  0.657E-01  0.600E+08  0.628E-01  0.620E+08  0.588E-01
  0.640E+08  0.549E-01  0.660E+08  0.505E-01  0.680E+08  0.457E-01
  0.700E+08  0.378E-01  0.720E+08  0.353E-01  0.740E+08  0.344E-01
  0.760E+08  0.337E-01  0.780E+08  0.367E-01  0.800E+08  0.416E-01
  0.820E+08  0.468E-01  0.840E+08  0.510E-01  0.860E+08  0.550E-01
  0.880E+08  0.608E-01  0.900E+08  0.670E-01  0.920E+08  0.737E-01
  0.940E+08  0.788E-01  0.960E+08  0.836E-01  0.980E+08  0.854E-01
  0.100E+09  0.878E-01
Y86  
         179
           0
          34
  0.349E+08  0.000E+00  0.430E+08  0.481E-10  0.440E+08  0.439E-08
  0.450E+08  0.820E-07  0.460E+08  0.723E-06  0.470E+08  0.265E-05
  0.480E+08  0.129E-04  0.490E+08  0.224E-04  0.500E+08  0.748E-04
  0.520E+08  0.462E-03  0.540E+08  0.211E-02  0.560E+08  0.573E-02
  0.580E+08  0.107E-01  0.600E+08  0.169E-01  0.620E+08  0.236E-01
  0.640E+08  0.300E-01  0.660E+08  0.349E-01  0.680E+08  0.391E-01
  0.700E+08  0.440E-01  0.720E+08  0.437E-01  0.740E+08  0.431E-01
  0.760E+08  0.422E-01  0.780E+08  0.412E-01  0.800E+08  0.403E-01
  0.820E+08  0.393E-01  0.840E+08  0.384E-01  0.860E+08  0.375E-01
  0.880E+08  0.365E-01  0.900E+08  0.356E-01  0.920E+08  0.346E-01
  0.940E+08  0.337E-01  0.960E+08  0.327E-01  0.980E+08  0.318E-01
  0.100E+09  0.348E-01
Y85  
         180
           0
          25
  0.446E+08  0.000E+00  0.540E+08  0.149E-09  0.560E+08  0.869E-07
  0.580E+08  0.276E-05  0.600E+08  0.347E-04  0.620E+08  0.212E-03
  0.640E+08  0.772E-03  0.660E+08  0.156E-02  0.680E+08  0.351E-02
  0.700E+08  0.686E-02  0.720E+08  0.102E-01  0.740E+08  0.136E-01
  0.760E+08  0.169E-01  0.780E+08  0.203E-01  0.800E+08  0.236E-01
  0.820E+08  0.270E-01  0.840E+08  0.303E-01  0.860E+08  0.324E-01
  0.880E+08  0.335E-01  0.900E+08  0.332E-01  0.920E+08  0.307E-01
  0.940E+08  0.296E-01  0.960E+08  0.291E-01  0.980E+08  0.285E-01
  0.100E+09  0.273E-01
Y84  
         181
           0
          19
  0.564E+08  0.000E+00  0.660E+08  0.814E-12  0.680E+08  0.290E-09
  0.700E+08  0.394E-07  0.720E+08  0.381E-06  0.740E+08  0.443E-05
  0.760E+08  0.163E-04  0.780E+08  0.604E-04  0.800E+08  0.157E-03
  0.820E+08  0.400E-03  0.840E+08  0.851E-03  0.860E+08  0.147E-02
  0.880E+08  0.334E-02  0.900E+08  0.470E-02  0.920E+08  0.615E-02
  0.940E+08  0.752E-02  0.960E+08  0.888E-02  0.980E+08  0.998E-02
  0.100E+09  0.110E-01
Y83  
         182
           0
          14
  0.664E+08  0.000E+00  0.760E+08  0.812E-13  0.780E+08  0.204E-10
  0.800E+08  0.914E-09  0.820E+08  0.234E-07  0.840E+08  0.118E-06
  0.860E+08  0.965E-06  0.880E+08  0.915E-05  0.900E+08  0.326E-04
  0.920E+08  0.875E-04  0.940E+08  0.120E-03  0.960E+08  0.307E-03
  0.980E+08  0.532E-03  0.100E+09  0.887E-03
Y82  
         183
           0
           8
  0.788E+08  0.000E+00  0.880E+08  0.716E-17  0.900E+08  0.834E-14
  0.920E+08  0.105E-11  0.940E+08  0.898E-11  0.960E+08  0.383E-09
  0.980E+08  0.341E-08  0.100E+09  0.251E-07
Y81  
         184
           0
           3
  0.887E+08  0.000E+00  0.980E+08  0.519E-22  0.100E+09  0.104E-17
SR91 
         219
           0
          50
  0.175E+08  0.000E+00  0.270E+08  0.551E-15  0.280E+08  0.129E-12
  0.290E+08  0.200E-11  0.300E+08  0.153E-10  0.310E+08  0.104E-09
  0.320E+08  0.350E-09  0.330E+08  0.105E-08  0.340E+08  0.213E-08
  0.350E+08  0.603E-08  0.360E+08  0.127E-07  0.370E+08  0.212E-07
  0.380E+08  0.371E-07  0.390E+08  0.627E-07  0.400E+08  0.961E-07
  0.410E+08  0.121E-06  0.420E+08  0.163E-06  0.430E+08  0.194E-06
  0.440E+08  0.234E-06  0.450E+08  0.269E-06  0.460E+08  0.299E-06
  0.470E+08  0.329E-06  0.480E+08  0.360E-06  0.490E+08  0.528E-06
  0.500E+08  0.586E-06  0.520E+08  0.748E-06  0.540E+08  0.964E-06
  0.560E+08  0.120E-05  0.580E+08  0.138E-05  0.600E+08  0.152E-05
  0.620E+08  0.119E-05  0.640E+08  0.117E-05  0.660E+08  0.114E-05
  0.680E+08  0.103E-05  0.700E+08  0.101E-05  0.720E+08  0.965E-06
  0.740E+08  0.925E-06  0.760E+08  0.891E-06  0.780E+08  0.838E-06
  0.800E+08  0.814E-06  0.820E+08  0.810E-06  0.840E+08  0.775E-06
  0.860E+08  0.969E-06  0.880E+08  0.121E-05  0.900E+08  0.119E-05
  0.920E+08  0.118E-05  0.940E+08  0.113E-05  0.960E+08  0.109E-05
  0.980E+08  0.107E-05  0.100E+09  0.105E-05
SR90 
         220
           0
          46
  0.211E+08  0.000E+00  0.310E+08  0.524E-16  0.320E+08  0.282E-14
  0.330E+08  0.149E-12  0.340E+08  0.247E-11  0.350E+08  0.216E-10
  0.360E+08  0.170E-09  0.370E+08  0.661E-09  0.380E+08  0.272E-08
  0.390E+08  0.930E-08  0.400E+08  0.258E-07  0.410E+08  0.498E-07
  0.420E+08  0.107E-06  0.430E+08  0.223E-06  0.440E+08  0.399E-06
  0.450E+08  0.648E-06  0.460E+08  0.993E-06  0.470E+08  0.156E-05
  0.480E+08  0.220E-05  0.490E+08  0.231E-05  0.500E+08  0.309E-05
  0.520E+08  0.491E-05  0.540E+08  0.698E-05  0.560E+08  0.854E-05
  0.580E+08  0.132E-04  0.600E+08  0.160E-04  0.620E+08  0.174E-04
  0.640E+08  0.198E-04  0.660E+08  0.223E-04  0.680E+08  0.252E-04
  0.700E+08  0.286E-04  0.720E+08  0.320E-04  0.740E+08  0.344E-04
  0.760E+08  0.365E-04  0.780E+08  0.365E-04  0.800E+08  0.371E-04
  0.820E+08  0.312E-04  0.840E+08  0.310E-04  0.860E+08  0.331E-04
  0.880E+08  0.319E-04  0.900E+08  0.307E-04  0.920E+08  0.296E-04
  0.940E+08  0.290E-04  0.960E+08  0.273E-04  0.980E+08  0.265E-04
  0.100E+09  0.259E-04
SR89 
         221
           0
          66
  0.267E+07  0.000E+00  0.130E+08  0.297E-09  0.135E+08  0.164E-08
  0.140E+08  0.649E-08  0.145E+08  0.205E-07  0.150E+08  0.581E-07
  0.160E+08  0.289E-06  0.170E+08  0.982E-06  0.180E+08  0.257E-05
  0.190E+08  0.500E-05  0.200E+08  0.106E-04  0.210E+08  0.189E-04
  0.220E+08  0.294E-04  0.230E+08  0.452E-04  0.240E+08  0.645E-04
  0.250E+08  0.855E-04  0.260E+08  0.100E-03  0.270E+08  0.119E-03
  0.280E+08  0.125E-03  0.290E+08  0.139E-03  0.300E+08  0.134E-03
  0.310E+08  0.123E-03  0.320E+08  0.114E-03  0.330E+08  0.105E-03
  0.340E+08  0.972E-04  0.350E+08  0.768E-04  0.360E+08  0.734E-04
  0.370E+08  0.692E-04  0.380E+08  0.653E-04  0.390E+08  0.620E-04
  0.400E+08  0.593E-04  0.410E+08  0.567E-04  0.420E+08  0.543E-04
  0.430E+08  0.521E-04  0.440E+08  0.514E-04  0.450E+08  0.501E-04
  0.460E+08  0.482E-04  0.470E+08  0.463E-04  0.480E+08  0.485E-04
  0.490E+08  0.363E-04  0.500E+08  0.357E-04  0.520E+08  0.420E-04
  0.540E+08  0.421E-04  0.560E+08  0.445E-04  0.580E+08  0.536E-04
  0.600E+08  0.652E-04  0.620E+08  0.788E-04  0.640E+08  0.928E-04
  0.660E+08  0.108E-03  0.680E+08  0.112E-03  0.700E+08  0.120E-03
  0.720E+08  0.125E-03  0.740E+08  0.129E-03  0.760E+08  0.134E-03
  0.780E+08  0.147E-03  0.800E+08  0.155E-03  0.820E+08  0.145E-03
  0.840E+08  0.157E-03  0.860E+08  0.169E-03  0.880E+08  0.175E-03
  0.900E+08  0.183E-03  0.920E+08  0.189E-03  0.940E+08  0.193E-03
  0.960E+08  0.186E-03  0.980E+08  0.187E-03  0.100E+09  0.210E-03
SR88 
         222
           0
          60
  0.686E+07  0.000E+00  0.170E+08  0.932E-13  0.180E+08  0.144E-10
  0.190E+08  0.205E-09  0.200E+08  0.543E-08  0.210E+08  0.788E-07
  0.220E+08  0.494E-06  0.230E+08  0.244E-05  0.240E+08  0.891E-05
  0.250E+08  0.230E-04  0.260E+08  0.614E-04  0.270E+08  0.124E-03
  0.280E+08  0.233E-03  0.290E+08  0.324E-03  0.300E+08  0.470E-03
  0.310E+08  0.653E-03  0.320E+08  0.852E-03  0.330E+08  0.108E-02
  0.340E+08  0.133E-02  0.350E+08  0.155E-02  0.360E+08  0.186E-02
  0.370E+08  0.214E-02  0.380E+08  0.239E-02  0.390E+08  0.272E-02
  0.400E+08  0.296E-02  0.410E+08  0.319E-02  0.420E+08  0.336E-02
  0.430E+08  0.347E-02  0.440E+08  0.347E-02  0.450E+08  0.352E-02
  0.460E+08  0.353E-02  0.470E+08  0.361E-02  0.480E+08  0.344E-02
  0.490E+08  0.326E-02  0.500E+08  0.309E-02  0.520E+08  0.274E-02
  0.540E+08  0.239E-02  0.560E+08  0.204E-02  0.580E+08  0.194E-02
  0.600E+08  0.181E-02  0.620E+08  0.169E-02  0.640E+08  0.165E-02
  0.660E+08  0.161E-02  0.680E+08  0.157E-02  0.700E+08  0.171E-02
  0.720E+08  0.181E-02  0.740E+08  0.196E-02  0.760E+08  0.209E-02
  0.780E+08  0.222E-02  0.800E+08  0.246E-02  0.820E+08  0.246E-02
  0.840E+08  0.255E-02  0.860E+08  0.265E-02  0.880E+08  0.269E-02
  0.900E+08  0.281E-02  0.920E+08  0.289E-02  0.940E+08  0.254E-02
  0.960E+08  0.249E-02  0.980E+08  0.258E-02  0.100E+09  0.253E-02
SR87 
         223
           0
          48
  0.181E+08  0.000E+00  0.290E+08  0.852E-12  0.300E+08  0.610E-10
  0.310E+08  0.116E-08  0.320E+08  0.124E-07  0.330E+08  0.104E-06
  0.340E+08  0.675E-06  0.350E+08  0.269E-05  0.360E+08  0.973E-05
  0.370E+08  0.222E-04  0.380E+08  0.704E-04  0.390E+08  0.158E-03
  0.400E+08  0.289E-03  0.410E+08  0.513E-03  0.420E+08  0.871E-03
  0.430E+08  0.130E-02  0.440E+08  0.176E-02  0.450E+08  0.243E-02
  0.460E+08  0.289E-02  0.470E+08  0.345E-02  0.480E+08  0.409E-02
  0.490E+08  0.499E-02  0.500E+08  0.589E-02  0.520E+08  0.650E-02
  0.540E+08  0.707E-02  0.560E+08  0.740E-02  0.580E+08  0.742E-02
  0.600E+08  0.787E-02  0.620E+08  0.720E-02  0.640E+08  0.694E-02
  0.660E+08  0.663E-02  0.680E+08  0.614E-02  0.700E+08  0.566E-02
  0.720E+08  0.535E-02  0.740E+08  0.513E-02  0.760E+08  0.498E-02
  0.780E+08  0.490E-02  0.800E+08  0.461E-02  0.820E+08  0.458E-02
  0.840E+08  0.428E-02  0.860E+08  0.444E-02  0.880E+08  0.459E-02
  0.900E+08  0.475E-02  0.920E+08  0.519E-02  0.940E+08  0.571E-02
  0.960E+08  0.631E-02  0.980E+08  0.622E-02  0.100E+09  0.624E-02
SR86 
         224
           0
          40
  0.266E+08  0.000E+00  0.370E+08  0.757E-15  0.380E+08  0.411E-11
  0.390E+08  0.156E-09  0.400E+08  0.191E-08  0.410E+08  0.174E-07
  0.420E+08  0.108E-06  0.430E+08  0.507E-06  0.440E+08  0.185E-05
  0.450E+08  0.639E-05  0.460E+08  0.211E-04  0.470E+08  0.441E-04
  0.480E+08  0.101E-03  0.490E+08  0.240E-03  0.500E+08  0.446E-03
  0.520E+08  0.115E-02  0.540E+08  0.259E-02  0.560E+08  0.479E-02
  0.580E+08  0.698E-02  0.600E+08  0.937E-02  0.620E+08  0.123E-01
  0.640E+08  0.154E-01  0.660E+08  0.194E-01  0.680E+08  0.217E-01
  0.700E+08  0.240E-01  0.720E+08  0.250E-01  0.740E+08  0.263E-01
  0.760E+08  0.273E-01  0.780E+08  0.269E-01  0.800E+08  0.260E-01
  0.820E+08  0.252E-01  0.840E+08  0.243E-01  0.860E+08  0.230E-01
  0.880E+08  0.211E-01  0.900E+08  0.191E-01  0.920E+08  0.192E-01
  0.940E+08  0.197E-01  0.960E+08  0.198E-01  0.980E+08  0.199E-01
  0.100E+09  0.204E-01
SR85 
         225
           0
          28
  0.382E+08  0.000E+00  0.490E+08  0.167E-13  0.500E+08  0.112E-11
  0.520E+08  0.321E-09  0.540E+08  0.186E-07  0.560E+08  0.630E-06
  0.580E+08  0.844E-05  0.600E+08  0.480E-04  0.620E+08  0.213E-03
  0.640E+08  0.675E-03  0.660E+08  0.148E-02  0.680E+08  0.243E-02
  0.700E+08  0.468E-02  0.720E+08  0.678E-02  0.740E+08  0.104E-01
  0.760E+08  0.141E-01  0.780E+08  0.163E-01  0.800E+08  0.189E-01
  0.820E+08  0.219E-01  0.840E+08  0.254E-01  0.860E+08  0.266E-01
  0.880E+08  0.264E-01  0.900E+08  0.267E-01  0.920E+08  0.269E-01
  0.940E+08  0.265E-01  0.960E+08  0.232E-01  0.980E+08  0.221E-01
  0.100E+09  0.211E-01
SR84 
         226
           0
          23
  0.468E+08  0.000E+00  0.580E+08  0.256E-13  0.600E+08  0.169E-10
  0.620E+08  0.191E-08  0.640E+08  0.614E-07  0.660E+08  0.776E-06
  0.680E+08  0.281E-05  0.700E+08  0.192E-04  0.720E+08  0.686E-04
  0.740E+08  0.250E-03  0.760E+08  0.657E-03  0.780E+08  0.146E-02
  0.800E+08  0.267E-02  0.820E+08  0.475E-02  0.840E+08  0.783E-02
  0.860E+08  0.115E-01  0.880E+08  0.167E-01  0.900E+08  0.221E-01
  0.920E+08  0.282E-01  0.940E+08  0.320E-01  0.960E+08  0.363E-01
  0.980E+08  0.394E-01  0.100E+09  0.417E-01
SR83 
         227
           0
          17
  0.589E+08  0.000E+00  0.700E+08  0.122E-17  0.720E+08  0.158E-14
  0.740E+08  0.826E-12  0.760E+08  0.633E-10  0.780E+08  0.248E-08
  0.800E+08  0.439E-07  0.820E+08  0.359E-06  0.840E+08  0.232E-05
  0.860E+08  0.104E-04  0.880E+08  0.662E-04  0.900E+08  0.211E-03
  0.920E+08  0.551E-03  0.940E+08  0.106E-02  0.960E+08  0.200E-02
  0.980E+08  0.314E-02  0.100E+09  0.465E-02
SR82 
         228
           0
          12
  0.679E+08  0.000E+00  0.800E+08  0.211E-17  0.820E+08  0.527E-14
  0.840E+08  0.678E-12  0.860E+08  0.255E-10  0.880E+08  0.114E-08
  0.900E+08  0.274E-07  0.920E+08  0.416E-06  0.940E+08  0.249E-05
  0.960E+08  0.199E-04  0.980E+08  0.577E-04  0.100E+09  0.146E-03
SR81 
         229
           0
           6
  0.806E+08  0.000E+00  0.920E+08  0.173E-22  0.940E+08  0.606E-18
  0.960E+08  0.200E-14  0.980E+08  0.159E-12  0.100E+09  0.960E-11
RB90 
         254
           0
          35
  0.293E+08  0.000E+00  0.420E+08  0.208E-20  0.430E+08  0.736E-18
  0.440E+08  0.161E-16  0.450E+08  0.228E-15  0.460E+08  0.184E-14
  0.470E+08  0.152E-13  0.480E+08  0.690E-13  0.490E+08  0.933E-13
  0.500E+08  0.325E-12  0.520E+08  0.269E-11  0.540E+08  0.149E-10
  0.560E+08  0.572E-10  0.580E+08  0.160E-09  0.600E+08  0.576E-09
  0.620E+08  0.128E-08  0.640E+08  0.208E-08  0.660E+08  0.304E-08
  0.680E+08  0.368E-08  0.700E+08  0.422E-08  0.720E+08  0.457E-08
  0.740E+08  0.460E-08  0.760E+08  0.634E-08  0.780E+08  0.637E-08
  0.800E+08  0.670E-08  0.820E+08  0.727E-08  0.840E+08  0.799E-08
  0.860E+08  0.101E-07  0.880E+08  0.124E-07  0.900E+08  0.139E-07
  0.920E+08  0.154E-07  0.940E+08  0.165E-07  0.960E+08  0.169E-07
  0.980E+08  0.176E-07  0.100E+09  0.136E-07
RB89 
         255
           0
          32
  0.328E+08  0.000E+00  0.450E+08  0.354E-23  0.460E+08  0.960E-21
  0.470E+08  0.109E-18  0.480E+08  0.290E-17  0.490E+08  0.255E-16
  0.500E+08  0.213E-15  0.520E+08  0.754E-14  0.540E+08  0.377E-12
  0.560E+08  0.479E-11  0.580E+08  0.364E-10  0.600E+08  0.329E-09
  0.620E+08  0.167E-08  0.640E+08  0.487E-08  0.660E+08  0.139E-07
  0.680E+08  0.290E-07  0.700E+08  0.521E-07  0.720E+08  0.832E-07
  0.740E+08  0.117E-06  0.760E+08  0.163E-06  0.780E+08  0.207E-06
  0.800E+08  0.213E-06  0.820E+08  0.235E-06  0.840E+08  0.240E-06
  0.860E+08  0.235E-06  0.880E+08  0.258E-06  0.900E+08  0.260E-06
  0.920E+08  0.265E-06  0.940E+08  0.265E-06  0.960E+08  0.274E-06
  0.980E+08  0.291E-06  0.100E+09  0.289E-06
RB88 
         256
           0
          50
  0.137E+08  0.000E+00  0.270E+08  0.776E-16  0.280E+08  0.507E-13
  0.290E+08  0.104E-11  0.300E+08  0.967E-11  0.310E+08  0.761E-10
  0.320E+08  0.320E-09  0.330E+08  0.115E-08  0.340E+08  0.352E-08
  0.350E+08  0.861E-08  0.360E+08  0.207E-07  0.370E+08  0.392E-07
  0.380E+08  0.805E-07  0.390E+08  0.149E-06  0.400E+08  0.243E-06
  0.410E+08  0.359E-06  0.420E+08  0.532E-06  0.430E+08  0.739E-06
  0.440E+08  0.832E-06  0.450E+08  0.105E-05  0.460E+08  0.130E-05
  0.470E+08  0.151E-05  0.480E+08  0.176E-05  0.490E+08  0.172E-05
  0.500E+08  0.185E-05  0.520E+08  0.212E-05  0.540E+08  0.231E-05
  0.560E+08  0.254E-05  0.580E+08  0.286E-05  0.600E+08  0.308E-05
  0.620E+08  0.328E-05  0.640E+08  0.335E-05  0.660E+08  0.324E-05
  0.680E+08  0.369E-05  0.700E+08  0.360E-05  0.720E+08  0.349E-05
  0.740E+08  0.343E-05  0.760E+08  0.334E-05  0.780E+08  0.329E-05
  0.800E+08  0.338E-05  0.820E+08  0.364E-05  0.840E+08  0.375E-05
  0.860E+08  0.392E-05  0.880E+08  0.413E-05  0.900E+08  0.509E-05
  0.920E+08  0.454E-05  0.940E+08  0.460E-05  0.960E+08  0.448E-05
  0.980E+08  0.454E-05  0.100E+09  0.448E-05
RB87 
         257
           0
          46
  0.176E+08  0.000E+00  0.310E+08  0.819E-17  0.320E+08  0.243E-14
  0.330E+08  0.768E-13  0.340E+08  0.155E-11  0.350E+08  0.136E-10
  0.360E+08  0.922E-10  0.370E+08  0.418E-09  0.380E+08  0.216E-08
  0.390E+08  0.806E-08  0.400E+08  0.237E-07  0.410E+08  0.630E-07
  0.420E+08  0.156E-06  0.430E+08  0.345E-06  0.440E+08  0.651E-06
  0.450E+08  0.123E-05  0.460E+08  0.193E-05  0.470E+08  0.315E-05
  0.480E+08  0.496E-05  0.490E+08  0.738E-05  0.500E+08  0.104E-04
  0.520E+08  0.183E-04  0.540E+08  0.295E-04  0.560E+08  0.418E-04
  0.580E+08  0.548E-04  0.600E+08  0.739E-04  0.620E+08  0.894E-04
  0.640E+08  0.101E-03  0.660E+08  0.110E-03  0.680E+08  0.116E-03
  0.700E+08  0.118E-03  0.720E+08  0.121E-03  0.740E+08  0.121E-03
  0.760E+08  0.122E-03  0.780E+08  0.121E-03  0.800E+08  0.119E-03
  0.820E+08  0.120E-03  0.840E+08  0.106E-03  0.860E+08  0.106E-03
  0.880E+08  0.105E-03  0.900E+08  0.104E-03  0.920E+08  0.101E-03
  0.940E+08  0.103E-03  0.960E+08  0.114E-03  0.980E+08  0.115E-03
  0.100E+09  0.119E-03
RB86 
         258
           0
          61
  0.126E+07  0.000E+00  0.160E+08  0.409E-11  0.170E+08  0.869E-10
  0.180E+08  0.718E-09  0.190E+08  0.394E-08  0.200E+08  0.175E-07
  0.210E+08  0.581E-07  0.220E+08  0.124E-06  0.230E+08  0.308E-06
  0.240E+08  0.673E-06  0.250E+08  0.110E-05  0.260E+08  0.201E-05
  0.270E+08  0.371E-05  0.280E+08  0.588E-05  0.290E+08  0.914E-05
  0.300E+08  0.130E-04  0.310E+08  0.179E-04  0.320E+08  0.228E-04
  0.330E+08  0.274E-04  0.340E+08  0.311E-04  0.350E+08  0.280E-04
  0.360E+08  0.304E-04  0.370E+08  0.294E-04  0.380E+08  0.277E-04
  0.390E+08  0.258E-04  0.400E+08  0.261E-04  0.410E+08  0.234E-04
  0.420E+08  0.212E-04  0.430E+08  0.191E-04  0.440E+08  0.170E-04
  0.450E+08  0.166E-04  0.460E+08  0.151E-04  0.470E+08  0.137E-04
  0.480E+08  0.126E-04  0.490E+08  0.103E-04  0.500E+08  0.102E-04
  0.520E+08  0.892E-05  0.540E+08  0.948E-05  0.560E+08  0.137E-04
  0.580E+08  0.246E-04  0.600E+08  0.415E-04  0.620E+08  0.784E-04
  0.640E+08  0.132E-03  0.660E+08  0.221E-03  0.680E+08  0.304E-03
  0.700E+08  0.403E-03  0.720E+08  0.470E-03  0.740E+08  0.557E-03
  0.760E+08  0.624E-03  0.780E+08  0.654E-03  0.800E+08  0.668E-03
  0.820E+08  0.679E-03  0.840E+08  0.657E-03  0.860E+08  0.663E-03
  0.880E+08  0.612E-03  0.900E+08  0.595E-03  0.920E+08  0.588E-03
  0.940E+08  0.585E-03  0.960E+08  0.564E-03  0.980E+08  0.567E-03
  0.100E+09  0.580E-03
RB85 
         259
           0
          52
  0.100E+08  0.000E+00  0.250E+08  0.345E-11  0.260E+08  0.124E-09
  0.270E+08  0.157E-08  0.280E+08  0.115E-07  0.290E+08  0.628E-07
  0.300E+08  0.249E-06  0.310E+08  0.998E-06  0.320E+08  0.268E-05
  0.330E+08  0.615E-05  0.340E+08  0.123E-04  0.350E+08  0.217E-04
  0.360E+08  0.364E-04  0.370E+08  0.528E-04  0.380E+08  0.727E-04
  0.390E+08  0.965E-04  0.400E+08  0.113E-03  0.410E+08  0.137E-03
  0.420E+08  0.166E-03  0.430E+08  0.196E-03  0.440E+08  0.212E-03
  0.450E+08  0.257E-03  0.460E+08  0.289E-03  0.470E+08  0.318E-03
  0.480E+08  0.342E-03  0.490E+08  0.340E-03  0.500E+08  0.363E-03
  0.520E+08  0.363E-03  0.540E+08  0.337E-03  0.560E+08  0.311E-03
  0.580E+08  0.225E-03  0.600E+08  0.208E-03  0.620E+08  0.185E-03
  0.640E+08  0.185E-03  0.660E+08  0.170E-03  0.680E+08  0.157E-03
  0.700E+08  0.184E-03  0.720E+08  0.242E-03  0.740E+08  0.355E-03
  0.760E+08  0.525E-03  0.780E+08  0.748E-03  0.800E+08  0.100E-02
  0.820E+08  0.132E-02  0.840E+08  0.172E-02  0.860E+08  0.206E-02
  0.880E+08  0.234E-02  0.900E+08  0.254E-02  0.920E+08  0.271E-02
  0.940E+08  0.285E-02  0.960E+08  0.291E-02  0.980E+08  0.291E-02
  0.100E+09  0.291E-02
RB84 
         260
           0
          42
  0.206E+08  0.000E+00  0.350E+08  0.994E-14  0.360E+08  0.241E-11
  0.370E+08  0.613E-10  0.380E+08  0.789E-09  0.390E+08  0.422E-08
  0.400E+08  0.189E-07  0.410E+08  0.862E-07  0.420E+08  0.349E-06
  0.430E+08  0.117E-05  0.440E+08  0.278E-05  0.450E+08  0.759E-05
  0.460E+08  0.166E-04  0.470E+08  0.318E-04  0.480E+08  0.561E-04
  0.490E+08  0.846E-04  0.500E+08  0.130E-03  0.520E+08  0.246E-03
  0.540E+08  0.395E-03  0.560E+08  0.553E-03  0.580E+08  0.751E-03
  0.600E+08  0.887E-03  0.620E+08  0.989E-03  0.640E+08  0.964E-03
  0.660E+08  0.970E-03  0.680E+08  0.899E-03  0.700E+08  0.856E-03
  0.720E+08  0.746E-03  0.740E+08  0.655E-03  0.760E+08  0.591E-03
  0.780E+08  0.536E-03  0.800E+08  0.511E-03  0.820E+08  0.537E-03
  0.840E+08  0.637E-03  0.860E+08  0.817E-03  0.880E+08  0.106E-02
  0.900E+08  0.143E-02  0.920E+08  0.188E-02  0.940E+08  0.252E-02
  0.960E+08  0.317E-02  0.980E+08  0.377E-02  0.100E+09  0.433E-02
RB83 
         261
           0
          33
  0.295E+08  0.000E+00  0.440E+08  0.622E-15  0.450E+08  0.208E-12
  0.460E+08  0.604E-11  0.470E+08  0.546E-10  0.480E+08  0.550E-09
  0.490E+08  0.109E-08  0.500E+08  0.693E-08  0.520E+08  0.149E-06
  0.540E+08  0.210E-05  0.560E+08  0.137E-04  0.580E+08  0.622E-04
  0.600E+08  0.210E-03  0.620E+08  0.425E-03  0.640E+08  0.641E-03
  0.660E+08  0.101E-02  0.680E+08  0.139E-02  0.700E+08  0.186E-02
  0.720E+08  0.228E-02  0.740E+08  0.262E-02  0.760E+08  0.295E-02
  0.780E+08  0.311E-02  0.800E+08  0.304E-02  0.820E+08  0.306E-02
  0.840E+08  0.303E-02  0.860E+08  0.286E-02  0.880E+08  0.271E-02
  0.900E+08  0.258E-02  0.920E+08  0.237E-02  0.940E+08  0.249E-02
  0.960E+08  0.252E-02  0.980E+08  0.270E-02  0.100E+09  0.302E-02
RB82 
         262
           0
          24
  0.405E+08  0.000E+00  0.560E+08  0.429E-14  0.580E+08  0.115E-11
  0.600E+08  0.264E-09  0.620E+08  0.905E-08  0.640E+08  0.135E-06
  0.660E+08  0.121E-05  0.680E+08  0.710E-05  0.700E+08  0.308E-04
  0.720E+08  0.862E-04  0.740E+08  0.208E-03  0.760E+08  0.413E-03
  0.780E+08  0.671E-03  0.800E+08  0.122E-02  0.820E+08  0.160E-02
  0.840E+08  0.201E-02  0.860E+08  0.253E-02  0.880E+08  0.311E-02
  0.900E+08  0.342E-02  0.920E+08  0.361E-02  0.940E+08  0.364E-02
  0.960E+08  0.368E-02  0.980E+08  0.368E-02  0.100E+09  0.362E-02
RB81 
         263
           0
          20
  0.494E+08  0.000E+00  0.640E+08  0.344E-17  0.660E+08  0.230E-14
  0.680E+08  0.887E-12  0.700E+08  0.120E-09  0.720E+08  0.192E-08
  0.740E+08  0.354E-07  0.760E+08  0.376E-06  0.780E+08  0.200E-05
  0.800E+08  0.110E-04  0.820E+08  0.311E-04  0.840E+08  0.764E-04
  0.860E+08  0.182E-03  0.880E+08  0.409E-03  0.900E+08  0.870E-03
  0.920E+08  0.133E-02  0.940E+08  0.184E-02  0.960E+08  0.260E-02
  0.980E+08  0.335E-02  0.100E+09  0.417E-02
RB80 
         264
           0
          14
  0.609E+08  0.000E+00  0.760E+08  0.588E-18  0.780E+08  0.204E-15
  0.800E+08  0.484E-13  0.820E+08  0.215E-11  0.840E+08  0.410E-10
  0.860E+08  0.808E-09  0.880E+08  0.155E-07  0.900E+08  0.146E-06
  0.920E+08  0.796E-06  0.940E+08  0.258E-05  0.960E+08  0.991E-05
  0.980E+08  0.257E-04  0.100E+09  0.600E-04
RB79 
         265
           0
           9
  0.704E+08  0.000E+00  0.860E+08  0.212E-20  0.880E+08  0.105E-16
  0.900E+08  0.255E-14  0.920E+08  0.195E-12  0.940E+08  0.154E-11
  0.960E+08  0.288E-10  0.980E+08  0.332E-09  0.100E+09  0.352E-08
RB78 
         266
           0
           2
  0.825E+08  0.000E+00  0.100E+09  0.257E-20
KR89 
         275
           0
          25
  0.393E+08  0.000E+00  0.540E+08  0.634E-28  0.560E+08  0.634E-24
  0.580E+08  0.276E-21  0.600E+08  0.756E-19  0.620E+08  0.510E-17
  0.640E+08  0.772E-16  0.660E+08  0.101E-14  0.680E+08  0.701E-14
  0.700E+08  0.350E-13  0.720E+08  0.134E-12  0.740E+08  0.395E-12
  0.760E+08  0.789E-12  0.780E+08  0.174E-11  0.800E+08  0.325E-11
  0.820E+08  0.531E-11  0.840E+08  0.788E-11  0.860E+08  0.108E-10
  0.880E+08  0.151E-10  0.900E+08  0.176E-10  0.920E+08  0.208E-10
  0.940E+08  0.198E-10  0.960E+08  0.237E-10  0.980E+08  0.250E-10
  0.100E+09  0.242E-10
KR88 
         276
           0
          24
  0.422E+08  0.000E+00  0.560E+08  0.122E-30  0.580E+08  0.918E-28
  0.600E+08  0.125E-23  0.620E+08  0.257E-20  0.640E+08  0.314E-18
  0.660E+08  0.315E-16  0.680E+08  0.633E-15  0.700E+08  0.745E-14
  0.720E+08  0.586E-13  0.740E+08  0.323E-12  0.760E+08  0.102E-11
  0.780E+08  0.387E-11  0.800E+08  0.122E-10  0.820E+08  0.326E-10
  0.840E+08  0.527E-10  0.860E+08  0.982E-10  0.880E+08  0.203E-09
  0.900E+08  0.309E-09  0.920E+08  0.508E-09  0.940E+08  0.675E-09
  0.960E+08  0.103E-08  0.980E+08  0.134E-08  0.100E+09  0.168E-08
KR87 
         277
           0
          38
  0.230E+08  0.000E+00  0.390E+08  0.220E-23  0.400E+08  0.711E-20
  0.410E+08  0.283E-18  0.420E+08  0.666E-17  0.430E+08  0.101E-15
  0.440E+08  0.908E-15  0.450E+08  0.594E-14  0.460E+08  0.265E-13
  0.470E+08  0.139E-12  0.480E+08  0.505E-12  0.490E+08  0.148E-11
  0.500E+08  0.408E-11  0.520E+08  0.235E-10  0.540E+08  0.101E-09
  0.560E+08  0.322E-09  0.580E+08  0.781E-09  0.600E+08  0.172E-08
  0.620E+08  0.360E-08  0.640E+08  0.552E-08  0.660E+08  0.799E-08
  0.680E+08  0.980E-08  0.700E+08  0.107E-07  0.720E+08  0.119E-07
  0.740E+08  0.122E-07  0.760E+08  0.124E-07  0.780E+08  0.125E-07
  0.800E+08  0.118E-07  0.820E+08  0.123E-07  0.840E+08  0.128E-07
  0.860E+08  0.137E-07  0.880E+08  0.129E-07  0.900E+08  0.147E-07
  0.920E+08  0.155E-07  0.940E+08  0.164E-07  0.960E+08  0.182E-07
  0.980E+08  0.235E-07  0.100E+09  0.264E-07
KR86 
         278
           0
          35
  0.263E+08  0.000E+00  0.420E+08  0.137E-23  0.430E+08  0.220E-20
  0.440E+08  0.127E-18  0.450E+08  0.176E-17  0.460E+08  0.116E-16
  0.470E+08  0.134E-15  0.480E+08  0.123E-14  0.490E+08  0.238E-13
  0.500E+08  0.977E-13  0.520E+08  0.137E-11  0.540E+08  0.144E-10
  0.560E+08  0.993E-10  0.580E+08  0.443E-09  0.600E+08  0.180E-08
  0.620E+08  0.684E-08  0.640E+08  0.182E-07  0.660E+08  0.511E-07
  0.680E+08  0.964E-07  0.700E+08  0.179E-06  0.720E+08  0.302E-06
  0.740E+08  0.461E-06  0.760E+08  0.661E-06  0.780E+08  0.861E-06
  0.800E+08  0.104E-05  0.820E+08  0.129E-05  0.840E+08  0.141E-05
  0.860E+08  0.153E-05  0.880E+08  0.149E-05  0.900E+08  0.157E-05
  0.920E+08  0.178E-05  0.940E+08  0.177E-05  0.960E+08  0.198E-05
  0.980E+08  0.207E-05  0.100E+09  0.214E-05
KR85 
         279
           0
          49
  0.991E+07  0.000E+00  0.280E+08  0.362E-15  0.290E+08  0.117E-13
  0.300E+08  0.943E-13  0.310E+08  0.118E-11  0.320E+08  0.719E-11
  0.330E+08  0.345E-10  0.340E+08  0.136E-09  0.350E+08  0.527E-09
  0.360E+08  0.157E-08  0.370E+08  0.383E-08  0.380E+08  0.857E-08
  0.390E+08  0.151E-07  0.400E+08  0.278E-07  0.410E+08  0.474E-07
  0.420E+08  0.780E-07  0.430E+08  0.121E-06  0.440E+08  0.158E-06
  0.450E+08  0.234E-06  0.460E+08  0.315E-06  0.470E+08  0.406E-06
  0.480E+08  0.513E-06  0.490E+08  0.595E-06  0.500E+08  0.699E-06
  0.520E+08  0.818E-06  0.540E+08  0.808E-06  0.560E+08  0.786E-06
  0.580E+08  0.727E-06  0.600E+08  0.706E-06  0.620E+08  0.796E-06
  0.640E+08  0.721E-06  0.660E+08  0.642E-06  0.680E+08  0.417E-06
  0.700E+08  0.391E-06  0.720E+08  0.349E-06  0.740E+08  0.459E-06
  0.760E+08  0.685E-06  0.780E+08  0.110E-05  0.800E+08  0.178E-05
  0.820E+08  0.289E-05  0.840E+08  0.427E-05  0.860E+08  0.582E-05
  0.880E+08  0.725E-05  0.900E+08  0.872E-05  0.920E+08  0.104E-04
  0.940E+08  0.116E-04  0.960E+08  0.128E-04  0.980E+08  0.136E-04
  0.100E+09  0.136E-04
KR84 
         280
           0
          45
  0.149E+08  0.000E+00  0.320E+08  0.706E-21  0.330E+08  0.803E-18
  0.340E+08  0.529E-16  0.350E+08  0.167E-14  0.360E+08  0.409E-13
  0.370E+08  0.507E-12  0.380E+08  0.310E-11  0.390E+08  0.251E-10
  0.400E+08  0.107E-09  0.410E+08  0.476E-09  0.420E+08  0.180E-08
  0.430E+08  0.582E-08  0.440E+08  0.129E-07  0.450E+08  0.342E-07
  0.460E+08  0.774E-07  0.470E+08  0.153E-06  0.480E+08  0.265E-06
  0.490E+08  0.479E-06  0.500E+08  0.799E-06  0.520E+08  0.175E-05
  0.540E+08  0.325E-05  0.560E+08  0.566E-05  0.580E+08  0.893E-05
  0.600E+08  0.142E-04  0.620E+08  0.192E-04  0.640E+08  0.243E-04
  0.660E+08  0.304E-04  0.680E+08  0.322E-04  0.700E+08  0.356E-04
  0.720E+08  0.340E-04  0.740E+08  0.349E-04  0.760E+08  0.336E-04
  0.780E+08  0.327E-04  0.800E+08  0.341E-04  0.820E+08  0.317E-04
  0.840E+08  0.310E-04  0.860E+08  0.301E-04  0.880E+08  0.321E-04
  0.900E+08  0.349E-04  0.920E+08  0.409E-04  0.940E+08  0.496E-04
  0.960E+08  0.594E-04  0.980E+08  0.731E-04  0.100E+09  0.840E-04
KR83 
         281
           0
          34
  0.255E+08  0.000E+00  0.430E+08  0.117E-18  0.440E+08  0.238E-16
  0.450E+08  0.454E-15  0.460E+08  0.675E-14  0.470E+08  0.101E-12
  0.480E+08  0.873E-12  0.490E+08  0.101E-10  0.500E+08  0.466E-10
  0.520E+08  0.722E-09  0.540E+08  0.781E-08  0.560E+08  0.758E-07
  0.580E+08  0.426E-06  0.600E+08  0.150E-05  0.620E+08  0.442E-05
  0.640E+08  0.955E-05  0.660E+08  0.210E-04  0.680E+08  0.385E-04
  0.700E+08  0.585E-04  0.720E+08  0.797E-04  0.740E+08  0.105E-03
  0.760E+08  0.128E-03  0.780E+08  0.150E-03  0.800E+08  0.165E-03
  0.820E+08  0.172E-03  0.840E+08  0.177E-03  0.860E+08  0.176E-03
  0.880E+08  0.165E-03  0.900E+08  0.157E-03  0.920E+08  0.148E-03
  0.940E+08  0.139E-03  0.960E+08  0.133E-03  0.980E+08  0.125E-03
  0.100E+09  0.123E-03
KR82 
         282
           0
          27
  0.330E+08  0.000E+00  0.500E+08  0.272E-19  0.520E+08  0.128E-15
  0.540E+08  0.874E-13  0.560E+08  0.848E-11  0.580E+08  0.243E-09
  0.600E+08  0.375E-08  0.620E+08  0.373E-07  0.640E+08  0.136E-06
  0.660E+08  0.765E-06  0.680E+08  0.309E-05  0.700E+08  0.927E-05
  0.720E+08  0.217E-04  0.740E+08  0.469E-04  0.760E+08  0.906E-04
  0.780E+08  0.133E-03  0.800E+08  0.203E-03  0.820E+08  0.286E-03
  0.840E+08  0.406E-03  0.860E+08  0.545E-03  0.880E+08  0.696E-03
  0.900E+08  0.826E-03  0.920E+08  0.933E-03  0.940E+08  0.109E-02
  0.960E+08  0.120E-02  0.980E+08  0.124E-02  0.100E+09  0.124E-02
KR81 
         283
           0
          21
  0.441E+08  0.000E+00  0.620E+08  0.137E-17  0.640E+08  0.945E-15
  0.660E+08  0.382E-13  0.680E+08  0.224E-11  0.700E+08  0.637E-10
  0.720E+08  0.954E-09  0.740E+08  0.118E-07  0.760E+08  0.861E-07
  0.780E+08  0.358E-06  0.800E+08  0.142E-05  0.820E+08  0.334E-05
  0.840E+08  0.108E-04  0.860E+08  0.262E-04  0.880E+08  0.604E-04
  0.900E+08  0.117E-03  0.920E+08  0.201E-03  0.940E+08  0.325E-03
  0.960E+08  0.497E-03  0.980E+08  0.673E-03  0.100E+09  0.850E-03
KR80 
         284
           0
          17
  0.521E+08  0.000E+00  0.700E+08  0.163E-18  0.720E+08  0.545E-16
  0.740E+08  0.137E-13  0.760E+08  0.102E-11  0.780E+08  0.113E-10
  0.800E+08  0.237E-09  0.820E+08  0.186E-08  0.840E+08  0.136E-07
  0.860E+08  0.101E-06  0.880E+08  0.581E-06  0.900E+08  0.271E-05
  0.920E+08  0.955E-05  0.940E+08  0.269E-04  0.960E+08  0.641E-04
  0.980E+08  0.130E-03  0.100E+09  0.238E-03
KR79 
         285
           0
          11
  0.637E+08  0.000E+00  0.820E+08  0.988E-22  0.840E+08  0.195E-18
  0.860E+08  0.425E-16  0.880E+08  0.835E-14  0.900E+08  0.685E-12
  0.920E+08  0.352E-10  0.940E+08  0.439E-09  0.960E+08  0.267E-08
  0.980E+08  0.180E-07  0.100E+09  0.970E-07
KR78 
         286
           0
           7
  0.722E+08  0.000E+00  0.900E+08  0.269E-25  0.920E+08  0.313E-20
  0.940E+08  0.519E-18  0.960E+08  0.272E-15  0.980E+08  0.146E-13
  0.100E+09  0.498E-12
BR88 
         467
           0
          17
  0.527E+08  0.000E+00  0.700E+08  0.221E-30  0.720E+08  0.323E-27
  0.740E+08  0.861E-25  0.760E+08  0.218E-23  0.780E+08  0.107E-21
  0.800E+08  0.285E-20  0.820E+08  0.469E-19  0.840E+08  0.170E-18
  0.860E+08  0.678E-18  0.880E+08  0.566E-17  0.900E+08  0.220E-16
  0.920E+08  0.110E-15  0.940E+08  0.477E-15  0.960E+08  0.149E-14
  0.980E+08  0.420E-14  0.100E+09  0.123E-13
BR87 
         468
           0
          16
  0.554E+08  0.000E+00  0.720E+08  0.327E-34  0.740E+08  0.282E-30
  0.760E+08  0.703E-28  0.780E+08  0.199E-25  0.800E+08  0.662E-23
  0.820E+08  0.463E-21  0.840E+08  0.364E-20  0.860E+08  0.446E-19
  0.880E+08  0.734E-18  0.900E+08  0.455E-17  0.920E+08  0.406E-16
  0.940E+08  0.207E-15  0.960E+08  0.110E-14  0.980E+08  0.511E-14
  0.100E+09  0.245E-13
BR86 
         469
           0
          25
  0.355E+08  0.000E+00  0.540E+08  0.206E-27  0.560E+08  0.792E-24
  0.580E+08  0.145E-21  0.600E+08  0.458E-19  0.620E+08  0.370E-17
  0.640E+08  0.655E-16  0.660E+08  0.164E-14  0.680E+08  0.127E-13
  0.700E+08  0.791E-13  0.720E+08  0.389E-12  0.740E+08  0.154E-11
  0.760E+08  0.459E-11  0.780E+08  0.127E-10  0.800E+08  0.271E-10
  0.820E+08  0.547E-10  0.840E+08  0.866E-10  0.860E+08  0.131E-09
  0.880E+08  0.154E-09  0.900E+08  0.196E-09  0.920E+08  0.238E-09
  0.940E+08  0.240E-09  0.960E+08  0.284E-09  0.980E+08  0.310E-09
  0.100E+09  0.324E-09
BR85 
         470
           0
          24
  0.384E+08  0.000E+00  0.560E+08  0.502E-30  0.580E+08  0.208E-25
  0.600E+08  0.137E-22  0.620E+08  0.414E-20  0.640E+08  0.271E-18
  0.660E+08  0.215E-16  0.680E+08  0.422E-15  0.700E+08  0.564E-14
  0.720E+08  0.779E-13  0.740E+08  0.552E-12  0.760E+08  0.284E-11
  0.780E+08  0.125E-10  0.800E+08  0.437E-10  0.820E+08  0.153E-09
  0.840E+08  0.312E-09  0.860E+08  0.701E-09  0.880E+08  0.153E-08
  0.900E+08  0.264E-08  0.920E+08  0.509E-08  0.940E+08  0.773E-08
  0.960E+08  0.114E-07  0.980E+08  0.152E-07  0.100E+09  0.211E-07
BR84 
         471
           0
          36
  0.210E+08  0.000E+00  0.410E+08  0.261E-23  0.420E+08  0.263E-20
  0.430E+08  0.132E-18  0.440E+08  0.164E-17  0.450E+08  0.224E-16
  0.460E+08  0.214E-15  0.470E+08  0.197E-14  0.480E+08  0.878E-14
  0.490E+08  0.436E-13  0.500E+08  0.180E-12  0.520E+08  0.232E-11
  0.540E+08  0.157E-10  0.560E+08  0.718E-10  0.580E+08  0.243E-09
  0.600E+08  0.875E-09  0.620E+08  0.269E-08  0.640E+08  0.485E-08
  0.660E+08  0.105E-07  0.680E+08  0.159E-07  0.700E+08  0.237E-07
  0.720E+08  0.324E-07  0.740E+08  0.342E-07  0.760E+08  0.378E-07
  0.780E+08  0.392E-07  0.800E+08  0.430E-07  0.820E+08  0.405E-07
  0.840E+08  0.360E-07  0.860E+08  0.339E-07  0.880E+08  0.317E-07
  0.900E+08  0.440E-07  0.920E+08  0.475E-07  0.940E+08  0.488E-07
  0.960E+08  0.525E-07  0.980E+08  0.627E-07  0.100E+09  0.822E-07
BR83 
         472
           0
          31
  0.257E+08  0.000E+00  0.460E+08  0.141E-24  0.470E+08  0.296E-21
  0.480E+08  0.169E-19  0.490E+08  0.894E-18  0.500E+08  0.116E-16
  0.520E+08  0.593E-15  0.540E+08  0.181E-13  0.560E+08  0.516E-12
  0.580E+08  0.563E-11  0.600E+08  0.499E-10  0.620E+08  0.336E-09
  0.640E+08  0.130E-08  0.660E+08  0.590E-08  0.680E+08  0.204E-07
  0.700E+08  0.514E-07  0.720E+08  0.116E-06  0.740E+08  0.215E-06
  0.760E+08  0.377E-06  0.780E+08  0.615E-06  0.800E+08  0.874E-06
  0.820E+08  0.129E-05  0.840E+08  0.149E-05  0.860E+08  0.178E-05
  0.880E+08  0.212E-05  0.900E+08  0.229E-05  0.920E+08  0.242E-05
  0.940E+08  0.249E-05  0.960E+08  0.247E-05  0.980E+08  0.245E-05
  0.100E+09  0.244E-05
BR82 
         473
           0
          46
  0.901E+07  0.000E+00  0.310E+08  0.238E-17  0.320E+08  0.829E-16
  0.330E+08  0.123E-14  0.340E+08  0.117E-13  0.350E+08  0.111E-12
  0.360E+08  0.633E-12  0.370E+08  0.283E-11  0.380E+08  0.781E-11
  0.390E+08  0.275E-10  0.400E+08  0.738E-10  0.410E+08  0.197E-09
  0.420E+08  0.490E-09  0.430E+08  0.111E-08  0.440E+08  0.189E-08
  0.450E+08  0.392E-08  0.460E+08  0.725E-08  0.470E+08  0.109E-07
  0.480E+08  0.181E-07  0.490E+08  0.322E-07  0.500E+08  0.495E-07
  0.520E+08  0.816E-07  0.540E+08  0.151E-06  0.560E+08  0.208E-06
  0.580E+08  0.213E-06  0.600E+08  0.249E-06  0.620E+08  0.230E-06
  0.640E+08  0.244E-06  0.660E+08  0.232E-06  0.680E+08  0.203E-06
  0.700E+08  0.190E-06  0.720E+08  0.143E-06  0.740E+08  0.144E-06
  0.760E+08  0.159E-06  0.780E+08  0.229E-06  0.800E+08  0.389E-06
  0.820E+08  0.700E-06  0.840E+08  0.144E-05  0.860E+08  0.245E-05
  0.880E+08  0.414E-05  0.900E+08  0.554E-05  0.920E+08  0.760E-05
  0.940E+08  0.999E-05  0.960E+08  0.121E-04  0.980E+08  0.140E-04
  0.100E+09  0.182E-04
BR81 
         474
           0
          39
  0.167E+08  0.000E+00  0.380E+08  0.209E-18  0.390E+08  0.144E-16
  0.400E+08  0.265E-15  0.410E+08  0.440E-14  0.420E+08  0.476E-13
  0.430E+08  0.378E-12  0.440E+08  0.157E-11  0.450E+08  0.884E-11
  0.460E+08  0.401E-10  0.470E+08  0.179E-09  0.480E+08  0.585E-09
  0.490E+08  0.165E-08  0.500E+08  0.445E-08  0.520E+08  0.199E-07
  0.540E+08  0.604E-07  0.560E+08  0.171E-06  0.580E+08  0.442E-06
  0.600E+08  0.925E-06  0.620E+08  0.152E-05  0.640E+08  0.233E-05
  0.660E+08  0.355E-05  0.680E+08  0.467E-05  0.700E+08  0.605E-05
  0.720E+08  0.715E-05  0.740E+08  0.829E-05  0.760E+08  0.873E-05
  0.780E+08  0.868E-05  0.800E+08  0.864E-05  0.820E+08  0.842E-05
  0.840E+08  0.802E-05  0.860E+08  0.821E-05  0.880E+08  0.811E-05
  0.900E+08  0.786E-05  0.920E+08  0.939E-05  0.940E+08  0.125E-04
  0.960E+08  0.163E-04  0.980E+08  0.232E-04  0.100E+09  0.288E-04
BR80 
         475
           0
          28
  0.270E+08  0.000E+00  0.490E+08  0.218E-18  0.500E+08  0.109E-16
  0.520E+08  0.312E-14  0.540E+08  0.346E-12  0.560E+08  0.119E-10
  0.580E+08  0.419E-09  0.600E+08  0.476E-08  0.620E+08  0.313E-07
  0.640E+08  0.115E-06  0.660E+08  0.434E-06  0.680E+08  0.119E-05
  0.700E+08  0.284E-05  0.720E+08  0.528E-05  0.740E+08  0.963E-05
  0.760E+08  0.148E-04  0.780E+08  0.205E-04  0.800E+08  0.247E-04
  0.820E+08  0.294E-04  0.840E+08  0.342E-04  0.860E+08  0.354E-04
  0.880E+08  0.383E-04  0.900E+08  0.367E-04  0.920E+08  0.370E-04
  0.940E+08  0.349E-04  0.960E+08  0.348E-04  0.980E+08  0.333E-04
  0.100E+09  0.305E-04
BR79 
         476
           0
          24
  0.349E+08  0.000E+00  0.560E+08  0.518E-21  0.580E+08  0.374E-17
  0.600E+08  0.217E-14  0.620E+08  0.178E-12  0.640E+08  0.538E-11
  0.660E+08  0.112E-09  0.680E+08  0.148E-08  0.700E+08  0.132E-07
  0.720E+08  0.635E-07  0.740E+08  0.304E-06  0.760E+08  0.107E-05
  0.780E+08  0.272E-05  0.800E+08  0.696E-05  0.820E+08  0.122E-04
  0.840E+08  0.214E-04  0.860E+08  0.338E-04  0.880E+08  0.553E-04
  0.900E+08  0.741E-04  0.920E+08  0.981E-04  0.940E+08  0.120E-03
  0.960E+08  0.137E-03  0.980E+08  0.159E-03  0.100E+09  0.172E-03
BR78 
         477
           0
          18
  0.457E+08  0.000E+00  0.680E+08  0.682E-20  0.700E+08  0.861E-17
  0.720E+08  0.510E-15  0.740E+08  0.433E-13  0.760E+08  0.172E-11
  0.780E+08  0.130E-10  0.800E+08  0.322E-09  0.820E+08  0.213E-08
  0.840E+08  0.150E-07  0.860E+08  0.853E-07  0.880E+08  0.436E-06
  0.900E+08  0.214E-05  0.920E+08  0.553E-05  0.940E+08  0.120E-04
  0.960E+08  0.245E-04  0.980E+08  0.420E-04  0.100E+09  0.663E-04
BR77 
         478
           0
          14
  0.541E+08  0.000E+00  0.760E+08  0.109E-22  0.780E+08  0.557E-19
  0.800E+08  0.288E-16  0.820E+08  0.172E-14  0.840E+08  0.810E-13
  0.860E+08  0.239E-11  0.880E+08  0.506E-10  0.900E+08  0.126E-08
  0.920E+08  0.105E-07  0.940E+08  0.589E-07  0.960E+08  0.215E-06
  0.980E+08  0.589E-06  0.100E+09  0.195E-05
BR76 
         479
           0
           8
  0.652E+08  0.000E+00  0.880E+08  0.282E-22  0.900E+08  0.253E-19
  0.920E+08  0.455E-17  0.940E+08  0.306E-15  0.960E+08  0.108E-13
  0.980E+08  0.105E-12  0.100E+09  0.239E-11
BR75 
         480
           0
           3
  0.745E+08  0.000E+00  0.980E+08  0.741E-25  0.100E+09  0.186E-21
SE87 
         573
           0
          10
  0.641E+08  0.000E+00  0.840E+08  0.905E-41  0.860E+08  0.462E-37
  0.880E+08  0.128E-33  0.900E+08  0.136E-31  0.920E+08  0.252E-29
  0.940E+08  0.224E-27  0.960E+08  0.804E-26  0.980E+08  0.214E-24
  0.100E+09  0.715E-23
SE86 
         574
           0
           9
  0.662E+08  0.000E+00  0.860E+08  0.518E-43  0.880E+08  0.543E-37
  0.900E+08  0.159E-34  0.920E+08  0.869E-32  0.940E+08  0.170E-29
  0.960E+08  0.160E-27  0.980E+08  0.129E-25  0.100E+09  0.105E-23
SE85 
         575
           0
          19
  0.461E+08  0.000E+00  0.660E+08  0.765E-35  0.680E+08  0.243E-30
  0.700E+08  0.207E-27  0.720E+08  0.401E-25  0.740E+08  0.316E-23
  0.760E+08  0.717E-22  0.780E+08  0.214E-20  0.800E+08  0.387E-19
  0.820E+08  0.464E-18  0.840E+08  0.270E-17  0.860E+08  0.170E-16
  0.880E+08  0.155E-15  0.900E+08  0.556E-15  0.920E+08  0.233E-14
  0.940E+08  0.668E-14  0.960E+08  0.181E-13  0.980E+08  0.355E-13
  0.100E+09  0.765E-13
SE84 
         576
           0
          17
  0.484E+08  0.000E+00  0.700E+08  0.720E-33  0.720E+08  0.333E-29
  0.740E+08  0.208E-26  0.760E+08  0.255E-24  0.780E+08  0.422E-22
  0.800E+08  0.133E-20  0.820E+08  0.443E-19  0.840E+08  0.670E-18
  0.860E+08  0.701E-17  0.880E+08  0.641E-16  0.900E+08  0.348E-15
  0.920E+08  0.273E-14  0.940E+08  0.127E-13  0.960E+08  0.475E-13
  0.980E+08  0.128E-12  0.100E+09  0.422E-12
SE83 
         577
           0
          25
  0.308E+08  0.000E+00  0.540E+08  0.201E-27  0.560E+08  0.351E-24
  0.580E+08  0.349E-22  0.600E+08  0.689E-20  0.620E+08  0.332E-18
  0.640E+08  0.678E-17  0.660E+08  0.199E-15  0.680E+08  0.287E-14
  0.700E+08  0.245E-13  0.720E+08  0.134E-12  0.740E+08  0.597E-12
  0.760E+08  0.215E-11  0.780E+08  0.647E-11  0.800E+08  0.158E-10
  0.820E+08  0.371E-10  0.840E+08  0.638E-10  0.860E+08  0.104E-09
  0.880E+08  0.160E-09  0.900E+08  0.206E-09  0.920E+08  0.256E-09
  0.940E+08  0.240E-09  0.960E+08  0.270E-09  0.980E+08  0.323E-09
  0.100E+09  0.306E-09
SE82 
         578
           0
          24
  0.345E+08  0.000E+00  0.560E+08  0.384E-30  0.580E+08  0.863E-26
  0.600E+08  0.956E-24  0.620E+08  0.260E-21  0.640E+08  0.169E-19
  0.660E+08  0.115E-17  0.680E+08  0.287E-16  0.700E+08  0.359E-15
  0.720E+08  0.469E-14  0.740E+08  0.506E-13  0.760E+08  0.377E-12
  0.780E+08  0.217E-11  0.800E+08  0.882E-11  0.820E+08  0.386E-10
  0.840E+08  0.120E-09  0.860E+08  0.314E-09  0.880E+08  0.770E-09
  0.900E+08  0.152E-08  0.920E+08  0.289E-08  0.940E+08  0.523E-08
  0.960E+08  0.835E-08  0.980E+08  0.122E-07  0.100E+09  0.175E-07
SE81 
         579
           0
          35
  0.175E+08  0.000E+00  0.420E+08  0.760E-24  0.430E+08  0.168E-21
  0.440E+08  0.301E-20  0.450E+08  0.631E-19  0.460E+08  0.811E-18
  0.470E+08  0.104E-16  0.480E+08  0.640E-16  0.490E+08  0.387E-15
  0.500E+08  0.196E-14  0.520E+08  0.296E-13  0.540E+08  0.310E-12
  0.560E+08  0.220E-11  0.580E+08  0.149E-10  0.600E+08  0.645E-10
  0.620E+08  0.182E-09  0.640E+08  0.459E-09  0.660E+08  0.110E-08
  0.680E+08  0.219E-08  0.700E+08  0.378E-08  0.720E+08  0.533E-08
  0.740E+08  0.715E-08  0.760E+08  0.844E-08  0.780E+08  0.929E-08
  0.800E+08  0.100E-07  0.820E+08  0.972E-08  0.840E+08  0.950E-08
  0.860E+08  0.879E-08  0.880E+08  0.834E-08  0.900E+08  0.937E-08
  0.920E+08  0.967E-08  0.940E+08  0.103E-07  0.960E+08  0.124E-07
  0.980E+08  0.170E-07  0.100E+09  0.282E-07
SE80 
         580
           0
          30
  0.220E+08  0.000E+00  0.470E+08  0.358E-24  0.480E+08  0.119E-22
  0.490E+08  0.211E-20  0.500E+08  0.326E-19  0.520E+08  0.148E-17
  0.540E+08  0.536E-16  0.560E+08  0.245E-14  0.580E+08  0.745E-13
  0.600E+08  0.116E-11  0.620E+08  0.992E-11  0.640E+08  0.511E-10
  0.660E+08  0.376E-09  0.680E+08  0.161E-08  0.700E+08  0.511E-08
  0.720E+08  0.137E-07  0.740E+08  0.313E-07  0.760E+08  0.629E-07
  0.780E+08  0.114E-06  0.800E+08  0.180E-06  0.820E+08  0.269E-06
  0.840E+08  0.387E-06  0.860E+08  0.514E-06  0.880E+08  0.704E-06
  0.900E+08  0.789E-06  0.920E+08  0.921E-06  0.940E+08  0.843E-06
  0.960E+08  0.866E-06  0.980E+08  0.926E-06  0.100E+09  0.850E-06
SE79 
         581
           0
          24
  0.320E+08  0.000E+00  0.560E+08  0.261E-23  0.580E+08  0.430E-20
  0.600E+08  0.356E-18  0.620E+08  0.345E-16  0.640E+08  0.120E-14
  0.660E+08  0.362E-13  0.680E+08  0.674E-12  0.700E+08  0.691E-11
  0.720E+08  0.452E-10  0.740E+08  0.327E-09  0.760E+08  0.179E-08
  0.780E+08  0.740E-08  0.800E+08  0.216E-07  0.820E+08  0.607E-07
  0.840E+08  0.150E-06  0.860E+08  0.320E-06  0.880E+08  0.689E-06
  0.900E+08  0.995E-06  0.920E+08  0.156E-05  0.940E+08  0.235E-05
  0.960E+08  0.307E-05  0.980E+08  0.386E-05  0.100E+09  0.429E-05
SE78 
         582
           0
          21
  0.391E+08  0.000E+00  0.620E+08  0.493E-26  0.640E+08  0.899E-23
  0.660E+08  0.104E-19  0.680E+08  0.229E-17  0.700E+08  0.129E-15
  0.720E+08  0.390E-14  0.740E+08  0.114E-12  0.760E+08  0.209E-11
  0.780E+08  0.151E-10  0.800E+08  0.922E-10  0.820E+08  0.625E-09
  0.840E+08  0.345E-08  0.860E+08  0.147E-07  0.880E+08  0.629E-07
  0.900E+08  0.152E-06  0.920E+08  0.373E-06  0.940E+08  0.952E-06
  0.960E+08  0.183E-05  0.980E+08  0.327E-05  0.100E+09  0.517E-05
SE77 
         583
           0
          15
  0.497E+08  0.000E+00  0.740E+08  0.747E-26  0.760E+08  0.566E-22
  0.780E+08  0.134E-19  0.800E+08  0.144E-17  0.820E+08  0.172E-16
  0.840E+08  0.115E-14  0.860E+08  0.402E-13  0.880E+08  0.115E-11
  0.900E+08  0.171E-10  0.920E+08  0.140E-09  0.940E+08  0.131E-08
  0.960E+08  0.668E-08  0.980E+08  0.278E-07  0.100E+09  0.922E-07
SE76 
         584
           0
          11
  0.572E+08  0.000E+00  0.820E+08  0.620E-27  0.840E+08  0.144E-23
  0.860E+08  0.634E-21  0.880E+08  0.175E-18  0.900E+08  0.264E-16
  0.920E+08  0.163E-14  0.940E+08  0.631E-13  0.960E+08  0.146E-11
  0.980E+08  0.195E-10  0.100E+09  0.176E-09
SE75 
         585
           0
           6
  0.685E+08  0.000E+00  0.920E+08  0.387E-31  0.940E+08  0.460E-27
  0.960E+08  0.173E-23  0.980E+08  0.547E-21  0.100E+09  0.653E-19
SE74 
         586
           0
           2
  0.766E+08  0.000E+00  0.100E+09  0.400E-33
AS84 
         873
           0
          10
  0.599E+08  0.000E+00  0.840E+08  0.154E-40  0.860E+08  0.185E-35
  0.880E+08  0.116E-31  0.900E+08  0.135E-29  0.920E+08  0.409E-27
  0.940E+08  0.203E-25  0.960E+08  0.721E-24  0.980E+08  0.682E-23
  0.100E+09  0.131E-21
AS83 
         874
           0
           9
  0.619E+08  0.000E+00  0.860E+08  0.981E-38  0.880E+08  0.495E-34
  0.900E+08  0.130E-31  0.920E+08  0.543E-29  0.940E+08  0.679E-27
  0.960E+08  0.301E-25  0.980E+08  0.804E-24  0.100E+09  0.155E-22
AS82 
         875
           0
          18
  0.435E+08  0.000E+00  0.680E+08  0.266E-35  0.700E+08  0.683E-31
  0.720E+08  0.347E-28  0.740E+08  0.142E-25  0.760E+08  0.115E-23
  0.780E+08  0.707E-22  0.800E+08  0.220E-20  0.820E+08  0.608E-19
  0.840E+08  0.574E-18  0.860E+08  0.570E-17  0.880E+08  0.662E-16
  0.900E+08  0.308E-15  0.920E+08  0.177E-14  0.940E+08  0.693E-14
  0.960E+08  0.241E-13  0.980E+08  0.622E-13  0.100E+09  0.156E-12
AS81 
         876
           0
          16
  0.470E+08  0.000E+00  0.720E+08  0.466E-34  0.740E+08  0.293E-30
  0.760E+08  0.209E-27  0.780E+08  0.491E-25  0.800E+08  0.417E-23
  0.820E+08  0.190E-21  0.840E+08  0.839E-20  0.860E+08  0.179E-18
  0.880E+08  0.239E-17  0.900E+08  0.202E-16  0.920E+08  0.183E-15
  0.940E+08  0.152E-14  0.960E+08  0.948E-14  0.980E+08  0.378E-13
  0.100E+09  0.162E-12
AS80 
         877
           0
          24
  0.291E+08  0.000E+00  0.560E+08  0.740E-29  0.580E+08  0.138E-25
  0.600E+08  0.590E-23  0.620E+08  0.791E-21  0.640E+08  0.256E-19
  0.660E+08  0.230E-17  0.680E+08  0.691E-16  0.700E+08  0.619E-15
  0.720E+08  0.800E-14  0.740E+08  0.572E-13  0.760E+08  0.310E-12
  0.780E+08  0.121E-11  0.800E+08  0.424E-11  0.820E+08  0.138E-10
  0.840E+08  0.330E-10  0.860E+08  0.689E-10  0.880E+08  0.147E-09
  0.900E+08  0.226E-09  0.920E+08  0.338E-09  0.940E+08  0.483E-09
  0.960E+08  0.608E-09  0.980E+08  0.717E-09  0.100E+09  0.883E-09
AS79 
         878
           0
          22
  0.336E+08  0.000E+00  0.600E+08  0.499E-30  0.620E+08  0.256E-26
  0.640E+08  0.834E-24  0.660E+08  0.145E-21  0.680E+08  0.109E-19
  0.700E+08  0.342E-18  0.720E+08  0.144E-16  0.740E+08  0.326E-15
  0.760E+08  0.497E-14  0.780E+08  0.520E-13  0.800E+08  0.360E-12
  0.820E+08  0.255E-11  0.840E+08  0.114E-10  0.860E+08  0.416E-10
  0.880E+08  0.132E-09  0.900E+08  0.287E-09  0.920E+08  0.646E-09
  0.940E+08  0.149E-08  0.960E+08  0.276E-08  0.980E+08  0.490E-08
  0.100E+09  0.836E-08
AS78 
         879
           0
          32
  0.162E+08  0.000E+00  0.450E+08  0.230E-25  0.460E+08  0.365E-23
  0.470E+08  0.108E-21  0.480E+08  0.226E-20  0.490E+08  0.521E-19
  0.500E+08  0.437E-18  0.520E+08  0.684E-17  0.540E+08  0.211E-15
  0.560E+08  0.345E-14  0.580E+08  0.691E-13  0.600E+08  0.573E-12
  0.620E+08  0.275E-11  0.640E+08  0.101E-10  0.660E+08  0.397E-10
  0.680E+08  0.118E-09  0.700E+08  0.325E-09  0.720E+08  0.769E-09
  0.740E+08  0.145E-08  0.760E+08  0.228E-08  0.780E+08  0.317E-08
  0.800E+08  0.335E-08  0.820E+08  0.454E-08  0.840E+08  0.509E-08
  0.860E+08  0.522E-08  0.880E+08  0.550E-08  0.900E+08  0.459E-08
  0.920E+08  0.493E-08  0.940E+08  0.471E-08  0.960E+08  0.462E-08
  0.980E+08  0.514E-08  0.100E+09  0.635E-08
AS77 
         880
           0
          26
  0.232E+08  0.000E+00  0.520E+08  0.270E-24  0.540E+08  0.142E-20
  0.560E+08  0.200E-18  0.580E+08  0.384E-16  0.600E+08  0.140E-14
  0.620E+08  0.141E-13  0.640E+08  0.127E-12  0.660E+08  0.149E-11
  0.680E+08  0.112E-10  0.700E+08  0.496E-10  0.720E+08  0.286E-09
  0.740E+08  0.992E-09  0.760E+08  0.275E-08  0.780E+08  0.641E-08
  0.800E+08  0.102E-07  0.820E+08  0.213E-07  0.840E+08  0.366E-07
  0.860E+08  0.573E-07  0.880E+08  0.955E-07  0.900E+08  0.122E-06
  0.920E+08  0.168E-06  0.940E+08  0.203E-06  0.960E+08  0.225E-06
  0.980E+08  0.256E-06  0.100E+09  0.262E-06
AS76 
         881
           0
          22
  0.330E+08  0.000E+00  0.600E+08  0.824E-27  0.620E+08  0.908E-23
  0.640E+08  0.256E-20  0.660E+08  0.376E-18  0.680E+08  0.272E-16
  0.700E+08  0.905E-15  0.720E+08  0.174E-13  0.740E+08  0.266E-12
  0.760E+08  0.350E-11  0.780E+08  0.300E-10  0.800E+08  0.101E-09
  0.820E+08  0.505E-09  0.840E+08  0.204E-08  0.860E+08  0.683E-08
  0.880E+08  0.240E-07  0.900E+08  0.444E-07  0.920E+08  0.926E-07
  0.940E+08  0.167E-06  0.960E+08  0.263E-06  0.980E+08  0.404E-06
  0.100E+09  0.544E-06
AS75 
         882
           0
          18
  0.404E+08  0.000E+00  0.680E+08  0.706E-28  0.700E+08  0.140E-23
  0.720E+08  0.163E-21  0.740E+08  0.304E-19  0.760E+08  0.328E-17
  0.780E+08  0.142E-15  0.800E+08  0.419E-14  0.820E+08  0.519E-13
  0.840E+08  0.708E-12  0.860E+08  0.149E-10  0.880E+08  0.172E-09
  0.900E+08  0.909E-09  0.920E+08  0.383E-08  0.940E+08  0.130E-07
  0.960E+08  0.379E-07  0.980E+08  0.936E-07  0.100E+09  0.196E-06
AS74 
         883
           0
          12
  0.508E+08  0.000E+00  0.800E+08  0.738E-27  0.820E+08  0.913E-24
  0.840E+08  0.182E-21  0.860E+08  0.271E-19  0.880E+08  0.285E-17
  0.900E+08  0.219E-15  0.920E+08  0.589E-14  0.940E+08  0.970E-13
  0.960E+08  0.155E-11  0.980E+08  0.158E-10  0.100E+09  0.115E-09
AS73 
         884
           0
           8
  0.589E+08  0.000E+00  0.880E+08  0.101E-28  0.900E+08  0.347E-24
  0.920E+08  0.130E-21  0.940E+08  0.377E-20  0.960E+08  0.304E-18
  0.980E+08  0.155E-16  0.100E+09  0.527E-15
AS72 
         885
           0
           3
  0.698E+08  0.000E+00  0.980E+08  0.171E-33  0.100E+09  0.127E-28
