         111
TC98 
          16
           0
          73
  0.906E+07  0.000E+00  0.950E+07  0.458E-02  0.100E+08  0.185E+00
  0.105E+08  0.450E+00  0.110E+08  0.684E+00  0.115E+08  0.867E+00
  0.120E+08  0.100E+01  0.125E+08  0.109E+01  0.130E+08  0.116E+01
  0.135E+08  0.120E+01  0.140E+08  0.123E+01  0.145E+08  0.124E+01
  0.150E+08  0.125E+01  0.160E+08  0.124E+01  0.170E+08  0.122E+01
  0.180E+08  0.119E+01  0.190E+08  0.102E+01  0.200E+08  0.805E+00
  0.210E+08  0.577E+00  0.220E+08  0.440E+00  0.230E+08  0.345E+00
  0.240E+08  0.261E+00  0.250E+08  0.223E+00  0.260E+08  0.206E+00
  0.270E+08  0.184E+00  0.280E+08  0.169E+00  0.290E+08  0.157E+00
  0.300E+08  0.148E+00  0.310E+08  0.141E+00  0.320E+08  0.135E+00
  0.330E+08  0.129E+00  0.340E+08  0.125E+00  0.350E+08  0.121E+00
  0.360E+08  0.117E+00  0.370E+08  0.113E+00  0.380E+08  0.110E+00
  0.390E+08  0.107E+00  0.400E+08  0.104E+00  0.410E+08  0.102E+00
  0.420E+08  0.992E-01  0.430E+08  0.969E-01  0.440E+08  0.914E-01
  0.450E+08  0.891E-01  0.460E+08  0.876E-01  0.470E+08  0.861E-01
  0.480E+08  0.846E-01  0.490E+08  0.831E-01  0.500E+08  0.816E-01
  0.520E+08  0.787E-01  0.540E+08  0.757E-01  0.560E+08  0.729E-01
  0.580E+08  0.702E-01  0.600E+08  0.648E-01  0.620E+08  0.627E-01
  0.640E+08  0.606E-01  0.660E+08  0.585E-01  0.680E+08  0.566E-01
  0.700E+08  0.551E-01  0.720E+08  0.534E-01  0.740E+08  0.517E-01
  0.760E+08  0.504E-01  0.780E+08  0.489E-01  0.800E+08  0.498E-01
  0.820E+08  0.518E-01  0.840E+08  0.503E-01  0.860E+08  0.488E-01
  0.880E+08  0.474E-01  0.900E+08  0.459E-01  0.920E+08  0.447E-01
  0.940E+08  0.439E-01  0.960E+08  0.427E-01  0.980E+08  0.416E-01
  0.100E+09  0.403E-01
TC97 
          17
           0
          59
  0.164E+08  0.000E+00  0.180E+08  0.489E-01  0.190E+08  0.240E+00
  0.200E+08  0.487E+00  0.210E+08  0.755E+00  0.220E+08  0.909E+00
  0.230E+08  0.101E+01  0.240E+08  0.110E+01  0.250E+08  0.113E+01
  0.260E+08  0.114E+01  0.270E+08  0.115E+01  0.280E+08  0.114E+01
  0.290E+08  0.112E+01  0.300E+08  0.106E+01  0.310E+08  0.992E+00
  0.320E+08  0.898E+00  0.330E+08  0.799E+00  0.340E+08  0.721E+00
  0.350E+08  0.634E+00  0.360E+08  0.530E+00  0.370E+08  0.468E+00
  0.380E+08  0.417E+00  0.390E+08  0.390E+00  0.400E+08  0.353E+00
  0.410E+08  0.319E+00  0.420E+08  0.295E+00  0.430E+08  0.275E+00
  0.440E+08  0.256E+00  0.450E+08  0.242E+00  0.460E+08  0.232E+00
  0.470E+08  0.221E+00  0.480E+08  0.212E+00  0.490E+08  0.197E+00
  0.500E+08  0.189E+00  0.520E+08  0.184E+00  0.540E+08  0.173E+00
  0.560E+08  0.163E+00  0.580E+08  0.155E+00  0.600E+08  0.148E+00
  0.620E+08  0.142E+00  0.640E+08  0.137E+00  0.660E+08  0.132E+00
  0.680E+08  0.127E+00  0.700E+08  0.122E+00  0.720E+08  0.117E+00
  0.740E+08  0.114E+00  0.760E+08  0.109E+00  0.780E+08  0.103E+00
  0.800E+08  0.977E-01  0.820E+08  0.903E-01  0.840E+08  0.920E-01
  0.860E+08  0.896E-01  0.880E+08  0.872E-01  0.900E+08  0.849E-01
  0.920E+08  0.825E-01  0.940E+08  0.802E-01  0.960E+08  0.781E-01
  0.980E+08  0.763E-01  0.100E+09  0.744E-01
TC96 
          37
           0
          50
  0.260E+08  0.000E+00  0.270E+08  0.778E-04  0.280E+08  0.419E-02
  0.290E+08  0.245E-01  0.300E+08  0.714E-01  0.310E+08  0.125E+00
  0.320E+08  0.206E+00  0.330E+08  0.290E+00  0.340E+08  0.349E+00
  0.350E+08  0.418E+00  0.360E+08  0.502E+00  0.370E+08  0.545E+00
  0.380E+08  0.572E+00  0.390E+08  0.573E+00  0.400E+08  0.574E+00
  0.410E+08  0.560E+00  0.420E+08  0.535E+00  0.430E+08  0.503E+00
  0.440E+08  0.464E+00  0.450E+08  0.428E+00  0.460E+08  0.398E+00
  0.470E+08  0.367E+00  0.480E+08  0.339E+00  0.490E+08  0.317E+00
  0.500E+08  0.292E+00  0.520E+08  0.252E+00  0.540E+08  0.230E+00
  0.560E+08  0.205E+00  0.580E+08  0.185E+00  0.600E+08  0.168E+00
  0.620E+08  0.154E+00  0.640E+08  0.141E+00  0.660E+08  0.132E+00
  0.680E+08  0.124E+00  0.700E+08  0.117E+00  0.720E+08  0.111E+00
  0.740E+08  0.104E+00  0.760E+08  0.986E-01  0.780E+08  0.931E-01
  0.800E+08  0.877E-01  0.820E+08  0.846E-01  0.840E+08  0.795E-01
  0.860E+08  0.744E-01  0.880E+08  0.721E-01  0.900E+08  0.698E-01
  0.920E+08  0.677E-01  0.940E+08  0.652E-01  0.960E+08  0.635E-01
  0.980E+08  0.654E-01  0.100E+09  0.635E-01
MO99 
         103
           0
          84
  0.580E+06  0.000E+00  0.400E+07  0.219E-04  0.450E+07  0.102E-03
  0.500E+07  0.250E-03  0.550E+07  0.478E-03  0.600E+07  0.884E-03
  0.650E+07  0.137E-02  0.700E+07  0.199E-02  0.750E+07  0.277E-02
  0.800E+07  0.373E-02  0.850E+07  0.458E-02  0.900E+07  0.542E-02
  0.950E+07  0.705E-02  0.100E+08  0.890E-02  0.105E+08  0.108E-01
  0.110E+08  0.125E-01  0.115E+08  0.139E-01  0.120E+08  0.140E-01
  0.125E+08  0.142E-01  0.130E+08  0.144E-01  0.135E+08  0.146E-01
  0.140E+08  0.148E-01  0.145E+08  0.149E-01  0.150E+08  0.150E-01
  0.160E+08  0.154E-01  0.170E+08  0.158E-01  0.180E+08  0.162E-01
  0.190E+08  0.164E-01  0.200E+08  0.165E-01  0.210E+08  0.167E-01
  0.220E+08  0.167E-01  0.230E+08  0.163E-01  0.240E+08  0.163E-01
  0.250E+08  0.163E-01  0.260E+08  0.161E-01  0.270E+08  0.158E-01
  0.280E+08  0.155E-01  0.290E+08  0.152E-01  0.300E+08  0.149E-01
  0.310E+08  0.147E-01  0.320E+08  0.145E-01  0.330E+08  0.144E-01
  0.340E+08  0.143E-01  0.350E+08  0.142E-01  0.360E+08  0.141E-01
  0.370E+08  0.140E-01  0.380E+08  0.138E-01  0.390E+08  0.137E-01
  0.400E+08  0.135E-01  0.410E+08  0.134E-01  0.420E+08  0.131E-01
  0.430E+08  0.127E-01  0.440E+08  0.123E-01  0.450E+08  0.120E-01
  0.460E+08  0.118E-01  0.470E+08  0.116E-01  0.480E+08  0.113E-01
  0.490E+08  0.110E-01  0.500E+08  0.106E-01  0.520E+08  0.102E-01
  0.540E+08  0.984E-02  0.560E+08  0.972E-02  0.580E+08  0.960E-02
  0.600E+08  0.947E-02  0.620E+08  0.910E-02  0.640E+08  0.884E-02
  0.660E+08  0.853E-02  0.680E+08  0.848E-02  0.700E+08  0.844E-02
  0.720E+08  0.840E-02  0.740E+08  0.836E-02  0.760E+08  0.832E-02
  0.780E+08  0.805E-02  0.800E+08  0.779E-02  0.820E+08  0.758E-02
  0.840E+08  0.732E-02  0.860E+08  0.710E-02  0.880E+08  0.690E-02
  0.900E+08  0.674E-02  0.920E+08  0.653E-02  0.940E+08  0.618E-02
  0.960E+08  0.584E-02  0.980E+08  0.568E-02  0.100E+09  0.558E-02
NB98 
         111
           0
          64
  0.104E+08  0.000E+00  0.140E+08  0.266E-03  0.145E+08  0.353E-03
  0.150E+08  0.428E-03  0.160E+08  0.500E-03  0.170E+08  0.590E-03
  0.180E+08  0.784E-03  0.190E+08  0.997E-03  0.200E+08  0.123E-02
  0.210E+08  0.135E-02  0.220E+08  0.162E-02  0.230E+08  0.191E-02
  0.240E+08  0.223E-02  0.250E+08  0.256E-02  0.260E+08  0.290E-02
  0.270E+08  0.312E-02  0.280E+08  0.349E-02  0.290E+08  0.387E-02
  0.300E+08  0.424E-02  0.310E+08  0.463E-02  0.320E+08  0.501E-02
  0.330E+08  0.527E-02  0.340E+08  0.563E-02  0.350E+08  0.594E-02
  0.360E+08  0.615E-02  0.370E+08  0.628E-02  0.380E+08  0.634E-02
  0.390E+08  0.636E-02  0.400E+08  0.631E-02  0.410E+08  0.629E-02
  0.420E+08  0.646E-02  0.430E+08  0.643E-02  0.440E+08  0.640E-02
  0.450E+08  0.637E-02  0.460E+08  0.634E-02  0.470E+08  0.632E-02
  0.480E+08  0.628E-02  0.490E+08  0.606E-02  0.500E+08  0.604E-02
  0.520E+08  0.600E-02  0.540E+08  0.597E-02  0.560E+08  0.593E-02
  0.580E+08  0.591E-02  0.600E+08  0.589E-02  0.620E+08  0.585E-02
  0.640E+08  0.583E-02  0.660E+08  0.579E-02  0.680E+08  0.578E-02
  0.700E+08  0.562E-02  0.720E+08  0.560E-02  0.740E+08  0.557E-02
  0.760E+08  0.554E-02  0.780E+08  0.587E-02  0.800E+08  0.584E-02
  0.820E+08  0.581E-02  0.840E+08  0.577E-02  0.860E+08  0.573E-02
  0.880E+08  0.570E-02  0.900E+08  0.566E-02  0.920E+08  0.563E-02
  0.940E+08  0.576E-02  0.960E+08  0.573E-02  0.980E+08  0.569E-02
  0.100E+09  0.566E-02
TC95 
         121
           0
          42
  0.339E+08  0.000E+00  0.350E+08  0.223E-07  0.360E+08  0.816E-04
  0.370E+08  0.116E-02  0.380E+08  0.565E-02  0.390E+08  0.131E-01
  0.400E+08  0.296E-01  0.410E+08  0.597E-01  0.420E+08  0.893E-01
  0.430E+08  0.122E+00  0.440E+08  0.165E+00  0.450E+08  0.196E+00
  0.460E+08  0.213E+00  0.470E+08  0.238E+00  0.480E+08  0.258E+00
  0.490E+08  0.271E+00  0.500E+08  0.285E+00  0.520E+08  0.294E+00
  0.540E+08  0.293E+00  0.560E+08  0.286E+00  0.580E+08  0.276E+00
  0.600E+08  0.264E+00  0.620E+08  0.249E+00  0.640E+08  0.232E+00
  0.660E+08  0.225E+00  0.680E+08  0.208E+00  0.700E+08  0.193E+00
  0.720E+08  0.179E+00  0.740E+08  0.166E+00  0.760E+08  0.155E+00
  0.780E+08  0.144E+00  0.800E+08  0.135E+00  0.820E+08  0.127E+00
  0.840E+08  0.120E+00  0.860E+08  0.114E+00  0.880E+08  0.108E+00
  0.900E+08  0.103E+00  0.920E+08  0.929E-01  0.940E+08  0.882E-01
  0.960E+08  0.836E-01  0.980E+08  0.789E-01  0.100E+09  0.761E-01
TC94 
         122
           0
          32
  0.440E+08  0.000E+00  0.450E+08  0.222E-08  0.460E+08  0.312E-06
  0.470E+08  0.100E-04  0.480E+08  0.888E-04  0.490E+08  0.833E-03
  0.500E+08  0.224E-02  0.520E+08  0.852E-02  0.540E+08  0.151E-01
  0.560E+08  0.290E-01  0.580E+08  0.467E-01  0.600E+08  0.657E-01
  0.620E+08  0.834E-01  0.640E+08  0.959E-01  0.660E+08  0.100E+00
  0.680E+08  0.105E+00  0.700E+08  0.107E+00  0.720E+08  0.107E+00
  0.740E+08  0.107E+00  0.760E+08  0.107E+00  0.780E+08  0.103E+00
  0.800E+08  0.999E-01  0.820E+08  0.968E-01  0.840E+08  0.916E-01
  0.860E+08  0.880E-01  0.880E+08  0.837E-01  0.900E+08  0.811E-01
  0.920E+08  0.790E-01  0.940E+08  0.769E-01  0.960E+08  0.738E-01
  0.980E+08  0.685E-01  0.100E+09  0.633E-01
TC93 
         123
           0
          24
  0.527E+08  0.000E+00  0.560E+08  0.646E-06  0.580E+08  0.268E-04
  0.600E+08  0.257E-03  0.620E+08  0.112E-02  0.640E+08  0.319E-02
  0.660E+08  0.543E-02  0.680E+08  0.993E-02  0.700E+08  0.159E-01
  0.720E+08  0.217E-01  0.760E+08  0.308E-01  0.780E+08  0.355E-01
  0.800E+08  0.408E-01  0.820E+08  0.428E-01  0.840E+08  0.446E-01
  0.860E+08  0.449E-01  0.880E+08  0.450E-01  0.100E+09  0.425E-01
  0.900E+08  0.460E-01  0.920E+08  0.428E-01  0.940E+08  0.421E-01
  0.960E+08  0.417E-01  0.980E+08  0.425E-01  0.100E+09  0.425E-01
TC92 
         124
           0
          17
  0.655E+08  0.000E+00  0.700E+08  0.160E-09  0.720E+08  0.155E-07
  0.740E+08  0.154E-06  0.760E+08  0.151E-05  0.780E+08  0.701E-05
  0.800E+08  0.263E-04  0.820E+08  0.701E-04  0.840E+08  0.167E-03
  0.860E+08  0.415E-03  0.880E+08  0.603E-03  0.900E+08  0.907E-03
  0.920E+08  0.134E-02  0.940E+08  0.180E-02  0.960E+08  0.217E-02
  0.980E+08  0.242E-02  0.100E+09  0.269E-02
TC91 
         125
           0
          12
  0.767E+08  0.000E+00  0.800E+08  0.230E-15  0.820E+08  0.841E-12
  0.840E+08  0.644E-10  0.860E+08  0.333E-08  0.880E+08  0.148E-07
  0.900E+08  0.874E-07  0.920E+08  0.497E-06  0.940E+08  0.128E-05
  0.960E+08  0.363E-05  0.980E+08  0.928E-05  0.100E+09  0.174E-04
TC90 
         126
           0
           5
  0.899E+08  0.000E+00  0.940E+08  0.288E-16  0.960E+08  0.154E-13
  0.980E+08  0.217E-11  0.100E+09  0.363E-10
MO98 
         153
           0
          77
  0.432E+07  0.000E+00  0.750E+07  0.382E-08  0.800E+07  0.976E-07
  0.850E+07  0.668E-06  0.900E+07  0.304E-05  0.950E+07  0.105E-04
  0.100E+08  0.214E-02  0.105E+08  0.355E-02  0.110E+08  0.563E-02
  0.115E+08  0.879E-02  0.120E+08  0.122E-01  0.125E+08  0.177E-01
  0.130E+08  0.248E-01  0.135E+08  0.315E-01  0.140E+08  0.384E-01
  0.145E+08  0.450E-01  0.150E+08  0.518E-01  0.160E+08  0.654E-01
  0.170E+08  0.809E-01  0.180E+08  0.960E-01  0.190E+08  0.110E+00
  0.200E+08  0.124E+00  0.210E+08  0.138E+00  0.220E+08  0.144E+00
  0.230E+08  0.144E+00  0.240E+08  0.138E+00  0.250E+08  0.133E+00
  0.260E+08  0.129E+00  0.270E+08  0.127E+00  0.280E+08  0.125E+00
  0.290E+08  0.123E+00  0.300E+08  0.121E+00  0.310E+08  0.119E+00
  0.320E+08  0.118E+00  0.330E+08  0.117E+00  0.340E+08  0.115E+00
  0.350E+08  0.114E+00  0.360E+08  0.112E+00  0.370E+08  0.113E+00
  0.380E+08  0.112E+00  0.390E+08  0.111E+00  0.400E+08  0.110E+00
  0.410E+08  0.109E+00  0.420E+08  0.108E+00  0.430E+08  0.106E+00
  0.440E+08  0.105E+00  0.450E+08  0.104E+00  0.460E+08  0.103E+00
  0.470E+08  0.102E+00  0.480E+08  0.102E+00  0.490E+08  0.101E+00
  0.500E+08  0.100E+00  0.520E+08  0.979E-01  0.540E+08  0.959E-01
  0.560E+08  0.939E-01  0.580E+08  0.918E-01  0.600E+08  0.898E-01
  0.620E+08  0.877E-01  0.640E+08  0.857E-01  0.660E+08  0.845E-01
  0.680E+08  0.837E-01  0.700E+08  0.826E-01  0.720E+08  0.821E-01
  0.740E+08  0.815E-01  0.760E+08  0.812E-01  0.780E+08  0.808E-01
  0.800E+08  0.805E-01  0.820E+08  0.800E-01  0.840E+08  0.791E-01
  0.860E+08  0.782E-01  0.880E+08  0.776E-01  0.900E+08  0.767E-01
  0.920E+08  0.757E-01  0.940E+08  0.747E-01  0.960E+08  0.738E-01
  0.980E+08  0.728E-01  0.100E+09  0.718E-01
MO97 
         154
           0
          60
  0.130E+08  0.000E+00  0.170E+08  0.315E-06  0.180E+08  0.875E-05
  0.190E+08  0.763E-04  0.200E+08  0.448E-03  0.210E+08  0.222E-02
  0.220E+08  0.694E-02  0.230E+08  0.174E-01  0.240E+08  0.286E-01
  0.250E+08  0.406E-01  0.260E+08  0.515E-01  0.270E+08  0.597E-01
  0.280E+08  0.673E-01  0.290E+08  0.739E-01  0.300E+08  0.822E-01
  0.310E+08  0.874E-01  0.320E+08  0.921E-01  0.330E+08  0.956E-01
  0.340E+08  0.995E-01  0.350E+08  0.105E+00  0.360E+08  0.111E+00
  0.370E+08  0.109E+00  0.380E+08  0.111E+00  0.390E+08  0.112E+00
  0.400E+08  0.113E+00  0.410E+08  0.114E+00  0.420E+08  0.114E+00
  0.430E+08  0.114E+00  0.440E+08  0.113E+00  0.450E+08  0.111E+00
  0.460E+08  0.110E+00  0.470E+08  0.108E+00  0.480E+08  0.106E+00
  0.490E+08  0.105E+00  0.500E+08  0.103E+00  0.520E+08  0.998E-01
  0.540E+08  0.964E-01  0.560E+08  0.931E-01  0.580E+08  0.898E-01
  0.600E+08  0.865E-01  0.620E+08  0.832E-01  0.640E+08  0.811E-01
  0.660E+08  0.793E-01  0.680E+08  0.779E-01  0.700E+08  0.769E-01
  0.720E+08  0.752E-01  0.740E+08  0.735E-01  0.760E+08  0.724E-01
  0.780E+08  0.712E-01  0.800E+08  0.706E-01  0.820E+08  0.696E-01
  0.840E+08  0.685E-01  0.860E+08  0.670E-01  0.880E+08  0.654E-01
  0.900E+08  0.639E-01  0.920E+08  0.623E-01  0.940E+08  0.608E-01
  0.960E+08  0.592E-01  0.980E+08  0.576E-01  0.100E+09  0.561E-01
MO96 
         155
           0
          53
  0.199E+08  0.000E+00  0.240E+08  0.436E-07  0.250E+08  0.281E-05
  0.260E+08  0.510E-04  0.270E+08  0.272E-03  0.280E+08  0.965E-03
  0.290E+08  0.259E-02  0.300E+08  0.640E-02  0.310E+08  0.112E-01
  0.320E+08  0.182E-01  0.330E+08  0.259E-01  0.340E+08  0.358E-01
  0.350E+08  0.441E-01  0.360E+08  0.538E-01  0.370E+08  0.651E-01
  0.380E+08  0.773E-01  0.390E+08  0.899E-01  0.400E+08  0.101E+00
  0.410E+08  0.112E+00  0.420E+08  0.122E+00  0.430E+08  0.133E+00
  0.440E+08  0.141E+00  0.450E+08  0.147E+00  0.460E+08  0.156E+00
  0.470E+08  0.159E+00  0.480E+08  0.163E+00  0.490E+08  0.179E+00
  0.500E+08  0.180E+00  0.520E+08  0.180E+00  0.540E+08  0.170E+00
  0.560E+08  0.166E+00  0.580E+08  0.161E+00  0.600E+08  0.157E+00
  0.620E+08  0.153E+00  0.640E+08  0.148E+00  0.660E+08  0.141E+00
  0.680E+08  0.136E+00  0.700E+08  0.129E+00  0.720E+08  0.124E+00
  0.740E+08  0.120E+00  0.760E+08  0.116E+00  0.780E+08  0.113E+00
  0.800E+08  0.116E+00  0.820E+08  0.112E+00  0.840E+08  0.109E+00
  0.860E+08  0.107E+00  0.880E+08  0.105E+00  0.900E+08  0.103E+00
  0.920E+08  0.101E+00  0.940E+08  0.104E+00  0.960E+08  0.102E+00
  0.980E+08  0.100E+00  0.100E+09  0.985E-01
MO95 
         156
           0
          44
  0.292E+08  0.000E+00  0.330E+08  0.220E-08  0.340E+08  0.125E-06
  0.350E+08  0.283E-05  0.360E+08  0.182E-04  0.370E+08  0.963E-04
  0.380E+08  0.341E-03  0.390E+08  0.715E-03  0.400E+08  0.163E-02
  0.410E+08  0.352E-02  0.420E+08  0.641E-02  0.430E+08  0.104E-01
  0.440E+08  0.190E-01  0.450E+08  0.269E-01  0.460E+08  0.382E-01
  0.470E+08  0.480E-01  0.480E+08  0.588E-01  0.490E+08  0.664E-01
  0.500E+08  0.741E-01  0.520E+08  0.932E-01  0.540E+08  0.111E+00
  0.560E+08  0.117E+00  0.580E+08  0.129E+00  0.600E+08  0.134E+00
  0.620E+08  0.139E+00  0.640E+08  0.144E+00  0.660E+08  0.145E+00
  0.680E+08  0.146E+00  0.700E+08  0.148E+00  0.720E+08  0.149E+00
  0.740E+08  0.147E+00  0.760E+08  0.145E+00  0.780E+08  0.143E+00
  0.800E+08  0.141E+00  0.820E+08  0.136E+00  0.840E+08  0.131E+00
  0.860E+08  0.125E+00  0.880E+08  0.121E+00  0.900E+08  0.112E+00
  0.920E+08  0.104E+00  0.940E+08  0.950E-01  0.960E+08  0.918E-01
  0.980E+08  0.895E-01  0.100E+09  0.867E-01
MO94 
         157
           0
          36
  0.366E+08  0.000E+00  0.410E+08  0.165E-09  0.420E+08  0.127E-07
  0.430E+08  0.283E-06  0.440E+08  0.545E-05  0.450E+08  0.311E-04
  0.460E+08  0.149E-03  0.470E+08  0.418E-03  0.480E+08  0.984E-03
  0.490E+08  0.208E-02  0.500E+08  0.460E-02  0.520E+08  0.127E-01
  0.540E+08  0.306E-01  0.560E+08  0.482E-01  0.580E+08  0.624E-01
  0.600E+08  0.853E-01  0.620E+08  0.103E+00  0.640E+08  0.116E+00
  0.660E+08  0.133E+00  0.680E+08  0.144E+00  0.700E+08  0.155E+00
  0.720E+08  0.161E+00  0.740E+08  0.165E+00  0.760E+08  0.169E+00
  0.780E+08  0.173E+00  0.800E+08  0.175E+00  0.820E+08  0.178E+00
  0.840E+08  0.180E+00  0.860E+08  0.182E+00  0.880E+08  0.185E+00
  0.900E+08  0.187E+00  0.920E+08  0.187E+00  0.940E+08  0.186E+00
  0.960E+08  0.185E+00  0.980E+08  0.184E+00  0.100E+09  0.182E+00
MO93 
         158
           0
          26
  0.464E+08  0.000E+00  0.520E+08  0.380E-08  0.540E+08  0.217E-05
  0.560E+08  0.384E-04  0.580E+08  0.296E-03  0.600E+08  0.127E-02
  0.620E+08  0.343E-02  0.640E+08  0.675E-02  0.660E+08  0.131E-01
  0.680E+08  0.226E-01  0.700E+08  0.342E-01  0.720E+08  0.489E-01
  0.740E+08  0.632E-01  0.760E+08  0.748E-01  0.780E+08  0.825E-01
  0.800E+08  0.880E-01  0.820E+08  0.980E-01  0.840E+08  0.104E+00
  0.860E+08  0.109E+00  0.880E+08  0.111E+00  0.900E+08  0.105E+00
  0.920E+08  0.106E+00  0.940E+08  0.105E+00  0.960E+08  0.104E+00
  0.980E+08  0.103E+00  0.100E+09  0.102E+00
MO92 
         159
           0
          22
  0.546E+08  0.000E+00  0.600E+08  0.190E-09  0.620E+08  0.474E-07
  0.640E+08  0.791E-06  0.660E+08  0.115E-04  0.680E+08  0.786E-04
  0.700E+08  0.341E-03  0.720E+08  0.107E-02  0.740E+08  0.254E-02
  0.760E+08  0.482E-02  0.780E+08  0.758E-02  0.800E+08  0.115E-01
  0.820E+08  0.182E-01  0.840E+08  0.265E-01  0.860E+08  0.390E-01
  0.880E+08  0.498E-01  0.900E+08  0.640E-01  0.920E+08  0.759E-01
  0.940E+08  0.847E-01  0.960E+08  0.930E-01  0.980E+08  0.100E+00
  0.100E+09  0.106E+00
MO91 
         160
           0
          15
  0.674E+08  0.000E+00  0.740E+08  0.892E-13  0.760E+08  0.203E-10
  0.780E+08  0.294E-08  0.800E+08  0.407E-07  0.820E+08  0.496E-06
  0.840E+08  0.471E-05  0.860E+08  0.226E-04  0.880E+08  0.709E-04
  0.900E+08  0.224E-03  0.920E+08  0.520E-03  0.940E+08  0.996E-03
  0.960E+08  0.160E-02  0.980E+08  0.270E-02  0.100E+09  0.412E-02
MO90 
         161
           0
          10
  0.776E+08  0.000E+00  0.840E+08  0.567E-15  0.860E+08  0.461E-12
  0.880E+08  0.534E-10  0.900E+08  0.296E-08  0.920E+08  0.401E-07
  0.940E+08  0.279E-06  0.960E+08  0.113E-05  0.980E+08  0.407E-05
  0.100E+09  0.124E-04
MO89 
         162
           0
           3
  0.909E+08  0.000E+00  0.980E+08  0.380E-18  0.100E+09  0.261E-14
NB97 
         174
           0
          56
  0.142E+08  0.000E+00  0.210E+08  0.800E-11  0.220E+08  0.205E-09
  0.230E+08  0.216E-08  0.240E+08  0.102E-06  0.250E+08  0.108E-05
  0.260E+08  0.545E-05  0.270E+08  0.183E-04  0.280E+08  0.456E-04
  0.290E+08  0.939E-04  0.300E+08  0.186E-03  0.310E+08  0.294E-03
  0.320E+08  0.428E-03  0.330E+08  0.570E-03  0.340E+08  0.814E-03
  0.350E+08  0.117E-02  0.360E+08  0.166E-02  0.370E+08  0.231E-02
  0.380E+08  0.301E-02  0.390E+08  0.374E-02  0.400E+08  0.445E-02
  0.410E+08  0.520E-02  0.420E+08  0.572E-02  0.430E+08  0.624E-02
  0.440E+08  0.684E-02  0.450E+08  0.737E-02  0.460E+08  0.786E-02
  0.470E+08  0.842E-02  0.480E+08  0.885E-02  0.490E+08  0.947E-02
  0.500E+08  0.983E-02  0.520E+08  0.104E-01  0.540E+08  0.106E-01
  0.560E+08  0.105E-01  0.580E+08  0.102E-01  0.600E+08  0.991E-02
  0.620E+08  0.971E-02  0.640E+08  0.945E-02  0.660E+08  0.919E-02
  0.680E+08  0.885E-02  0.700E+08  0.860E-02  0.720E+08  0.834E-02
  0.740E+08  0.820E-02  0.760E+08  0.807E-02  0.780E+08  0.751E-02
  0.800E+08  0.741E-02  0.820E+08  0.739E-02  0.840E+08  0.731E-02
  0.860E+08  0.721E-02  0.880E+08  0.707E-02  0.900E+08  0.704E-02
  0.920E+08  0.701E-02  0.940E+08  0.682E-02  0.960E+08  0.699E-02
  0.980E+08  0.716E-02  0.100E+09  0.714E-02
NB96 
         175
           0
          85
  0.100E-04  0.000E+00  0.350E+07  0.116E-05  0.400E+07  0.100E-04
  0.450E+07  0.260E-04  0.500E+07  0.518E-04  0.550E+07  0.903E-04
  0.600E+07  0.167E-03  0.650E+07  0.247E-03  0.700E+07  0.351E-03
  0.750E+07  0.485E-03  0.800E+07  0.651E-03  0.850E+07  0.751E-03
  0.900E+07  0.994E-03  0.950E+07  0.129E-02  0.100E+08  0.165E-02
  0.105E+08  0.208E-02  0.110E+08  0.257E-02  0.115E+08  0.312E-02
  0.120E+08  0.372E-02  0.125E+08  0.434E-02  0.130E+08  0.496E-02
  0.135E+08  0.548E-02  0.140E+08  0.596E-02  0.145E+08  0.634E-02
  0.150E+08  0.661E-02  0.160E+08  0.688E-02  0.170E+08  0.678E-02
  0.180E+08  0.652E-02  0.190E+08  0.619E-02  0.200E+08  0.583E-02
  0.210E+08  0.547E-02  0.220E+08  0.511E-02  0.230E+08  0.501E-02
  0.240E+08  0.467E-02  0.250E+08  0.436E-02  0.260E+08  0.404E-02
  0.270E+08  0.372E-02  0.280E+08  0.342E-02  0.290E+08  0.313E-02
  0.300E+08  0.287E-02  0.310E+08  0.263E-02  0.320E+08  0.240E-02
  0.330E+08  0.220E-02  0.340E+08  0.190E-02  0.350E+08  0.187E-02
  0.360E+08  0.175E-02  0.370E+08  0.168E-02  0.380E+08  0.168E-02
  0.390E+08  0.175E-02  0.400E+08  0.186E-02  0.410E+08  0.204E-02
  0.420E+08  0.230E-02  0.430E+08  0.278E-02  0.440E+08  0.320E-02
  0.450E+08  0.366E-02  0.460E+08  0.411E-02  0.470E+08  0.467E-02
  0.480E+08  0.506E-02  0.490E+08  0.525E-02  0.500E+08  0.543E-02
  0.520E+08  0.629E-02  0.540E+08  0.711E-02  0.560E+08  0.803E-02
  0.580E+08  0.879E-02  0.600E+08  0.997E-02  0.620E+08  0.112E-01
  0.640E+08  0.120E-01  0.660E+08  0.127E-01  0.680E+08  0.130E-01
  0.700E+08  0.128E-01  0.720E+08  0.130E-01  0.740E+08  0.132E-01
  0.760E+08  0.129E-01  0.780E+08  0.124E-01  0.800E+08  0.121E-01
  0.820E+08  0.119E-01  0.840E+08  0.116E-01  0.860E+08  0.113E-01
  0.880E+08  0.108E-01  0.900E+08  0.106E-01  0.920E+08  0.103E-01
  0.940E+08  0.101E-01  0.960E+08  0.982E-02  0.980E+08  0.951E-02
  0.100E+09  0.931E-02
NB95 
         176
           0
          71
  0.300E+07  0.000E+00  0.105E+08  0.456E-08  0.110E+08  0.844E-05
  0.115E+08  0.308E-04  0.120E+08  0.792E-04  0.125E+08  0.172E-03
  0.130E+08  0.334E-03  0.135E+08  0.663E-03  0.140E+08  0.109E-02
  0.145E+08  0.167E-02  0.150E+08  0.243E-02  0.160E+08  0.426E-02
  0.170E+08  0.669E-02  0.180E+08  0.937E-02  0.190E+08  0.122E-01
  0.200E+08  0.151E-01  0.210E+08  0.188E-01  0.220E+08  0.219E-01
  0.230E+08  0.244E-01  0.240E+08  0.254E-01  0.250E+08  0.261E-01
  0.260E+08  0.266E-01  0.270E+08  0.254E-01  0.280E+08  0.236E-01
  0.290E+08  0.216E-01  0.300E+08  0.197E-01  0.310E+08  0.180E-01
  0.320E+08  0.164E-01  0.330E+08  0.150E-01  0.340E+08  0.138E-01
  0.350E+08  0.125E-01  0.360E+08  0.115E-01  0.370E+08  0.106E-01
  0.380E+08  0.965E-02  0.390E+08  0.883E-02  0.400E+08  0.808E-02
  0.410E+08  0.739E-02  0.420E+08  0.676E-02  0.430E+08  0.635E-02
  0.440E+08  0.571E-02  0.450E+08  0.507E-02  0.460E+08  0.488E-02
  0.470E+08  0.452E-02  0.480E+08  0.421E-02  0.490E+08  0.388E-02
  0.500E+08  0.372E-02  0.520E+08  0.355E-02  0.540E+08  0.324E-02
  0.560E+08  0.333E-02  0.580E+08  0.346E-02  0.600E+08  0.337E-02
  0.620E+08  0.367E-02  0.640E+08  0.378E-02  0.660E+08  0.390E-02
  0.680E+08  0.414E-02  0.700E+08  0.454E-02  0.720E+08  0.538E-02
  0.740E+08  0.621E-02  0.760E+08  0.695E-02  0.780E+08  0.763E-02
  0.800E+08  0.852E-02  0.820E+08  0.916E-02  0.840E+08  0.965E-02
  0.860E+08  0.100E-01  0.880E+08  0.101E-01  0.900E+08  0.999E-02
  0.920E+08  0.101E-01  0.940E+08  0.101E-01  0.960E+08  0.975E-02
  0.980E+08  0.950E-02  0.100E+09  0.932E-02
NB94 
         177
           0
          57
  0.116E+08  0.000E+00  0.200E+08  0.253E-05  0.210E+08  0.379E-04
  0.220E+08  0.203E-03  0.230E+08  0.631E-03  0.240E+08  0.218E-02
  0.250E+08  0.479E-02  0.260E+08  0.775E-02  0.270E+08  0.124E-01
  0.280E+08  0.176E-01  0.290E+08  0.229E-01  0.300E+08  0.281E-01
  0.310E+08  0.333E-01  0.320E+08  0.375E-01  0.330E+08  0.406E-01
  0.340E+08  0.413E-01  0.350E+08  0.415E-01  0.360E+08  0.389E-01
  0.370E+08  0.368E-01  0.380E+08  0.341E-01  0.390E+08  0.313E-01
  0.400E+08  0.286E-01  0.410E+08  0.260E-01  0.420E+08  0.236E-01
  0.430E+08  0.219E-01  0.440E+08  0.202E-01  0.450E+08  0.185E-01
  0.460E+08  0.172E-01  0.470E+08  0.158E-01  0.480E+08  0.144E-01
  0.490E+08  0.136E-01  0.500E+08  0.127E-01  0.520E+08  0.110E-01
  0.540E+08  0.890E-02  0.560E+08  0.688E-02  0.580E+08  0.612E-02
  0.600E+08  0.568E-02  0.620E+08  0.520E-02  0.640E+08  0.537E-02
  0.660E+08  0.580E-02  0.680E+08  0.638E-02  0.700E+08  0.687E-02
  0.720E+08  0.725E-02  0.740E+08  0.764E-02  0.760E+08  0.766E-02
  0.780E+08  0.784E-02  0.800E+08  0.792E-02  0.820E+08  0.839E-02
  0.840E+08  0.854E-02  0.860E+08  0.874E-02  0.880E+08  0.934E-02
  0.900E+08  0.995E-02  0.920E+08  0.102E-01  0.940E+08  0.110E-01
  0.960E+08  0.113E-01  0.980E+08  0.119E-01  0.100E+09  0.126E-01
NB93 
         178
           0
          50
  0.189E+08  0.000E+00  0.270E+08  0.294E-07  0.280E+08  0.163E-05
  0.290E+08  0.161E-04  0.300E+08  0.878E-04  0.310E+08  0.305E-03
  0.320E+08  0.967E-03  0.330E+08  0.242E-02  0.340E+08  0.465E-02
  0.350E+08  0.835E-02  0.360E+08  0.144E-01  0.370E+08  0.201E-01
  0.380E+08  0.260E-01  0.390E+08  0.319E-01  0.400E+08  0.376E-01
  0.410E+08  0.439E-01  0.420E+08  0.485E-01  0.430E+08  0.508E-01
  0.440E+08  0.542E-01  0.450E+08  0.562E-01  0.460E+08  0.568E-01
  0.470E+08  0.569E-01  0.480E+08  0.560E-01  0.490E+08  0.510E-01
  0.500E+08  0.489E-01  0.520E+08  0.435E-01  0.540E+08  0.371E-01
  0.560E+08  0.334E-01  0.580E+08  0.305E-01  0.600E+08  0.276E-01
  0.620E+08  0.241E-01  0.640E+08  0.212E-01  0.660E+08  0.189E-01
  0.680E+08  0.173E-01  0.700E+08  0.161E-01  0.720E+08  0.154E-01
  0.740E+08  0.156E-01  0.760E+08  0.158E-01  0.780E+08  0.165E-01
  0.800E+08  0.171E-01  0.820E+08  0.178E-01  0.840E+08  0.184E-01
  0.860E+08  0.191E-01  0.880E+08  0.198E-01  0.900E+08  0.204E-01
  0.920E+08  0.211E-01  0.940E+08  0.212E-01  0.960E+08  0.211E-01
  0.980E+08  0.209E-01  0.100E+09  0.207E-01
NB92 
         179
           0
          41
  0.278E+08  0.000E+00  0.360E+08  0.673E-09  0.370E+08  0.783E-07
  0.380E+08  0.124E-05  0.390E+08  0.836E-05  0.400E+08  0.285E-04
  0.410E+08  0.138E-03  0.420E+08  0.419E-03  0.430E+08  0.833E-03
  0.440E+08  0.212E-02  0.450E+08  0.382E-02  0.460E+08  0.584E-02
  0.470E+08  0.900E-02  0.480E+08  0.128E-01  0.490E+08  0.174E-01
  0.500E+08  0.220E-01  0.520E+08  0.324E-01  0.540E+08  0.426E-01
  0.560E+08  0.455E-01  0.580E+08  0.478E-01  0.600E+08  0.495E-01
  0.620E+08  0.493E-01  0.640E+08  0.474E-01  0.660E+08  0.457E-01
  0.680E+08  0.440E-01  0.700E+08  0.411E-01  0.720E+08  0.383E-01
  0.740E+08  0.355E-01  0.760E+08  0.326E-01  0.780E+08  0.298E-01
  0.800E+08  0.282E-01  0.820E+08  0.267E-01  0.840E+08  0.253E-01
  0.860E+08  0.252E-01  0.880E+08  0.258E-01  0.900E+08  0.270E-01
  0.920E+08  0.284E-01  0.940E+08  0.303E-01  0.960E+08  0.322E-01
  0.980E+08  0.338E-01  0.100E+09  0.335E-01
NB91 
         180
           0
          33
  0.358E+08  0.000E+00  0.440E+08  0.870E-11  0.450E+08  0.205E-08
  0.460E+08  0.310E-07  0.470E+08  0.339E-06  0.480E+08  0.208E-05
  0.490E+08  0.716E-05  0.500E+08  0.434E-04  0.520E+08  0.360E-03
  0.540E+08  0.192E-02  0.560E+08  0.566E-02  0.580E+08  0.932E-02
  0.600E+08  0.160E-01  0.620E+08  0.241E-01  0.640E+08  0.330E-01
  0.660E+08  0.411E-01  0.680E+08  0.452E-01  0.700E+08  0.519E-01
  0.720E+08  0.575E-01  0.740E+08  0.618E-01  0.760E+08  0.621E-01
  0.780E+08  0.625E-01  0.800E+08  0.629E-01  0.820E+08  0.625E-01
  0.840E+08  0.616E-01  0.860E+08  0.605E-01  0.880E+08  0.587E-01
  0.900E+08  0.569E-01  0.920E+08  0.550E-01  0.940E+08  0.532E-01
  0.960E+08  0.514E-01  0.980E+08  0.510E-01  0.100E+09  0.530E-01
NB90 
         181
           0
          24
  0.479E+08  0.000E+00  0.560E+08  0.610E-13  0.580E+08  0.509E-10
  0.600E+08  0.772E-08  0.620E+08  0.348E-06  0.640E+08  0.493E-05
  0.660E+08  0.349E-04  0.680E+08  0.151E-03  0.700E+08  0.492E-03
  0.720E+08  0.118E-02  0.740E+08  0.239E-02  0.760E+08  0.341E-02
  0.780E+08  0.556E-02  0.800E+08  0.743E-02  0.820E+08  0.968E-02
  0.840E+08  0.124E-01  0.860E+08  0.152E-01  0.880E+08  0.177E-01
  0.900E+08  0.199E-01  0.920E+08  0.213E-01  0.940E+08  0.229E-01
  0.960E+08  0.233E-01  0.980E+08  0.232E-01  0.100E+09  0.233E-01
NB89 
         182
           0
          18
  0.581E+08  0.000E+00  0.680E+08  0.703E-12  0.700E+08  0.163E-09
  0.720E+08  0.693E-08  0.740E+08  0.131E-06  0.760E+08  0.628E-06
  0.780E+08  0.442E-05  0.800E+08  0.152E-04  0.820E+08  0.303E-04
  0.840E+08  0.120E-03  0.860E+08  0.219E-03  0.880E+08  0.458E-03
  0.900E+08  0.847E-03  0.920E+08  0.132E-02  0.940E+08  0.219E-02
  0.960E+08  0.305E-02  0.980E+08  0.403E-02  0.100E+09  0.546E-02
NB88 
         183
           0
          11
  0.705E+08  0.000E+00  0.820E+08  0.166E-15  0.840E+08  0.149E-12
  0.860E+08  0.614E-11  0.880E+08  0.189E-09  0.900E+08  0.324E-08
  0.920E+08  0.413E-07  0.940E+08  0.276E-06  0.960E+08  0.191E-05
  0.980E+08  0.656E-05  0.100E+09  0.213E-04
NB87 
         184
           0
           6
  0.810E+08  0.000E+00  0.920E+08  0.490E-18  0.940E+08  0.929E-16
  0.960E+08  0.390E-13  0.980E+08  0.335E-11  0.100E+09  0.766E-10
ZR97 
         219
           0
          49
  0.184E+08  0.000E+00  0.280E+08  0.268E-16  0.290E+08  0.793E-14
  0.300E+08  0.269E-12  0.310E+08  0.223E-11  0.320E+08  0.141E-10
  0.330E+08  0.443E-10  0.340E+08  0.114E-09  0.350E+08  0.355E-09
  0.360E+08  0.964E-09  0.370E+08  0.235E-08  0.380E+08  0.521E-08
  0.390E+08  0.106E-07  0.400E+08  0.174E-07  0.410E+08  0.305E-07
  0.420E+08  0.540E-07  0.430E+08  0.795E-07  0.440E+08  0.906E-07
  0.450E+08  0.115E-06  0.460E+08  0.141E-06  0.470E+08  0.164E-06
  0.480E+08  0.186E-06  0.490E+08  0.205E-06  0.500E+08  0.224E-06
  0.520E+08  0.266E-06  0.540E+08  0.325E-06  0.560E+08  0.411E-06
  0.580E+08  0.744E-06  0.600E+08  0.772E-06  0.620E+08  0.897E-06
  0.640E+08  0.985E-06  0.660E+08  0.105E-05  0.680E+08  0.117E-05
  0.700E+08  0.102E-05  0.720E+08  0.105E-05  0.740E+08  0.105E-05
  0.760E+08  0.105E-05  0.780E+08  0.111E-05  0.800E+08  0.949E-06
  0.820E+08  0.144E-05  0.840E+08  0.865E-06  0.860E+08  0.858E-06
  0.880E+08  0.912E-06  0.900E+08  0.782E-06  0.920E+08  0.799E-06
  0.940E+08  0.799E-06  0.960E+08  0.800E-06  0.980E+08  0.856E-06
  0.100E+09  0.756E-06
ZR96 
         220
           0
          45
  0.217E+08  0.000E+00  0.320E+08  0.117E-14  0.330E+08  0.467E-13
  0.340E+08  0.853E-12  0.350E+08  0.739E-11  0.360E+08  0.300E-10
  0.370E+08  0.158E-09  0.380E+08  0.644E-09  0.390E+08  0.225E-08
  0.400E+08  0.592E-08  0.410E+08  0.151E-07  0.420E+08  0.389E-07
  0.430E+08  0.105E-06  0.440E+08  0.196E-06  0.450E+08  0.364E-06
  0.460E+08  0.610E-06  0.470E+08  0.101E-05  0.480E+08  0.159E-05
  0.490E+08  0.229E-05  0.500E+08  0.334E-05  0.520E+08  0.621E-05
  0.540E+08  0.996E-05  0.560E+08  0.143E-04  0.580E+08  0.199E-04
  0.600E+08  0.222E-04  0.620E+08  0.253E-04  0.640E+08  0.295E-04
  0.660E+08  0.371E-04  0.680E+08  0.528E-04  0.700E+08  0.785E-04
  0.720E+08  0.119E-03  0.740E+08  0.170E-03  0.760E+08  0.202E-03
  0.780E+08  0.255E-03  0.800E+08  0.270E-03  0.820E+08  0.291E-03
  0.840E+08  0.258E-03  0.860E+08  0.266E-03  0.880E+08  0.275E-03
  0.900E+08  0.254E-03  0.920E+08  0.247E-03  0.940E+08  0.240E-03
  0.960E+08  0.294E-03  0.980E+08  0.298E-03  0.100E+09  0.271E-03
ZR95 
         221
           0
          64
  0.334E+07  0.000E+00  0.140E+08  0.771E-10  0.145E+08  0.885E-09
  0.150E+08  0.268E-08  0.160E+08  0.263E-07  0.170E+08  0.119E-06
  0.180E+08  0.373E-06  0.190E+08  0.925E-06  0.200E+08  0.160E-05
  0.210E+08  0.340E-05  0.220E+08  0.578E-05  0.230E+08  0.951E-05
  0.240E+08  0.132E-04  0.250E+08  0.189E-04  0.260E+08  0.246E-04
  0.270E+08  0.300E-04  0.280E+08  0.340E-04  0.290E+08  0.366E-04
  0.300E+08  0.318E-04  0.310E+08  0.311E-04  0.320E+08  0.298E-04
  0.330E+08  0.283E-04  0.340E+08  0.292E-04  0.350E+08  0.288E-04
  0.360E+08  0.273E-04  0.370E+08  0.259E-04  0.380E+08  0.245E-04
  0.390E+08  0.234E-04  0.400E+08  0.225E-04  0.410E+08  0.218E-04
  0.420E+08  0.209E-04  0.430E+08  0.201E-04  0.440E+08  0.194E-04
  0.450E+08  0.192E-04  0.460E+08  0.184E-04  0.470E+08  0.177E-04
  0.480E+08  0.170E-04  0.490E+08  0.180E-04  0.500E+08  0.179E-04
  0.520E+08  0.172E-04  0.540E+08  0.176E-04  0.560E+08  0.192E-04
  0.580E+08  0.232E-04  0.600E+08  0.301E-04  0.620E+08  0.383E-04
  0.640E+08  0.469E-04  0.660E+08  0.560E-04  0.680E+08  0.622E-04
  0.700E+08  0.664E-04  0.720E+08  0.778E-04  0.740E+08  0.103E-03
  0.760E+08  0.185E-03  0.780E+08  0.307E-03  0.800E+08  0.462E-03
  0.820E+08  0.665E-03  0.840E+08  0.934E-03  0.860E+08  0.118E-02
  0.880E+08  0.146E-02  0.900E+08  0.160E-02  0.920E+08  0.176E-02
  0.940E+08  0.188E-02  0.960E+08  0.190E-02  0.980E+08  0.202E-02
  0.100E+09  0.197E-02
ZR94 
         222
           0
          58
  0.762E+07  0.000E+00  0.190E+08  0.806E-12  0.200E+08  0.185E-10
  0.210E+08  0.434E-09  0.220E+08  0.960E-08  0.230E+08  0.937E-07
  0.240E+08  0.404E-06  0.250E+08  0.141E-05  0.260E+08  0.389E-05
  0.270E+08  0.910E-05  0.280E+08  0.183E-04  0.290E+08  0.328E-04
  0.300E+08  0.543E-04  0.310E+08  0.815E-04  0.320E+08  0.115E-03
  0.330E+08  0.153E-03  0.340E+08  0.199E-03  0.350E+08  0.267E-03
  0.360E+08  0.333E-03  0.370E+08  0.402E-03  0.380E+08  0.466E-03
  0.390E+08  0.521E-03  0.400E+08  0.554E-03  0.410E+08  0.583E-03
  0.420E+08  0.605E-03  0.430E+08  0.616E-03  0.440E+08  0.564E-03
  0.450E+08  0.568E-03  0.460E+08  0.553E-03  0.470E+08  0.536E-03
  0.480E+08  0.516E-03  0.490E+08  0.516E-03  0.500E+08  0.507E-03
  0.520E+08  0.470E-03  0.540E+08  0.431E-03  0.560E+08  0.383E-03
  0.580E+08  0.406E-03  0.600E+08  0.373E-03  0.620E+08  0.352E-03
  0.640E+08  0.331E-03  0.660E+08  0.306E-03  0.680E+08  0.299E-03
  0.700E+08  0.274E-03  0.720E+08  0.279E-03  0.740E+08  0.242E-03
  0.760E+08  0.241E-03  0.780E+08  0.247E-03  0.800E+08  0.242E-03
  0.820E+08  0.253E-03  0.840E+08  0.278E-03  0.860E+08  0.317E-03
  0.880E+08  0.401E-03  0.900E+08  0.510E-03  0.920E+08  0.657E-03
  0.940E+08  0.824E-03  0.960E+08  0.102E-02  0.980E+08  0.125E-02
  0.100E+09  0.145E-02
ZR93 
         223
           0
          50
  0.159E+08  0.000E+00  0.270E+08  0.131E-11  0.280E+08  0.731E-10
  0.290E+08  0.108E-08  0.300E+08  0.119E-07  0.310E+08  0.640E-07
  0.320E+08  0.205E-06  0.330E+08  0.671E-06  0.340E+08  0.204E-05
  0.350E+08  0.627E-05  0.360E+08  0.163E-04  0.370E+08  0.380E-04
  0.380E+08  0.775E-04  0.390E+08  0.142E-03  0.400E+08  0.218E-03
  0.410E+08  0.342E-03  0.420E+08  0.484E-03  0.430E+08  0.662E-03
  0.440E+08  0.883E-03  0.450E+08  0.113E-02  0.460E+08  0.136E-02
  0.470E+08  0.158E-02  0.480E+08  0.176E-02  0.490E+08  0.197E-02
  0.500E+08  0.219E-02  0.520E+08  0.224E-02  0.540E+08  0.227E-02
  0.560E+08  0.217E-02  0.580E+08  0.202E-02  0.600E+08  0.192E-02
  0.620E+08  0.184E-02  0.640E+08  0.174E-02  0.660E+08  0.161E-02
  0.680E+08  0.150E-02  0.700E+08  0.134E-02  0.720E+08  0.129E-02
  0.740E+08  0.113E-02  0.760E+08  0.109E-02  0.780E+08  0.115E-02
  0.800E+08  0.110E-02  0.820E+08  0.110E-02  0.840E+08  0.122E-02
  0.860E+08  0.120E-02  0.880E+08  0.117E-02  0.900E+08  0.114E-02
  0.920E+08  0.116E-02  0.940E+08  0.115E-02  0.960E+08  0.115E-02
  0.980E+08  0.114E-02  0.100E+09  0.115E-02
ZR92 
         224
           0
          43
  0.227E+08  0.000E+00  0.340E+08  0.861E-12  0.350E+08  0.612E-10
  0.360E+08  0.784E-09  0.370E+08  0.773E-08  0.380E+08  0.488E-07
  0.390E+08  0.167E-06  0.400E+08  0.652E-06  0.410E+08  0.226E-05
  0.420E+08  0.745E-05  0.430E+08  0.165E-04  0.440E+08  0.421E-04
  0.450E+08  0.886E-04  0.460E+08  0.170E-03  0.470E+08  0.297E-03
  0.480E+08  0.481E-03  0.490E+08  0.481E-03  0.500E+08  0.794E-03
  0.520E+08  0.182E-02  0.540E+08  0.298E-02  0.560E+08  0.420E-02
  0.580E+08  0.547E-02  0.600E+08  0.675E-02  0.620E+08  0.787E-02
  0.640E+08  0.855E-02  0.660E+08  0.883E-02  0.680E+08  0.876E-02
  0.700E+08  0.897E-02  0.720E+08  0.918E-02  0.740E+08  0.887E-02
  0.760E+08  0.857E-02  0.780E+08  0.826E-02  0.800E+08  0.795E-02
  0.820E+08  0.764E-02  0.840E+08  0.734E-02  0.860E+08  0.703E-02
  0.880E+08  0.672E-02  0.900E+08  0.642E-02  0.920E+08  0.611E-02
  0.940E+08  0.602E-02  0.960E+08  0.598E-02  0.980E+08  0.592E-02
  0.100E+09  0.596E-02
ZR91 
         225
           0
          34
  0.314E+08  0.000E+00  0.430E+08  0.184E-13  0.440E+08  0.575E-11
  0.450E+08  0.138E-09  0.460E+08  0.227E-08  0.470E+08  0.166E-07
  0.480E+08  0.124E-06  0.490E+08  0.265E-06  0.500E+08  0.133E-05
  0.520E+08  0.167E-04  0.540E+08  0.607E-04  0.560E+08  0.220E-03
  0.580E+08  0.600E-03  0.600E+08  0.136E-02  0.620E+08  0.259E-02
  0.640E+08  0.436E-02  0.660E+08  0.647E-02  0.680E+08  0.841E-02
  0.700E+08  0.100E-01  0.720E+08  0.121E-01  0.740E+08  0.137E-01
  0.760E+08  0.144E-01  0.780E+08  0.149E-01  0.800E+08  0.149E-01
  0.820E+08  0.149E-01  0.840E+08  0.145E-01  0.860E+08  0.141E-01
  0.880E+08  0.136E-01  0.900E+08  0.136E-01  0.920E+08  0.136E-01
  0.940E+08  0.136E-01  0.960E+08  0.135E-01  0.980E+08  0.133E-01
  0.100E+09  0.132E-01
ZR90 
         226
           0
          26
  0.387E+08  0.000E+00  0.520E+08  0.761E-11  0.540E+08  0.185E-08
  0.560E+08  0.460E-07  0.580E+08  0.636E-06  0.600E+08  0.551E-05
  0.620E+08  0.303E-04  0.640E+08  0.124E-03  0.660E+08  0.517E-03
  0.680E+08  0.122E-02  0.700E+08  0.260E-02  0.720E+08  0.467E-02
  0.740E+08  0.790E-02  0.760E+08  0.107E-01  0.780E+08  0.154E-01
  0.800E+08  0.191E-01  0.820E+08  0.237E-01  0.840E+08  0.292E-01
  0.860E+08  0.341E-01  0.880E+08  0.388E-01  0.900E+08  0.419E-01
  0.920E+08  0.452E-01  0.940E+08  0.485E-01  0.960E+08  0.480E-01
  0.980E+08  0.488E-01  0.100E+09  0.488E-01
ZR89 
         227
           0
          21
  0.508E+08  0.000E+00  0.620E+08  0.109E-16  0.640E+08  0.178E-13
  0.660E+08  0.161E-10  0.680E+08  0.105E-08  0.700E+08  0.173E-07
  0.720E+08  0.292E-06  0.740E+08  0.244E-05  0.760E+08  0.920E-05
  0.780E+08  0.458E-04  0.800E+08  0.123E-03  0.820E+08  0.293E-03
  0.840E+08  0.686E-03  0.860E+08  0.136E-02  0.880E+08  0.251E-02
  0.900E+08  0.390E-02  0.920E+08  0.618E-02  0.940E+08  0.860E-02
  0.960E+08  0.127E-01  0.980E+08  0.169E-01  0.100E+09  0.210E-01
ZR88 
         228
           0
          16
  0.602E+08  0.000E+00  0.720E+08  0.254E-18  0.740E+08  0.813E-15
  0.760E+08  0.147E-12  0.780E+08  0.269E-10  0.800E+08  0.578E-09
  0.820E+08  0.115E-07  0.840E+08  0.128E-06  0.860E+08  0.116E-05
  0.880E+08  0.591E-05  0.900E+08  0.190E-04  0.920E+08  0.574E-04
  0.940E+08  0.156E-03  0.960E+08  0.446E-03  0.980E+08  0.113E-02
  0.100E+09  0.208E-02
ZR87 
         229
           0
           9
  0.727E+08  0.000E+00  0.860E+08  0.207E-18  0.880E+08  0.605E-16
  0.900E+08  0.191E-13  0.920E+08  0.529E-12  0.940E+08  0.185E-10
  0.960E+08  0.650E-09  0.980E+08  0.108E-07  0.100E+09  0.904E-07
ZR86 
         230
           0
           4
  0.822E+08  0.000E+00  0.960E+08  0.869E-20  0.980E+08  0.412E-16
  0.100E+09  0.104E-13
Y96  
         254
           0
          33
  0.304E+08  0.000E+00  0.440E+08  0.237E-20  0.450E+08  0.161E-18
  0.460E+08  0.398E-17  0.470E+08  0.478E-16  0.480E+08  0.387E-15
  0.490E+08  0.209E-14  0.500E+08  0.102E-13  0.520E+08  0.157E-12
  0.540E+08  0.127E-11  0.560E+08  0.577E-11  0.580E+08  0.161E-10
  0.600E+08  0.468E-10  0.620E+08  0.120E-09  0.640E+08  0.231E-09
  0.660E+08  0.417E-09  0.680E+08  0.573E-09  0.700E+08  0.811E-09
  0.720E+08  0.105E-08  0.740E+08  0.120E-08  0.760E+08  0.116E-08
  0.780E+08  0.138E-08  0.800E+08  0.226E-08  0.820E+08  0.357E-08
  0.840E+08  0.735E-08  0.860E+08  0.109E-07  0.880E+08  0.180E-07
  0.900E+08  0.200E-07  0.920E+08  0.283E-07  0.940E+08  0.350E-07
  0.960E+08  0.350E-07  0.980E+08  0.404E-07  0.100E+09  0.424E-07
Y95  
         255
           0
          31
  0.334E+08  0.000E+00  0.460E+08  0.984E-26  0.470E+08  0.842E-21
  0.480E+08  0.758E-19  0.490E+08  0.255E-17  0.500E+08  0.412E-16
  0.520E+08  0.216E-14  0.540E+08  0.695E-13  0.560E+08  0.106E-11
  0.580E+08  0.653E-11  0.600E+08  0.369E-10  0.620E+08  0.174E-09
  0.640E+08  0.605E-09  0.660E+08  0.155E-08  0.680E+08  0.315E-08
  0.700E+08  0.802E-08  0.720E+08  0.159E-07  0.740E+08  0.246E-07
  0.760E+08  0.352E-07  0.780E+08  0.490E-07  0.800E+08  0.587E-07
  0.820E+08  0.721E-07  0.840E+08  0.906E-07  0.860E+08  0.113E-06
  0.880E+08  0.132E-06  0.900E+08  0.143E-06  0.920E+08  0.199E-06
  0.940E+08  0.284E-06  0.960E+08  0.401E-06  0.980E+08  0.608E-06
  0.100E+09  0.887E-06
Y94  
         256
           0
          49
  0.140E+08  0.000E+00  0.280E+08  0.268E-16  0.290E+08  0.336E-14
  0.300E+08  0.958E-13  0.310E+08  0.745E-12  0.320E+08  0.467E-11
  0.330E+08  0.188E-10  0.340E+08  0.934E-10  0.350E+08  0.317E-09
  0.360E+08  0.889E-09  0.370E+08  0.221E-08  0.380E+08  0.495E-08
  0.390E+08  0.101E-07  0.400E+08  0.166E-07  0.410E+08  0.253E-07
  0.420E+08  0.440E-07  0.430E+08  0.702E-07  0.440E+08  0.114E-06
  0.450E+08  0.164E-06  0.460E+08  0.217E-06  0.470E+08  0.272E-06
  0.480E+08  0.325E-06  0.490E+08  0.428E-06  0.500E+08  0.491E-06
  0.520E+08  0.567E-06  0.540E+08  0.604E-06  0.560E+08  0.528E-06
  0.580E+08  0.545E-06  0.600E+08  0.459E-06  0.620E+08  0.474E-06
  0.640E+08  0.489E-06  0.660E+08  0.433E-06  0.680E+08  0.462E-06
  0.700E+08  0.482E-06  0.720E+08  0.483E-06  0.740E+08  0.490E-06
  0.760E+08  0.442E-06  0.780E+08  0.490E-06  0.800E+08  0.548E-06
  0.820E+08  0.614E-06  0.840E+08  0.733E-06  0.860E+08  0.884E-06
  0.880E+08  0.101E-05  0.900E+08  0.107E-05  0.920E+08  0.115E-05
  0.940E+08  0.121E-05  0.960E+08  0.116E-05  0.980E+08  0.150E-05
  0.100E+09  0.160E-05
Y93  
         257
           0
          45
  0.180E+08  0.000E+00  0.320E+08  0.920E-17  0.330E+08  0.722E-15
  0.340E+08  0.174E-13  0.350E+08  0.187E-12  0.360E+08  0.142E-11
  0.370E+08  0.914E-11  0.380E+08  0.475E-10  0.390E+08  0.215E-09
  0.400E+08  0.543E-09  0.410E+08  0.170E-08  0.420E+08  0.438E-08
  0.430E+08  0.121E-07  0.440E+08  0.325E-07  0.450E+08  0.742E-07
  0.460E+08  0.150E-06  0.470E+08  0.280E-06  0.480E+08  0.483E-06
  0.490E+08  0.693E-06  0.500E+08  0.111E-05  0.520E+08  0.238E-05
  0.540E+08  0.428E-05  0.560E+08  0.602E-05  0.580E+08  0.847E-05
  0.600E+08  0.107E-04  0.620E+08  0.122E-04  0.640E+08  0.132E-04
  0.660E+08  0.127E-04  0.680E+08  0.156E-04  0.700E+08  0.184E-04
  0.720E+08  0.220E-04  0.740E+08  0.275E-04  0.760E+08  0.325E-04
  0.780E+08  0.416E-04  0.800E+08  0.505E-04  0.820E+08  0.577E-04
  0.840E+08  0.630E-04  0.860E+08  0.709E-04  0.880E+08  0.755E-04
  0.900E+08  0.780E-04  0.920E+08  0.645E-04  0.940E+08  0.637E-04
  0.960E+08  0.580E-04  0.980E+08  0.582E-04  0.100E+09  0.578E-04
Y92  
         258
           0
          64
  0.100E-04  0.000E+00  0.140E+08  0.144E-11  0.145E+08  0.254E-10
  0.150E+08  0.131E-09  0.160E+08  0.158E-08  0.170E+08  0.847E-08
  0.180E+08  0.336E-07  0.190E+08  0.107E-06  0.200E+08  0.286E-06
  0.210E+08  0.701E-06  0.220E+08  0.144E-05  0.230E+08  0.240E-05
  0.240E+08  0.398E-05  0.250E+08  0.734E-05  0.260E+08  0.953E-05
  0.270E+08  0.138E-04  0.280E+08  0.186E-04  0.290E+08  0.243E-04
  0.300E+08  0.288E-04  0.310E+08  0.330E-04  0.320E+08  0.344E-04
  0.330E+08  0.341E-04  0.340E+08  0.314E-04  0.350E+08  0.293E-04
  0.360E+08  0.236E-04  0.370E+08  0.215E-04  0.380E+08  0.195E-04
  0.390E+08  0.178E-04  0.400E+08  0.162E-04  0.410E+08  0.148E-04
  0.420E+08  0.136E-04  0.430E+08  0.127E-04  0.440E+08  0.115E-04
  0.450E+08  0.127E-04  0.460E+08  0.102E-04  0.470E+08  0.932E-05
  0.480E+08  0.852E-05  0.490E+08  0.706E-05  0.500E+08  0.890E-05
  0.520E+08  0.672E-05  0.540E+08  0.617E-05  0.560E+08  0.661E-05
  0.580E+08  0.912E-05  0.600E+08  0.164E-04  0.620E+08  0.254E-04
  0.640E+08  0.386E-04  0.660E+08  0.505E-04  0.680E+08  0.610E-04
  0.700E+08  0.862E-04  0.720E+08  0.965E-04  0.740E+08  0.120E-03
  0.760E+08  0.109E-03  0.780E+08  0.118E-03  0.800E+08  0.135E-03
  0.820E+08  0.152E-03  0.840E+08  0.182E-03  0.860E+08  0.204E-03
  0.880E+08  0.254E-03  0.900E+08  0.311E-03  0.920E+08  0.361E-03
  0.940E+08  0.414E-03  0.960E+08  0.433E-03  0.980E+08  0.480E-03
  0.100E+09  0.521E-03
Y91  
         259
           0
          56
  0.589E+07  0.000E+00  0.210E+08  0.310E-10  0.220E+08  0.631E-09
  0.230E+08  0.378E-08  0.240E+08  0.231E-07  0.250E+08  0.920E-07
  0.260E+08  0.329E-06  0.270E+08  0.106E-05  0.280E+08  0.286E-05
  0.290E+08  0.577E-05  0.300E+08  0.121E-04  0.310E+08  0.231E-04
  0.320E+08  0.384E-04  0.330E+08  0.586E-04  0.340E+08  0.854E-04
  0.350E+08  0.125E-03  0.360E+08  0.147E-03  0.370E+08  0.180E-03
  0.380E+08  0.214E-03  0.390E+08  0.239E-03  0.400E+08  0.263E-03
  0.410E+08  0.284E-03  0.420E+08  0.292E-03  0.430E+08  0.292E-03
  0.440E+08  0.282E-03  0.450E+08  0.298E-03  0.460E+08  0.266E-03
  0.470E+08  0.251E-03  0.480E+08  0.237E-03  0.490E+08  0.225E-03
  0.500E+08  0.244E-03  0.520E+08  0.197E-03  0.540E+08  0.164E-03
  0.560E+08  0.139E-03  0.580E+08  0.118E-03  0.600E+08  0.107E-03
  0.620E+08  0.881E-04  0.640E+08  0.810E-04  0.660E+08  0.847E-04
  0.680E+08  0.961E-04  0.700E+08  0.121E-03  0.720E+08  0.163E-03
  0.740E+08  0.224E-03  0.760E+08  0.285E-03  0.780E+08  0.352E-03
  0.800E+08  0.426E-03  0.820E+08  0.510E-03  0.840E+08  0.573E-03
  0.860E+08  0.605E-03  0.880E+08  0.629E-03  0.900E+08  0.661E-03
  0.920E+08  0.653E-03  0.940E+08  0.748E-03  0.960E+08  0.770E-03
  0.980E+08  0.826E-03  0.100E+09  0.928E-03
Y90  
         260
           0
          48
  0.139E+08  0.000E+00  0.290E+08  0.302E-12  0.300E+08  0.332E-10
  0.310E+08  0.470E-09  0.320E+08  0.450E-08  0.330E+08  0.311E-07
  0.340E+08  0.157E-06  0.350E+08  0.759E-06  0.360E+08  0.192E-05
  0.370E+08  0.542E-05  0.380E+08  0.133E-04  0.390E+08  0.318E-04
  0.400E+08  0.596E-04  0.410E+08  0.105E-03  0.420E+08  0.162E-03
  0.430E+08  0.225E-03  0.440E+08  0.311E-03  0.450E+08  0.409E-03
  0.460E+08  0.476E-03  0.470E+08  0.573E-03  0.480E+08  0.664E-03
  0.490E+08  0.744E-03  0.500E+08  0.847E-03  0.520E+08  0.960E-03
  0.540E+08  0.100E-02  0.560E+08  0.990E-03  0.580E+08  0.980E-03
  0.600E+08  0.946E-03  0.620E+08  0.823E-03  0.640E+08  0.723E-03
  0.660E+08  0.639E-03  0.680E+08  0.588E-03  0.700E+08  0.491E-03
  0.720E+08  0.413E-03  0.740E+08  0.377E-03  0.760E+08  0.325E-03
  0.780E+08  0.372E-03  0.800E+08  0.458E-03  0.820E+08  0.526E-03
  0.840E+08  0.680E-03  0.860E+08  0.869E-03  0.880E+08  0.107E-02
  0.900E+08  0.128E-02  0.920E+08  0.144E-02  0.940E+08  0.165E-02
  0.960E+08  0.189E-02  0.980E+08  0.200E-02  0.100E+09  0.212E-02
Y89  
         261
           0
          41
  0.208E+08  0.000E+00  0.360E+08  0.537E-14  0.370E+08  0.205E-11
  0.380E+08  0.583E-10  0.390E+08  0.827E-09  0.400E+08  0.658E-08
  0.410E+08  0.443E-07  0.420E+08  0.196E-06  0.430E+08  0.651E-06
  0.440E+08  0.243E-05  0.450E+08  0.607E-05  0.460E+08  0.156E-04
  0.470E+08  0.331E-04  0.480E+08  0.618E-04  0.490E+08  0.853E-04
  0.500E+08  0.119E-03  0.520E+08  0.256E-03  0.540E+08  0.545E-03
  0.560E+08  0.923E-03  0.580E+08  0.141E-02  0.600E+08  0.199E-02
  0.620E+08  0.252E-02  0.640E+08  0.306E-02  0.660E+08  0.362E-02
  0.680E+08  0.408E-02  0.700E+08  0.444E-02  0.720E+08  0.444E-02
  0.740E+08  0.440E-02  0.760E+08  0.411E-02  0.780E+08  0.406E-02
  0.800E+08  0.388E-02  0.820E+08  0.355E-02  0.840E+08  0.331E-02
  0.860E+08  0.319E-02  0.880E+08  0.329E-02  0.900E+08  0.304E-02
  0.920E+08  0.326E-02  0.940E+08  0.379E-02  0.960E+08  0.430E-02
  0.980E+08  0.518E-02  0.100E+09  0.624E-02
Y88  
         262
           0
          30
  0.324E+08  0.000E+00  0.470E+08  0.166E-19  0.480E+08  0.240E-15
  0.490E+08  0.210E-13  0.500E+08  0.350E-12  0.520E+08  0.841E-10
  0.540E+08  0.800E-08  0.560E+08  0.217E-06  0.580E+08  0.159E-05
  0.600E+08  0.965E-05  0.620E+08  0.398E-04  0.640E+08  0.117E-03
  0.660E+08  0.238E-03  0.680E+08  0.460E-03  0.700E+08  0.902E-03
  0.720E+08  0.142E-02  0.740E+08  0.207E-02  0.760E+08  0.292E-02
  0.780E+08  0.365E-02  0.800E+08  0.415E-02  0.820E+08  0.457E-02
  0.840E+08  0.501E-02  0.860E+08  0.529E-02  0.880E+08  0.543E-02
  0.900E+08  0.553E-02  0.920E+08  0.517E-02  0.940E+08  0.480E-02
  0.960E+08  0.444E-02  0.980E+08  0.416E-02  0.100E+09  0.412E-02
Y87  
         263
           0
          23
  0.419E+08  0.000E+00  0.580E+08  0.622E-14  0.600E+08  0.258E-11
  0.620E+08  0.676E-10  0.640E+08  0.208E-08  0.660E+08  0.222E-07
  0.680E+08  0.142E-06  0.700E+08  0.127E-05  0.720E+08  0.670E-05
  0.740E+08  0.264E-04  0.760E+08  0.859E-04  0.780E+08  0.214E-03
  0.800E+08  0.370E-03  0.820E+08  0.627E-03  0.840E+08  0.108E-02
  0.860E+08  0.164E-02  0.880E+08  0.235E-02  0.900E+08  0.335E-02
  0.920E+08  0.445E-02  0.940E+08  0.526E-02  0.960E+08  0.600E-02
  0.980E+08  0.671E-02  0.100E+09  0.721E-02
Y86  
         264
           0
          17
  0.538E+08  0.000E+00  0.700E+08  0.479E-17  0.720E+08  0.394E-14
  0.740E+08  0.483E-12  0.760E+08  0.125E-10  0.780E+08  0.392E-09
  0.800E+08  0.343E-08  0.820E+08  0.907E-08  0.840E+08  0.105E-06
  0.860E+08  0.644E-06  0.880E+08  0.304E-05  0.900E+08  0.141E-04
  0.920E+08  0.476E-04  0.940E+08  0.110E-03  0.960E+08  0.217E-03
  0.980E+08  0.389E-03  0.100E+09  0.616E-03
Y85  
         265
           0
          12
  0.634E+08  0.000E+00  0.800E+08  0.136E-20  0.820E+08  0.189E-17
  0.840E+08  0.137E-14  0.860E+08  0.966E-13  0.880E+08  0.495E-11
  0.900E+08  0.206E-09  0.920E+08  0.540E-08  0.940E+08  0.474E-07
  0.960E+08  0.290E-06  0.980E+08  0.131E-05  0.100E+09  0.433E-05
Y84  
         266
           0
           6
  0.752E+08  0.000E+00  0.920E+08  0.817E-22  0.940E+08  0.242E-18
  0.960E+08  0.826E-16  0.980E+08  0.888E-14  0.100E+09  0.160E-12
SR95 
         275
           0
          23
  0.410E+08  0.000E+00  0.580E+08  0.977E-28  0.600E+08  0.658E-24
  0.620E+08  0.160E-21  0.640E+08  0.103E-19  0.660E+08  0.113E-18
  0.680E+08  0.111E-17  0.700E+08  0.296E-16  0.720E+08  0.252E-15
  0.740E+08  0.148E-14  0.760E+08  0.515E-14  0.780E+08  0.178E-13
  0.800E+08  0.509E-13  0.820E+08  0.117E-12  0.840E+08  0.267E-12
  0.860E+08  0.348E-12  0.880E+08  0.519E-12  0.900E+08  0.485E-12
  0.920E+08  0.608E-12  0.940E+08  0.731E-12  0.960E+08  0.642E-12
  0.980E+08  0.709E-12  0.100E+09  0.781E-12
SR94 
         276
           0
          22
  0.431E+08  0.000E+00  0.600E+08  0.222E-28  0.620E+08  0.217E-24
  0.640E+08  0.407E-22  0.660E+08  0.429E-20  0.680E+08  0.860E-19
  0.700E+08  0.558E-17  0.720E+08  0.809E-16  0.740E+08  0.102E-14
  0.760E+08  0.803E-14  0.780E+08  0.466E-13  0.800E+08  0.208E-12
  0.820E+08  0.786E-12  0.840E+08  0.310E-11  0.860E+08  0.724E-11
  0.880E+08  0.164E-10  0.900E+08  0.370E-10  0.920E+08  0.653E-10
  0.940E+08  0.111E-09  0.960E+08  0.135E-09  0.980E+08  0.187E-09
  0.100E+09  0.237E-09
SR93 
         277
           0
          36
  0.237E+08  0.000E+00  0.410E+08  0.881E-23  0.420E+08  0.186E-20
  0.430E+08  0.765E-19  0.440E+08  0.120E-17  0.450E+08  0.122E-16
  0.460E+08  0.927E-16  0.470E+08  0.544E-15  0.480E+08  0.265E-14
  0.490E+08  0.936E-14  0.500E+08  0.344E-13  0.520E+08  0.322E-12
  0.540E+08  0.170E-11  0.560E+08  0.729E-11  0.580E+08  0.289E-10
  0.600E+08  0.889E-10  0.620E+08  0.184E-09  0.640E+08  0.265E-09
  0.660E+08  0.361E-09  0.680E+08  0.487E-09  0.700E+08  0.652E-09
  0.720E+08  0.730E-09  0.740E+08  0.668E-09  0.760E+08  0.657E-09
  0.780E+08  0.796E-09  0.800E+08  0.993E-09  0.820E+08  0.131E-08
  0.840E+08  0.205E-08  0.860E+08  0.258E-08  0.880E+08  0.393E-08
  0.900E+08  0.678E-08  0.920E+08  0.872E-08  0.940E+08  0.918E-08
  0.960E+08  0.102E-07  0.980E+08  0.127E-07  0.100E+09  0.141E-07
SR92 
         278
           0
          33
  0.267E+08  0.000E+00  0.440E+08  0.111E-23  0.450E+08  0.995E-22
  0.460E+08  0.862E-20  0.470E+08  0.165E-18  0.480E+08  0.207E-17
  0.490E+08  0.172E-16  0.500E+08  0.113E-15  0.520E+08  0.326E-14
  0.540E+08  0.670E-13  0.560E+08  0.883E-12  0.580E+08  0.832E-11
  0.600E+08  0.928E-10  0.620E+08  0.382E-09  0.640E+08  0.111E-08
  0.660E+08  0.281E-08  0.680E+08  0.567E-08  0.700E+08  0.145E-07
  0.720E+08  0.258E-07  0.740E+08  0.372E-07  0.760E+08  0.501E-07
  0.780E+08  0.703E-07  0.800E+08  0.882E-07  0.820E+08  0.103E-06
  0.840E+08  0.121E-06  0.860E+08  0.102E-06  0.880E+08  0.115E-06
  0.900E+08  0.123E-06  0.920E+08  0.135E-06  0.940E+08  0.140E-06
  0.960E+08  0.164E-06  0.980E+08  0.224E-06  0.100E+09  0.292E-06
SR91 
         279
           0
          51
  0.781E+07  0.000E+00  0.260E+08  0.105E-16  0.270E+08  0.708E-15
  0.280E+08  0.952E-14  0.290E+08  0.853E-13  0.300E+08  0.702E-12
  0.310E+08  0.347E-11  0.320E+08  0.139E-10  0.330E+08  0.451E-10
  0.340E+08  0.174E-09  0.350E+08  0.520E-09  0.360E+08  0.121E-08
  0.370E+08  0.265E-08  0.380E+08  0.473E-08  0.390E+08  0.869E-08
  0.400E+08  0.145E-07  0.410E+08  0.245E-07  0.420E+08  0.384E-07
  0.430E+08  0.544E-07  0.440E+08  0.793E-07  0.450E+08  0.107E-06
  0.460E+08  0.130E-06  0.470E+08  0.154E-06  0.480E+08  0.144E-06
  0.490E+08  0.147E-06  0.500E+08  0.159E-06  0.520E+08  0.160E-06
  0.540E+08  0.188E-06  0.560E+08  0.235E-06  0.580E+08  0.222E-06
  0.600E+08  0.225E-06  0.620E+08  0.202E-06  0.640E+08  0.163E-06
  0.660E+08  0.145E-06  0.680E+08  0.134E-06  0.700E+08  0.130E-06
  0.720E+08  0.126E-06  0.740E+08  0.127E-06  0.760E+08  0.159E-06
  0.780E+08  0.200E-06  0.800E+08  0.310E-06  0.820E+08  0.452E-06
  0.840E+08  0.588E-06  0.860E+08  0.688E-06  0.880E+08  0.876E-06
  0.900E+08  0.104E-05  0.920E+08  0.117E-05  0.940E+08  0.121E-05
  0.960E+08  0.121E-05  0.980E+08  0.129E-05  0.100E+09  0.132E-05
SR90 
         280
           0
          47
  0.114E+08  0.000E+00  0.300E+08  0.991E-18  0.310E+08  0.359E-16
  0.320E+08  0.752E-15  0.330E+08  0.854E-14  0.340E+08  0.146E-12
  0.350E+08  0.145E-11  0.360E+08  0.908E-11  0.370E+08  0.467E-10
  0.380E+08  0.148E-09  0.390E+08  0.539E-09  0.400E+08  0.127E-08
  0.410E+08  0.379E-08  0.420E+08  0.991E-08  0.430E+08  0.211E-07
  0.440E+08  0.469E-07  0.450E+08  0.912E-07  0.460E+08  0.163E-06
  0.470E+08  0.278E-06  0.480E+08  0.431E-06  0.490E+08  0.758E-06
  0.500E+08  0.105E-05  0.520E+08  0.190E-05  0.540E+08  0.286E-05
  0.560E+08  0.399E-05  0.580E+08  0.538E-05  0.600E+08  0.702E-05
  0.620E+08  0.783E-05  0.640E+08  0.769E-05  0.660E+08  0.757E-05
  0.680E+08  0.742E-05  0.700E+08  0.730E-05  0.720E+08  0.674E-05
  0.740E+08  0.828E-05  0.760E+08  0.736E-05  0.780E+08  0.602E-05
  0.800E+08  0.590E-05  0.820E+08  0.559E-05  0.840E+08  0.516E-05
  0.860E+08  0.528E-05  0.880E+08  0.591E-05  0.900E+08  0.700E-05
  0.920E+08  0.844E-05  0.940E+08  0.101E-04  0.960E+08  0.114E-04
  0.980E+08  0.133E-04  0.100E+09  0.136E-04
SR89 
         281
           0
          40
  0.193E+08  0.000E+00  0.370E+08  0.300E-19  0.380E+08  0.160E-16
  0.390E+08  0.224E-15  0.400E+08  0.500E-14  0.410E+08  0.653E-13
  0.420E+08  0.635E-12  0.430E+08  0.285E-11  0.440E+08  0.182E-10
  0.450E+08  0.800E-10  0.460E+08  0.317E-09  0.470E+08  0.109E-08
  0.480E+08  0.351E-08  0.490E+08  0.132E-07  0.500E+08  0.330E-07
  0.520E+08  0.183E-06  0.540E+08  0.565E-06  0.560E+08  0.168E-05
  0.580E+08  0.424E-05  0.600E+08  0.929E-05  0.620E+08  0.168E-04
  0.640E+08  0.250E-04  0.660E+08  0.349E-04  0.680E+08  0.429E-04
  0.700E+08  0.495E-04  0.720E+08  0.547E-04  0.740E+08  0.564E-04
  0.760E+08  0.567E-04  0.780E+08  0.542E-04  0.800E+08  0.538E-04
  0.820E+08  0.511E-04  0.840E+08  0.451E-04  0.860E+08  0.416E-04
  0.880E+08  0.464E-04  0.900E+08  0.448E-04  0.920E+08  0.431E-04
  0.940E+08  0.461E-04  0.960E+08  0.464E-04  0.980E+08  0.486E-04
  0.100E+09  0.511E-04
SR88 
         282
           0
          33
  0.257E+08  0.000E+00  0.440E+08  0.398E-19  0.450E+08  0.171E-16
  0.460E+08  0.108E-14  0.470E+08  0.194E-13  0.480E+08  0.220E-12
  0.490E+08  0.442E-12  0.500E+08  0.429E-11  0.520E+08  0.205E-09
  0.540E+08  0.261E-08  0.560E+08  0.225E-07  0.580E+08  0.134E-06
  0.600E+08  0.639E-06  0.620E+08  0.230E-05  0.640E+08  0.652E-05
  0.660E+08  0.157E-04  0.680E+08  0.293E-04  0.700E+08  0.657E-04
  0.720E+08  0.109E-03  0.740E+08  0.162E-03  0.760E+08  0.233E-03
  0.780E+08  0.320E-03  0.800E+08  0.412E-03  0.820E+08  0.491E-03
  0.840E+08  0.560E-03  0.860E+08  0.636E-03  0.880E+08  0.696E-03
  0.900E+08  0.754E-03  0.920E+08  0.784E-03  0.940E+08  0.807E-03
  0.960E+08  0.805E-03  0.980E+08  0.810E-03  0.100E+09  0.789E-03
SR87 
         283
           0
          24
  0.369E+08  0.000E+00  0.560E+08  0.695E-18  0.580E+08  0.182E-15
  0.600E+08  0.439E-13  0.620E+08  0.280E-11  0.640E+08  0.846E-10
  0.660E+08  0.137E-08  0.680E+08  0.109E-07  0.700E+08  0.118E-06
  0.720E+08  0.589E-06  0.740E+08  0.240E-05  0.760E+08  0.704E-05
  0.780E+08  0.150E-04  0.800E+08  0.329E-04  0.820E+08  0.878E-04
  0.840E+08  0.157E-03  0.860E+08  0.263E-03  0.880E+08  0.384E-03
  0.900E+08  0.558E-03  0.920E+08  0.753E-03  0.940E+08  0.927E-03
  0.960E+08  0.114E-02  0.980E+08  0.128E-02  0.100E+09  0.145E-02
SR86 
         284
           0
          20
  0.455E+08  0.000E+00  0.640E+08  0.254E-22  0.660E+08  0.284E-17
  0.680E+08  0.122E-14  0.700E+08  0.206E-12  0.720E+08  0.238E-10
  0.740E+08  0.504E-09  0.760E+08  0.437E-08  0.780E+08  0.394E-07
  0.800E+08  0.200E-06  0.820E+08  0.130E-05  0.840E+08  0.324E-05
  0.860E+08  0.104E-04  0.880E+08  0.263E-04  0.900E+08  0.611E-04
  0.920E+08  0.127E-03  0.940E+08  0.217E-03  0.960E+08  0.315E-03
  0.980E+08  0.481E-03  0.100E+09  0.731E-03
SR85 
         285
           0
          14
  0.571E+08  0.000E+00  0.760E+08  0.213E-23  0.780E+08  0.865E-18
  0.800E+08  0.105E-15  0.820E+08  0.262E-13  0.840E+08  0.110E-11
  0.860E+08  0.172E-10  0.880E+08  0.293E-09  0.900E+08  0.322E-08
  0.920E+08  0.274E-07  0.940E+08  0.151E-06  0.960E+08  0.477E-06
  0.980E+08  0.166E-05  0.100E+09  0.545E-05
SR84 
         286
           0
           9
  0.657E+08  0.000E+00  0.860E+08  0.204E-20  0.880E+08  0.245E-17
  0.900E+08  0.442E-15  0.920E+08  0.351E-13  0.940E+08  0.122E-11
  0.960E+08  0.175E-10  0.980E+08  0.232E-09  0.100E+09  0.252E-08
SR83 
         287
           0
           3
  0.777E+08  0.000E+00  0.980E+08  0.503E-24  0.100E+09  0.177E-20
RB94 
         467
           0
          14
  0.550E+08  0.000E+00  0.760E+08  0.168E-33  0.780E+08  0.223E-29
  0.800E+08  0.801E-27  0.820E+08  0.940E-25  0.840E+08  0.123E-22
  0.860E+08  0.276E-21  0.880E+08  0.435E-20  0.900E+08  0.116E-18
  0.920E+08  0.804E-18  0.940E+08  0.664E-17  0.960E+08  0.176E-16
  0.980E+08  0.597E-16  0.100E+09  0.141E-15
RB93 
         468
           0
          14
  0.567E+08  0.000E+00  0.760E+08  0.541E-36  0.780E+08  0.386E-31
  0.800E+08  0.471E-28  0.820E+08  0.603E-26  0.840E+08  0.181E-23
  0.860E+08  0.726E-22  0.880E+08  0.155E-20  0.900E+08  0.627E-19
  0.920E+08  0.725E-18  0.940E+08  0.108E-16  0.960E+08  0.402E-16
  0.980E+08  0.196E-15  0.100E+09  0.757E-15
RB92 
         469
           0
          23
  0.364E+08  0.000E+00  0.580E+08  0.272E-27  0.600E+08  0.161E-22
  0.620E+08  0.214E-20  0.640E+08  0.999E-19  0.660E+08  0.242E-17
  0.680E+08  0.177E-16  0.700E+08  0.406E-15  0.720E+08  0.296E-14
  0.740E+08  0.149E-13  0.760E+08  0.639E-13  0.780E+08  0.198E-12
  0.800E+08  0.619E-12  0.820E+08  0.143E-11  0.840E+08  0.247E-11
  0.860E+08  0.374E-11  0.880E+08  0.555E-11  0.900E+08  0.909E-11
  0.920E+08  0.123E-10  0.940E+08  0.154E-10  0.960E+08  0.230E-10
  0.980E+08  0.244E-10  0.100E+09  0.298E-10
RB91 
         470
           0
          22
  0.393E+08  0.000E+00  0.600E+08  0.865E-29  0.620E+08  0.432E-25
  0.640E+08  0.286E-22  0.660E+08  0.500E-20  0.680E+08  0.121E-18
  0.700E+08  0.128E-16  0.720E+08  0.250E-15  0.740E+08  0.293E-14
  0.760E+08  0.179E-13  0.780E+08  0.111E-12  0.800E+08  0.612E-12
  0.820E+08  0.242E-11  0.840E+08  0.621E-11  0.860E+08  0.139E-10
  0.880E+08  0.336E-10  0.900E+08  0.815E-10  0.920E+08  0.162E-09
  0.940E+08  0.312E-09  0.960E+08  0.412E-09  0.980E+08  0.585E-09
  0.100E+09  0.870E-09
RB90 
         471
           0
          36
  0.195E+08  0.000E+00  0.410E+08  0.100E-22  0.420E+08  0.157E-20
  0.430E+08  0.455E-19  0.440E+08  0.788E-18  0.450E+08  0.838E-17
  0.460E+08  0.676E-16  0.470E+08  0.434E-15  0.480E+08  0.252E-14
  0.490E+08  0.143E-13  0.500E+08  0.484E-13  0.520E+08  0.509E-12
  0.540E+08  0.251E-11  0.560E+08  0.134E-10  0.580E+08  0.617E-10
  0.600E+08  0.258E-09  0.620E+08  0.693E-09  0.640E+08  0.130E-08
  0.660E+08  0.239E-08  0.680E+08  0.355E-08  0.700E+08  0.461E-08
  0.720E+08  0.568E-08  0.740E+08  0.557E-08  0.760E+08  0.606E-08
  0.780E+08  0.645E-08  0.800E+08  0.697E-08  0.820E+08  0.721E-08
  0.840E+08  0.670E-08  0.860E+08  0.730E-08  0.880E+08  0.940E-08
  0.900E+08  0.120E-07  0.920E+08  0.148E-07  0.940E+08  0.197E-07
  0.960E+08  0.228E-07  0.980E+08  0.297E-07  0.100E+09  0.350E-07
RB89 
         472
           0
          33
  0.230E+08  0.000E+00  0.440E+08  0.143E-26  0.450E+08  0.196E-23
  0.460E+08  0.143E-21  0.470E+08  0.267E-20  0.480E+08  0.447E-19
  0.490E+08  0.188E-17  0.500E+08  0.166E-16  0.520E+08  0.934E-15
  0.540E+08  0.101E-13  0.560E+08  0.207E-12  0.580E+08  0.297E-11
  0.600E+08  0.371E-10  0.620E+08  0.221E-09  0.640E+08  0.860E-09
  0.660E+08  0.290E-08  0.680E+08  0.653E-08  0.700E+08  0.205E-07
  0.720E+08  0.416E-07  0.740E+08  0.655E-07  0.760E+08  0.104E-06
  0.780E+08  0.158E-06  0.800E+08  0.214E-06  0.820E+08  0.258E-06
  0.840E+08  0.307E-06  0.860E+08  0.340E-06  0.880E+08  0.375E-06
  0.900E+08  0.406E-06  0.920E+08  0.411E-06  0.940E+08  0.427E-06
  0.960E+08  0.433E-06  0.980E+08  0.395E-06  0.100E+09  0.442E-06
RB88 
         473
           0
          51
  0.397E+07  0.000E+00  0.260E+08  0.341E-19  0.270E+08  0.109E-16
  0.280E+08  0.274E-15  0.290E+08  0.329E-14  0.300E+08  0.273E-13
  0.310E+08  0.181E-12  0.320E+08  0.920E-12  0.330E+08  0.393E-11
  0.340E+08  0.179E-10  0.350E+08  0.747E-10  0.360E+08  0.189E-09
  0.370E+08  0.468E-09  0.380E+08  0.106E-08  0.390E+08  0.199E-08
  0.400E+08  0.389E-08  0.410E+08  0.725E-08  0.420E+08  0.123E-07
  0.430E+08  0.177E-07  0.440E+08  0.262E-07  0.450E+08  0.373E-07
  0.460E+08  0.477E-07  0.470E+08  0.617E-07  0.480E+08  0.760E-07
  0.490E+08  0.994E-07  0.500E+08  0.112E-06  0.520E+08  0.122E-06
  0.540E+08  0.122E-06  0.560E+08  0.119E-06  0.580E+08  0.143E-06
  0.600E+08  0.111E-06  0.620E+08  0.941E-07  0.640E+08  0.795E-07
  0.660E+08  0.694E-07  0.680E+08  0.625E-07  0.700E+08  0.584E-07
  0.720E+08  0.531E-07  0.740E+08  0.615E-07  0.760E+08  0.954E-07
  0.780E+08  0.189E-06  0.800E+08  0.351E-06  0.820E+08  0.587E-06
  0.840E+08  0.822E-06  0.860E+08  0.116E-05  0.880E+08  0.161E-05
  0.900E+08  0.210E-05  0.920E+08  0.251E-05  0.940E+08  0.284E-05
  0.960E+08  0.306E-05  0.980E+08  0.313E-05  0.100E+09  0.331E-05
RB87 
         474
           0
          44
  0.101E+08  0.000E+00  0.330E+08  0.785E-17  0.340E+08  0.514E-15
  0.350E+08  0.127E-13  0.360E+08  0.105E-12  0.370E+08  0.708E-12
  0.380E+08  0.388E-11  0.390E+08  0.135E-10  0.400E+08  0.547E-10
  0.410E+08  0.198E-09  0.420E+08  0.614E-09  0.430E+08  0.138E-08
  0.440E+08  0.340E-08  0.450E+08  0.697E-08  0.460E+08  0.140E-07
  0.470E+08  0.272E-07  0.480E+08  0.488E-07  0.490E+08  0.105E-06
  0.500E+08  0.136E-06  0.520E+08  0.278E-06  0.540E+08  0.506E-06
  0.560E+08  0.825E-06  0.580E+08  0.128E-05  0.600E+08  0.197E-05
  0.620E+08  0.256E-05  0.640E+08  0.306E-05  0.660E+08  0.373E-05
  0.680E+08  0.395E-05  0.700E+08  0.424E-05  0.720E+08  0.408E-05
  0.740E+08  0.385E-05  0.760E+08  0.398E-05  0.780E+08  0.366E-05
  0.800E+08  0.347E-05  0.820E+08  0.316E-05  0.840E+08  0.330E-05
  0.860E+08  0.350E-05  0.880E+08  0.414E-05  0.900E+08  0.550E-05
  0.920E+08  0.762E-05  0.940E+08  0.105E-04  0.960E+08  0.140E-04
  0.980E+08  0.188E-04  0.100E+09  0.249E-04
RB86 
         475
           0
          35
  0.201E+08  0.000E+00  0.420E+08  0.651E-21  0.430E+08  0.225E-18
  0.440E+08  0.170E-16  0.450E+08  0.260E-15  0.460E+08  0.368E-14
  0.470E+08  0.350E-13  0.480E+08  0.230E-12  0.490E+08  0.156E-11
  0.500E+08  0.384E-11  0.520E+08  0.171E-09  0.540E+08  0.193E-08
  0.560E+08  0.122E-07  0.580E+08  0.610E-07  0.600E+08  0.284E-06
  0.620E+08  0.773E-06  0.640E+08  0.169E-05  0.660E+08  0.286E-05
  0.680E+08  0.439E-05  0.700E+08  0.734E-05  0.720E+08  0.103E-04
  0.740E+08  0.133E-04  0.760E+08  0.167E-04  0.780E+08  0.192E-04
  0.800E+08  0.215E-04  0.820E+08  0.222E-04  0.840E+08  0.247E-04
  0.860E+08  0.242E-04  0.880E+08  0.235E-04  0.900E+08  0.229E-04
  0.920E+08  0.214E-04  0.940E+08  0.197E-04  0.960E+08  0.187E-04
  0.980E+08  0.190E-04  0.100E+09  0.238E-04
RB85 
         476
           0
          26
  0.289E+08  0.000E+00  0.520E+08  0.286E-22  0.540E+08  0.102E-16
  0.560E+08  0.336E-14  0.580E+08  0.211E-12  0.600E+08  0.199E-10
  0.620E+08  0.334E-09  0.640E+08  0.338E-08  0.660E+08  0.239E-07
  0.680E+08  0.905E-07  0.700E+08  0.399E-06  0.720E+08  0.118E-05
  0.740E+08  0.275E-05  0.760E+08  0.568E-05  0.780E+08  0.104E-04
  0.800E+08  0.165E-04  0.820E+08  0.247E-04  0.840E+08  0.314E-04
  0.860E+08  0.431E-04  0.880E+08  0.561E-04  0.900E+08  0.699E-04
  0.920E+08  0.820E-04  0.940E+08  0.864E-04  0.960E+08  0.934E-04
  0.980E+08  0.982E-04  0.100E+09  0.991E-04
RB84 
         477
           0
          21
  0.395E+08  0.000E+00  0.620E+08  0.237E-21  0.640E+08  0.123E-17
  0.660E+08  0.300E-15  0.680E+08  0.205E-13  0.700E+08  0.468E-12
  0.720E+08  0.115E-10  0.740E+08  0.173E-09  0.760E+08  0.178E-08
  0.780E+08  0.136E-07  0.800E+08  0.563E-07  0.820E+08  0.221E-06
  0.840E+08  0.522E-06  0.860E+08  0.156E-05  0.880E+08  0.388E-05
  0.900E+08  0.845E-05  0.920E+08  0.155E-04  0.940E+08  0.308E-04
  0.960E+08  0.467E-04  0.980E+08  0.665E-04  0.100E+09  0.835E-04
RB83 
         478
           0
          16
  0.483E+08  0.000E+00  0.720E+08  0.332E-21  0.740E+08  0.891E-19
  0.760E+08  0.200E-16  0.780E+08  0.224E-14  0.800E+08  0.473E-13
  0.820E+08  0.129E-11  0.840E+08  0.146E-10  0.860E+08  0.207E-09
  0.880E+08  0.201E-08  0.900E+08  0.160E-07  0.920E+08  0.847E-07
  0.940E+08  0.425E-06  0.960E+08  0.176E-05  0.980E+08  0.436E-05
  0.100E+09  0.810E-05
RB82 
         479
           0
          10
  0.593E+08  0.000E+00  0.840E+08  0.458E-24  0.860E+08  0.158E-20
  0.880E+08  0.694E-18  0.900E+08  0.180E-15  0.920E+08  0.141E-13
  0.940E+08  0.266E-12  0.960E+08  0.971E-11  0.980E+08  0.119E-09
  0.100E+09  0.815E-09
RB81 
         480
           0
           6
  0.682E+08  0.000E+00  0.920E+08  0.615E-25  0.940E+08  0.145E-21
  0.960E+08  0.109E-18  0.980E+08  0.143E-16  0.100E+09  0.651E-15
KR93 
         573
           0
           7
  0.668E+08  0.000E+00  0.900E+08  0.606E-39  0.920E+08  0.386E-35
  0.940E+08  0.331E-32  0.960E+08  0.145E-30  0.980E+08  0.128E-28
  0.100E+09  0.515E-27
KR92 
         574
           0
           6
  0.681E+08  0.000E+00  0.920E+08  0.503E-38  0.940E+08  0.101E-33
  0.960E+08  0.845E-32  0.980E+08  0.151E-29  0.100E+09  0.796E-28
KR91 
         575
           0
          16
  0.472E+08  0.000E+00  0.720E+08  0.748E-31  0.740E+08  0.549E-28
  0.760E+08  0.326E-26  0.780E+08  0.263E-24  0.800E+08  0.120E-22
  0.820E+08  0.186E-21  0.840E+08  0.181E-20  0.860E+08  0.159E-19
  0.880E+08  0.156E-18  0.900E+08  0.135E-17  0.920E+08  0.652E-17
  0.940E+08  0.341E-16  0.960E+08  0.898E-16  0.980E+08  0.255E-15
  0.100E+09  0.677E-15
KR90 
         576
           0
          15
  0.495E+08  0.000E+00  0.740E+08  0.191E-33  0.760E+08  0.360E-30
  0.780E+08  0.135E-27  0.800E+08  0.248E-25  0.820E+08  0.193E-23
  0.840E+08  0.461E-22  0.860E+08  0.961E-21  0.880E+08  0.202E-19
  0.900E+08  0.379E-18  0.920E+08  0.360E-17  0.940E+08  0.489E-16
  0.960E+08  0.182E-15  0.980E+08  0.834E-15  0.100E+09  0.342E-14
KR89 
         577
           0
          24
  0.295E+08  0.000E+00  0.560E+08  0.442E-26  0.580E+08  0.294E-23
  0.600E+08  0.203E-20  0.620E+08  0.705E-19  0.640E+08  0.162E-17
  0.660E+08  0.242E-16  0.680E+08  0.156E-15  0.700E+08  0.305E-14
  0.720E+08  0.150E-13  0.740E+08  0.675E-13  0.760E+08  0.247E-12
  0.780E+08  0.828E-12  0.800E+08  0.213E-11  0.820E+08  0.369E-11
  0.840E+08  0.645E-11  0.860E+08  0.965E-11  0.880E+08  0.146E-10
  0.900E+08  0.286E-10  0.920E+08  0.315E-10  0.940E+08  0.282E-10
  0.960E+08  0.306E-10  0.980E+08  0.346E-10  0.100E+09  0.386E-10
KR88 
         578
           0
          23
  0.325E+08  0.000E+00  0.580E+08  0.865E-28  0.600E+08  0.597E-25
  0.620E+08  0.155E-22  0.640E+08  0.212E-20  0.660E+08  0.132E-18
  0.680E+08  0.208E-17  0.700E+08  0.156E-15  0.720E+08  0.187E-14
  0.740E+08  0.176E-13  0.760E+08  0.124E-12  0.780E+08  0.779E-12
  0.800E+08  0.344E-11  0.820E+08  0.105E-10  0.840E+08  0.291E-10
  0.860E+08  0.653E-10  0.880E+08  0.152E-09  0.900E+08  0.314E-09
  0.920E+08  0.520E-09  0.940E+08  0.853E-09  0.960E+08  0.116E-08
  0.980E+08  0.166E-08  0.100E+09  0.226E-08
KR87 
         579
           0
          39
  0.132E+08  0.000E+00  0.380E+08  0.163E-25  0.390E+08  0.711E-23
  0.400E+08  0.292E-21  0.410E+08  0.336E-20  0.420E+08  0.499E-19
  0.430E+08  0.378E-18  0.440E+08  0.313E-17  0.450E+08  0.180E-16
  0.460E+08  0.991E-16  0.470E+08  0.480E-15  0.480E+08  0.242E-14
  0.490E+08  0.143E-13  0.500E+08  0.352E-13  0.520E+08  0.286E-12
  0.540E+08  0.121E-11  0.560E+08  0.531E-11  0.580E+08  0.215E-10
  0.600E+08  0.769E-10  0.620E+08  0.189E-09  0.640E+08  0.370E-09
  0.660E+08  0.702E-09  0.680E+08  0.993E-09  0.700E+08  0.150E-08
  0.720E+08  0.182E-08  0.740E+08  0.202E-08  0.760E+08  0.202E-08
  0.780E+08  0.204E-08  0.800E+08  0.210E-08  0.820E+08  0.197E-08
  0.840E+08  0.184E-08  0.860E+08  0.159E-08  0.880E+08  0.153E-08
  0.900E+08  0.156E-08  0.920E+08  0.165E-08  0.940E+08  0.215E-08
  0.960E+08  0.279E-08  0.980E+08  0.451E-08  0.100E+09  0.726E-08
KR86 
         580
           0
          35
  0.166E+08  0.000E+00  0.420E+08  0.297E-26  0.430E+08  0.211E-24
  0.440E+08  0.162E-22  0.450E+08  0.330E-21  0.460E+08  0.539E-20
  0.470E+08  0.730E-19  0.480E+08  0.102E-17  0.490E+08  0.190E-16
  0.500E+08  0.886E-16  0.520E+08  0.276E-14  0.540E+08  0.290E-13
  0.560E+08  0.352E-12  0.580E+08  0.335E-11  0.600E+08  0.272E-10
  0.620E+08  0.132E-09  0.640E+08  0.481E-09  0.660E+08  0.128E-08
  0.680E+08  0.278E-08  0.700E+08  0.767E-08  0.720E+08  0.158E-07
  0.740E+08  0.287E-07  0.760E+08  0.494E-07  0.780E+08  0.851E-07
  0.800E+08  0.126E-06  0.820E+08  0.173E-06  0.840E+08  0.209E-06
  0.860E+08  0.240E-06  0.880E+08  0.280E-06  0.900E+08  0.315E-06
  0.920E+08  0.328E-06  0.940E+08  0.328E-06  0.960E+08  0.315E-06
  0.980E+08  0.322E-06  0.100E+09  0.325E-06
KR85 
         581
           0
          26
  0.265E+08  0.000E+00  0.520E+08  0.288E-25  0.540E+08  0.206E-21
  0.560E+08  0.608E-19  0.580E+08  0.174E-16  0.600E+08  0.807E-15
  0.620E+08  0.208E-13  0.640E+08  0.236E-12  0.660E+08  0.249E-11
  0.680E+08  0.146E-10  0.700E+08  0.122E-09  0.720E+08  0.638E-09
  0.740E+08  0.255E-08  0.760E+08  0.918E-08  0.780E+08  0.248E-07
  0.800E+08  0.599E-07  0.820E+08  0.115E-06  0.840E+08  0.201E-06
  0.860E+08  0.334E-06  0.880E+08  0.520E-06  0.900E+08  0.758E-06
  0.920E+08  0.999E-06  0.940E+08  0.127E-05  0.960E+08  0.155E-05
  0.980E+08  0.177E-05  0.100E+09  0.196E-05
KR84 
         582
           0
          22
  0.337E+08  0.000E+00  0.600E+08  0.198E-23  0.620E+08  0.318E-20
  0.640E+08  0.391E-18  0.660E+08  0.133E-16  0.680E+08  0.475E-15
  0.700E+08  0.218E-13  0.720E+08  0.636E-12  0.740E+08  0.729E-11
  0.760E+08  0.623E-10  0.780E+08  0.384E-09  0.800E+08  0.185E-08
  0.820E+08  0.673E-08  0.840E+08  0.202E-07  0.860E+08  0.577E-07
  0.880E+08  0.144E-06  0.900E+08  0.317E-06  0.920E+08  0.622E-06
  0.940E+08  0.118E-05  0.960E+08  0.176E-05  0.980E+08  0.274E-05
  0.100E+09  0.400E-05
KR83 
         583
           0
          17
  0.443E+08  0.000E+00  0.700E+08  0.234E-26  0.720E+08  0.154E-21
  0.740E+08  0.547E-19  0.760E+08  0.317E-17  0.780E+08  0.106E-15
  0.800E+08  0.348E-14  0.820E+08  0.999E-13  0.840E+08  0.130E-11
  0.860E+08  0.107E-10  0.880E+08  0.889E-10  0.900E+08  0.562E-09
  0.920E+08  0.282E-08  0.940E+08  0.114E-07  0.960E+08  0.338E-07
  0.980E+08  0.918E-07  0.100E+09  0.236E-06
KR82 
         584
           0
          13
  0.519E+08  0.000E+00  0.780E+08  0.229E-26  0.800E+08  0.839E-23
  0.820E+08  0.784E-20  0.840E+08  0.404E-18  0.860E+08  0.324E-16
  0.880E+08  0.139E-14  0.900E+08  0.363E-13  0.920E+08  0.662E-12
  0.940E+08  0.781E-11  0.960E+08  0.622E-10  0.980E+08  0.369E-09
  0.100E+09  0.206E-08
KR81 
         585
           0
           7
  0.630E+08  0.000E+00  0.900E+08  0.658E-27  0.920E+08  0.183E-23
  0.940E+08  0.650E-21  0.960E+08  0.546E-19  0.980E+08  0.344E-17
  0.100E+09  0.142E-15
KR80 
         586
           0
           3
  0.709E+08  0.000E+00  0.980E+08  0.298E-28  0.100E+09  0.171E-24
BR90 
         873
           0
           7
  0.618E+08  0.000E+00  0.900E+08  0.275E-37  0.920E+08  0.363E-34
  0.940E+08  0.135E-30  0.960E+08  0.415E-29  0.980E+08  0.238E-27
  0.100E+09  0.629E-26
BR89 
         874
           0
           7
  0.635E+08  0.000E+00  0.900E+08  0.124E-41  0.920E+08  0.651E-37
  0.940E+08  0.354E-33  0.960E+08  0.543E-31  0.980E+08  0.491E-29
  0.100E+09  0.283E-27
BR88 
         875
           0
          16
  0.430E+08  0.000E+00  0.720E+08  0.683E-31  0.740E+08  0.517E-28
  0.760E+08  0.572E-26  0.780E+08  0.637E-24  0.800E+08  0.351E-22
  0.820E+08  0.861E-21  0.840E+08  0.119E-19  0.860E+08  0.118E-18
  0.880E+08  0.125E-17  0.900E+08  0.114E-16  0.920E+08  0.597E-16
  0.940E+08  0.426E-15  0.960E+08  0.125E-14  0.980E+08  0.423E-14
  0.100E+09  0.130E-13
BR87 
         876
           0
          15
  0.457E+08  0.000E+00  0.740E+08  0.165E-34  0.760E+08  0.104E-30
  0.780E+08  0.114E-27  0.800E+08  0.296E-25  0.820E+08  0.135E-23
  0.840E+08  0.754E-22  0.860E+08  0.195E-20  0.880E+08  0.462E-19
  0.900E+08  0.577E-18  0.920E+08  0.634E-17  0.940E+08  0.100E-15
  0.960E+08  0.455E-15  0.980E+08  0.255E-14  0.100E+09  0.122E-13
BR86 
         877
           0
          24
  0.257E+08  0.000E+00  0.560E+08  0.714E-27  0.580E+08  0.643E-24
  0.600E+08  0.157E-21  0.620E+08  0.991E-20  0.640E+08  0.358E-18
  0.660E+08  0.554E-17  0.680E+08  0.446E-16  0.700E+08  0.102E-14
  0.720E+08  0.747E-14  0.740E+08  0.424E-13  0.760E+08  0.201E-12
  0.780E+08  0.854E-12  0.800E+08  0.230E-11  0.820E+08  0.554E-11
  0.840E+08  0.116E-10  0.860E+08  0.201E-10  0.880E+08  0.334E-10
  0.900E+08  0.450E-10  0.920E+08  0.606E-10  0.940E+08  0.837E-10
  0.960E+08  0.956E-10  0.980E+08  0.124E-09  0.100E+09  0.124E-09
BR85 
         878
           0
          23
  0.286E+08  0.000E+00  0.580E+08  0.435E-28  0.600E+08  0.433E-25
  0.620E+08  0.895E-23  0.640E+08  0.445E-21  0.660E+08  0.226E-19
  0.680E+08  0.298E-18  0.700E+08  0.119E-16  0.720E+08  0.196E-15
  0.740E+08  0.359E-14  0.760E+08  0.342E-13  0.780E+08  0.281E-12
  0.800E+08  0.117E-11  0.820E+08  0.475E-11  0.840E+08  0.161E-10
  0.860E+08  0.442E-10  0.880E+08  0.116E-09  0.900E+08  0.255E-09
  0.920E+08  0.529E-09  0.940E+08  0.112E-08  0.960E+08  0.176E-08
  0.980E+08  0.290E-08  0.100E+09  0.408E-08
BR84 
         879
           0
          36
  0.113E+08  0.000E+00  0.410E+08  0.160E-25  0.420E+08  0.127E-23
  0.430E+08  0.177E-22  0.440E+08  0.290E-21  0.450E+08  0.187E-20
  0.460E+08  0.170E-19  0.470E+08  0.131E-18  0.480E+08  0.843E-18
  0.490E+08  0.105E-16  0.500E+08  0.196E-16  0.520E+08  0.326E-15
  0.540E+08  0.377E-14  0.560E+08  0.310E-13  0.580E+08  0.228E-12
  0.600E+08  0.157E-11  0.620E+08  0.608E-11  0.640E+08  0.193E-10
  0.660E+08  0.509E-10  0.680E+08  0.100E-09  0.700E+08  0.178E-09
  0.720E+08  0.286E-09  0.740E+08  0.417E-09  0.760E+08  0.705E-09
  0.780E+08  0.917E-09  0.800E+08  0.956E-09  0.820E+08  0.987E-09
  0.840E+08  0.104E-08  0.860E+08  0.104E-08  0.880E+08  0.109E-08
  0.900E+08  0.956E-09  0.920E+08  0.900E-09  0.940E+08  0.966E-09
  0.960E+08  0.121E-08  0.980E+08  0.193E-08  0.100E+09  0.326E-08
BR83 
         880
           0
          30
  0.182E+08  0.000E+00  0.470E+08  0.841E-30  0.480E+08  0.547E-26
  0.490E+08  0.371E-23  0.500E+08  0.199E-22  0.520E+08  0.628E-20
  0.540E+08  0.144E-17  0.560E+08  0.510E-16  0.580E+08  0.135E-14
  0.600E+08  0.238E-13  0.620E+08  0.263E-12  0.640E+08  0.204E-11
  0.660E+08  0.116E-10  0.680E+08  0.379E-10  0.700E+08  0.130E-09
  0.720E+08  0.372E-09  0.740E+08  0.931E-09  0.760E+08  0.230E-08
  0.780E+08  0.476E-08  0.800E+08  0.798E-08  0.820E+08  0.125E-07
  0.840E+08  0.172E-07  0.860E+08  0.240E-07  0.880E+08  0.331E-07
  0.900E+08  0.389E-07  0.920E+08  0.441E-07  0.940E+08  0.499E-07
  0.960E+08  0.579E-07  0.980E+08  0.631E-07  0.100E+09  0.612E-07
BR82 
         881
           0
          23
  0.279E+08  0.000E+00  0.580E+08  0.145E-25  0.600E+08  0.606E-22
  0.620E+08  0.167E-19  0.640E+08  0.159E-17  0.660E+08  0.779E-16
  0.680E+08  0.615E-15  0.700E+08  0.330E-13  0.720E+08  0.430E-12
  0.740E+08  0.394E-11  0.760E+08  0.311E-10  0.780E+08  0.166E-09
  0.800E+08  0.640E-09  0.820E+08  0.202E-08  0.840E+08  0.439E-08
  0.860E+08  0.104E-07  0.880E+08  0.223E-07  0.900E+08  0.408E-07
  0.920E+08  0.675E-07  0.940E+08  0.112E-06  0.960E+08  0.155E-06
  0.980E+08  0.211E-06  0.100E+09  0.250E-06
BR81 
         882
           0
          19
  0.355E+08  0.000E+00  0.660E+08  0.114E-24  0.680E+08  0.263E-22
  0.700E+08  0.283E-19  0.720E+08  0.235E-17  0.740E+08  0.998E-16
  0.760E+08  0.186E-14  0.780E+08  0.382E-13  0.800E+08  0.463E-12
  0.820E+08  0.466E-11  0.840E+08  0.226E-10  0.860E+08  0.138E-09
  0.880E+08  0.489E-09  0.900E+08  0.194E-08  0.920E+08  0.614E-08
  0.940E+08  0.188E-07  0.960E+08  0.398E-07  0.980E+08  0.820E-07
  0.100E+09  0.136E-06
BR80 
         883
           0
          14
  0.458E+08  0.000E+00  0.760E+08  0.766E-27  0.780E+08  0.549E-24
  0.800E+08  0.106E-21  0.820E+08  0.168E-19  0.840E+08  0.551E-18
  0.860E+08  0.305E-16  0.880E+08  0.705E-15  0.900E+08  0.174E-13
  0.920E+08  0.143E-12  0.940E+08  0.223E-11  0.960E+08  0.175E-10
  0.980E+08  0.111E-09  0.100E+09  0.428E-09
BR79 
         884
           0
           9
  0.538E+08  0.000E+00  0.860E+08  0.167E-27  0.880E+08  0.211E-23
  0.900E+08  0.111E-20  0.920E+08  0.104E-18  0.940E+08  0.104E-16
  0.960E+08  0.425E-15  0.980E+08  0.890E-14  0.100E+09  0.912E-13
BR78 
         885
           0
           4
  0.646E+08  0.000E+00  0.960E+08  0.166E-29  0.980E+08  0.292E-25
  0.100E+09  0.847E-23
