         105
RU97 
          16
           0
          71
  0.103E+08  0.000E+00  0.105E+08  0.133E-02  0.110E+08  0.329E-01
  0.115E+08  0.172E+00  0.120E+08  0.384E+00  0.125E+08  0.607E+00
  0.130E+08  0.809E+00  0.135E+08  0.980E+00  0.140E+08  0.112E+01
  0.145E+08  0.123E+01  0.150E+08  0.129E+01  0.160E+08  0.137E+01
  0.170E+08  0.144E+01  0.180E+08  0.146E+01  0.190E+08  0.147E+01
  0.200E+08  0.142E+01  0.210E+08  0.128E+01  0.220E+08  0.983E+00
  0.230E+08  0.758E+00  0.240E+08  0.582E+00  0.250E+08  0.455E+00
  0.260E+08  0.366E+00  0.270E+08  0.305E+00  0.280E+08  0.262E+00
  0.290E+08  0.233E+00  0.300E+08  0.215E+00  0.310E+08  0.201E+00
  0.320E+08  0.190E+00  0.330E+08  0.178E+00  0.340E+08  0.170E+00
  0.350E+08  0.162E+00  0.360E+08  0.156E+00  0.370E+08  0.150E+00
  0.380E+08  0.145E+00  0.390E+08  0.140E+00  0.400E+08  0.137E+00
  0.410E+08  0.132E+00  0.420E+08  0.128E+00  0.430E+08  0.125E+00
  0.440E+08  0.122E+00  0.450E+08  0.119E+00  0.460E+08  0.116E+00
  0.470E+08  0.114E+00  0.480E+08  0.112E+00  0.490E+08  0.108E+00
  0.500E+08  0.105E+00  0.520E+08  0.101E+00  0.540E+08  0.974E-01
  0.560E+08  0.952E-01  0.580E+08  0.930E-01  0.600E+08  0.907E-01
  0.620E+08  0.885E-01  0.640E+08  0.856E-01  0.660E+08  0.832E-01
  0.680E+08  0.801E-01  0.700E+08  0.776E-01  0.720E+08  0.752E-01
  0.740E+08  0.729E-01  0.760E+08  0.706E-01  0.780E+08  0.684E-01
  0.800E+08  0.662E-01  0.820E+08  0.639E-01  0.840E+08  0.621E-01
  0.860E+08  0.606E-01  0.880E+08  0.581E-01  0.900E+08  0.556E-01
  0.920E+08  0.541E-01  0.940E+08  0.527E-01  0.960E+08  0.510E-01
  0.980E+08  0.497E-01  0.100E+09  0.499E-01
RU96 
          17
           0
          57
  0.185E+08  0.000E+00  0.200E+08  0.457E-01  0.210E+08  0.158E+00
  0.220E+08  0.430E+00  0.230E+08  0.628E+00  0.240E+08  0.777E+00
  0.250E+08  0.876E+00  0.260E+08  0.933E+00  0.270E+08  0.965E+00
  0.280E+08  0.973E+00  0.290E+08  0.973E+00  0.300E+08  0.957E+00
  0.310E+08  0.934E+00  0.320E+08  0.905E+00  0.330E+08  0.875E+00
  0.340E+08  0.837E+00  0.350E+08  0.779E+00  0.360E+08  0.713E+00
  0.370E+08  0.646E+00  0.380E+08  0.580E+00  0.390E+08  0.522E+00
  0.400E+08  0.472E+00  0.410E+08  0.420E+00  0.420E+08  0.380E+00
  0.430E+08  0.348E+00  0.440E+08  0.323E+00  0.450E+08  0.299E+00
  0.460E+08  0.279E+00  0.470E+08  0.263E+00  0.480E+08  0.248E+00
  0.490E+08  0.235E+00  0.500E+08  0.220E+00  0.520E+08  0.202E+00
  0.540E+08  0.187E+00  0.560E+08  0.182E+00  0.580E+08  0.170E+00
  0.600E+08  0.161E+00  0.620E+08  0.154E+00  0.640E+08  0.147E+00
  0.660E+08  0.141E+00  0.680E+08  0.134E+00  0.700E+08  0.121E+00
  0.720E+08  0.116E+00  0.740E+08  0.111E+00  0.760E+08  0.106E+00
  0.780E+08  0.102E+00  0.800E+08  0.996E-01  0.820E+08  0.976E-01
  0.840E+08  0.949E-01  0.860E+08  0.926E-01  0.880E+08  0.901E-01
  0.900E+08  0.876E-01  0.920E+08  0.855E-01  0.940E+08  0.834E-01
  0.960E+08  0.844E-01  0.980E+08  0.827E-01  0.100E+09  0.801E-01
RU95 
          37
           0
          47
  0.293E+08  0.000E+00  0.300E+08  0.208E-06  0.310E+08  0.580E-03
  0.320E+08  0.253E-02  0.330E+08  0.131E-01  0.340E+08  0.366E-01
  0.350E+08  0.726E-01  0.360E+08  0.116E+00  0.370E+08  0.163E+00
  0.380E+08  0.207E+00  0.390E+08  0.246E+00  0.400E+08  0.275E+00
  0.410E+08  0.297E+00  0.420E+08  0.311E+00  0.430E+08  0.321E+00
  0.440E+08  0.327E+00  0.450E+08  0.323E+00  0.460E+08  0.315E+00
  0.470E+08  0.305E+00  0.480E+08  0.289E+00  0.490E+08  0.286E+00
  0.500E+08  0.270E+00  0.520E+08  0.239E+00  0.540E+08  0.208E+00
  0.560E+08  0.176E+00  0.580E+08  0.145E+00  0.600E+08  0.131E+00
  0.620E+08  0.123E+00  0.640E+08  0.116E+00  0.660E+08  0.103E+00
  0.680E+08  0.952E-01  0.700E+08  0.913E-01  0.720E+08  0.875E-01
  0.740E+08  0.830E-01  0.760E+08  0.796E-01  0.780E+08  0.763E-01
  0.800E+08  0.735E-01  0.820E+08  0.713E-01  0.840E+08  0.687E-01
  0.860E+08  0.642E-01  0.880E+08  0.622E-01  0.900E+08  0.601E-01
  0.920E+08  0.588E-01  0.940E+08  0.575E-01  0.960E+08  0.533E-01
  0.980E+08  0.505E-01  0.100E+09  0.478E-01
TC98 
         103
           0
          83
  0.102E+07  0.000E+00  0.450E+07  0.147E-03  0.500E+07  0.701E-03
  0.550E+07  0.186E-02  0.600E+07  0.340E-02  0.650E+07  0.536E-02
  0.700E+07  0.775E-02  0.750E+07  0.106E-01  0.800E+07  0.140E-01
  0.850E+07  0.169E-01  0.900E+07  0.215E-01  0.950E+07  0.266E-01
  0.100E+08  0.325E-01  0.105E+08  0.388E-01  0.110E+08  0.456E-01
  0.115E+08  0.530E-01  0.120E+08  0.580E-01  0.125E+08  0.652E-01
  0.130E+08  0.718E-01  0.135E+08  0.779E-01  0.140E+08  0.806E-01
  0.145E+08  0.832E-01  0.150E+08  0.859E-01  0.160E+08  0.899E-01
  0.170E+08  0.882E-01  0.180E+08  0.895E-01  0.190E+08  0.887E-01
  0.200E+08  0.897E-01  0.210E+08  0.904E-01  0.220E+08  0.918E-01
  0.230E+08  0.922E-01  0.240E+08  0.923E-01  0.250E+08  0.922E-01
  0.260E+08  0.918E-01  0.270E+08  0.915E-01  0.280E+08  0.913E-01
  0.290E+08  0.910E-01  0.300E+08  0.899E-01  0.310E+08  0.887E-01
  0.320E+08  0.874E-01  0.330E+08  0.859E-01  0.340E+08  0.846E-01
  0.350E+08  0.834E-01  0.360E+08  0.823E-01  0.370E+08  0.811E-01
  0.380E+08  0.800E-01  0.390E+08  0.787E-01  0.400E+08  0.773E-01
  0.410E+08  0.760E-01  0.420E+08  0.747E-01  0.430E+08  0.733E-01
  0.440E+08  0.720E-01  0.450E+08  0.709E-01  0.460E+08  0.697E-01
  0.470E+08  0.686E-01  0.480E+08  0.675E-01  0.490E+08  0.667E-01
  0.500E+08  0.660E-01  0.520E+08  0.646E-01  0.540E+08  0.625E-01
  0.560E+08  0.604E-01  0.580E+08  0.585E-01  0.600E+08  0.568E-01
  0.620E+08  0.551E-01  0.640E+08  0.534E-01  0.660E+08  0.519E-01
  0.680E+08  0.503E-01  0.700E+08  0.488E-01  0.720E+08  0.475E-01
  0.740E+08  0.471E-01  0.760E+08  0.467E-01  0.780E+08  0.463E-01
  0.800E+08  0.459E-01  0.820E+08  0.454E-01  0.840E+08  0.450E-01
  0.860E+08  0.439E-01  0.880E+08  0.428E-01  0.900E+08  0.416E-01
  0.920E+08  0.407E-01  0.940E+08  0.397E-01  0.960E+08  0.388E-01
  0.980E+08  0.371E-01  0.100E+09  0.355E-01
MO97 
         111
           0
          71
  0.726E+07  0.000E+00  0.105E+08  0.476E-04  0.110E+08  0.101E-03
  0.115E+08  0.139E-03  0.120E+08  0.141E-03  0.125E+08  0.184E-03
  0.130E+08  0.233E-03  0.135E+08  0.279E-03  0.140E+08  0.340E-03
  0.145E+08  0.405E-03  0.150E+08  0.476E-03  0.160E+08  0.600E-03
  0.170E+08  0.691E-03  0.180E+08  0.884E-03  0.190E+08  0.110E-02
  0.200E+08  0.134E-02  0.210E+08  0.160E-02  0.220E+08  0.177E-02
  0.230E+08  0.209E-02  0.240E+08  0.244E-02  0.250E+08  0.279E-02
  0.260E+08  0.314E-02  0.270E+08  0.337E-02  0.280E+08  0.373E-02
  0.290E+08  0.404E-02  0.300E+08  0.443E-02  0.310E+08  0.485E-02
  0.320E+08  0.519E-02  0.330E+08  0.543E-02  0.340E+08  0.573E-02
  0.350E+08  0.594E-02  0.360E+08  0.608E-02  0.370E+08  0.617E-02
  0.380E+08  0.621E-02  0.390E+08  0.624E-02  0.400E+08  0.621E-02
  0.410E+08  0.616E-02  0.420E+08  0.614E-02  0.430E+08  0.613E-02
  0.440E+08  0.613E-02  0.450E+08  0.613E-02  0.460E+08  0.612E-02
  0.470E+08  0.612E-02  0.480E+08  0.610E-02  0.490E+08  0.594E-02
  0.500E+08  0.578E-02  0.520E+08  0.577E-02  0.540E+08  0.596E-02
  0.560E+08  0.614E-02  0.580E+08  0.613E-02  0.600E+08  0.612E-02
  0.620E+08  0.610E-02  0.640E+08  0.610E-02  0.660E+08  0.607E-02
  0.680E+08  0.606E-02  0.700E+08  0.605E-02  0.720E+08  0.619E-02
  0.740E+08  0.615E-02  0.760E+08  0.613E-02  0.780E+08  0.611E-02
  0.800E+08  0.609E-02  0.820E+08  0.577E-02  0.840E+08  0.574E-02
  0.860E+08  0.587E-02  0.880E+08  0.584E-02  0.900E+08  0.581E-02
  0.920E+08  0.578E-02  0.940E+08  0.575E-02  0.960E+08  0.571E-02
  0.980E+08  0.568E-02  0.100E+09  0.565E-02
RU94 
         121
           0
          37
  0.383E+08  0.000E+00  0.400E+08  0.665E-06  0.410E+08  0.101E-03
  0.420E+08  0.109E-02  0.430E+08  0.376E-02  0.440E+08  0.907E-02
  0.450E+08  0.171E-01  0.460E+08  0.260E-01  0.470E+08  0.376E-01
  0.480E+08  0.492E-01  0.490E+08  0.540E-01  0.500E+08  0.716E-01
  0.520E+08  0.986E-01  0.540E+08  0.109E+00  0.560E+08  0.108E+00
  0.580E+08  0.107E+00  0.600E+08  0.107E+00  0.620E+08  0.106E+00
  0.640E+08  0.105E+00  0.660E+08  0.993E-01  0.680E+08  0.950E-01
  0.700E+08  0.907E-01  0.720E+08  0.864E-01  0.740E+08  0.816E-01
  0.760E+08  0.757E-01  0.780E+08  0.724E-01  0.800E+08  0.691E-01
  0.820E+08  0.658E-01  0.840E+08  0.625E-01  0.860E+08  0.587E-01
  0.880E+08  0.562E-01  0.900E+08  0.538E-01  0.920E+08  0.513E-01
  0.940E+08  0.491E-01  0.960E+08  0.459E-01  0.980E+08  0.471E-01
  0.100E+09  0.460E-01
RU93 
         122
           0
          25
  0.518E+08  0.000E+00  0.540E+08  0.159E-08  0.560E+08  0.400E-06
  0.580E+08  0.647E-05  0.600E+08  0.378E-04  0.620E+08  0.131E-03
  0.640E+08  0.285E-03  0.660E+08  0.625E-03  0.680E+08  0.109E-02
  0.700E+08  0.184E-02  0.720E+08  0.238E-02  0.740E+08  0.249E-02
  0.760E+08  0.271E-02  0.780E+08  0.306E-02  0.800E+08  0.310E-02
  0.820E+08  0.321E-02  0.840E+08  0.288E-02  0.860E+08  0.300E-02
  0.880E+08  0.301E-02  0.900E+08  0.294E-02  0.920E+08  0.285E-02
  0.940E+08  0.271E-02  0.960E+08  0.273E-02  0.980E+08  0.281E-02
  0.100E+09  0.284E-02
RU92 
         123
           0
          19
  0.629E+08  0.000E+00  0.660E+08  0.134E-10  0.680E+08  0.180E-08
  0.700E+08  0.114E-06  0.720E+08  0.590E-06  0.740E+08  0.205E-05
  0.760E+08  0.340E-05  0.780E+08  0.868E-05  0.800E+08  0.148E-04
  0.820E+08  0.306E-04  0.840E+08  0.500E-04  0.860E+08  0.789E-04
  0.880E+08  0.115E-03  0.900E+08  0.155E-03  0.920E+08  0.189E-03
  0.940E+08  0.201E-03  0.960E+08  0.221E-03  0.980E+08  0.257E-03
  0.100E+09  0.323E-03
RU91 
         124
           0
          12
  0.771E+08  0.000E+00  0.800E+08  0.107E-15  0.820E+08  0.113E-11
  0.840E+08  0.425E-10  0.860E+08  0.618E-09  0.880E+08  0.466E-08
  0.900E+08  0.253E-07  0.920E+08  0.878E-07  0.940E+08  0.153E-06
  0.960E+08  0.295E-06  0.980E+08  0.666E-06  0.100E+09  0.167E-05
RU90 
         125
           0
           6
  0.894E+08  0.000E+00  0.920E+08  0.391E-20  0.940E+08  0.349E-17
  0.960E+08  0.264E-15  0.980E+08  0.113E-13  0.100E+09  0.403E-12
TC97 
         153
           0
          73
  0.613E+07  0.000E+00  0.950E+07  0.126E-07  0.100E+08  0.145E-06
  0.105E+08  0.844E-06  0.110E+08  0.348E-05  0.115E+08  0.112E-04
  0.120E+08  0.298E-02  0.125E+08  0.438E-02  0.130E+08  0.645E-02
  0.135E+08  0.892E-02  0.140E+08  0.121E-01  0.145E+08  0.163E-01
  0.150E+08  0.209E-01  0.160E+08  0.318E-01  0.170E+08  0.416E-01
  0.180E+08  0.553E-01  0.190E+08  0.675E-01  0.200E+08  0.828E-01
  0.210E+08  0.101E+00  0.220E+08  0.116E+00  0.230E+08  0.132E+00
  0.240E+08  0.146E+00  0.250E+08  0.157E+00  0.260E+08  0.162E+00
  0.270E+08  0.162E+00  0.280E+08  0.160E+00  0.290E+08  0.156E+00
  0.300E+08  0.154E+00  0.310E+08  0.149E+00  0.320E+08  0.145E+00
  0.330E+08  0.144E+00  0.340E+08  0.143E+00  0.350E+08  0.142E+00
  0.360E+08  0.141E+00  0.370E+08  0.138E+00  0.380E+08  0.135E+00
  0.390E+08  0.133E+00  0.400E+08  0.130E+00  0.410E+08  0.128E+00
  0.420E+08  0.126E+00  0.430E+08  0.125E+00  0.440E+08  0.124E+00
  0.450E+08  0.123E+00  0.460E+08  0.121E+00  0.470E+08  0.120E+00
  0.480E+08  0.118E+00  0.490E+08  0.117E+00  0.500E+08  0.115E+00
  0.520E+08  0.112E+00  0.540E+08  0.109E+00  0.560E+08  0.107E+00
  0.580E+08  0.105E+00  0.600E+08  0.104E+00  0.620E+08  0.102E+00
  0.640E+08  0.101E+00  0.660E+08  0.999E-01  0.680E+08  0.985E-01
  0.700E+08  0.962E-01  0.720E+08  0.938E-01  0.740E+08  0.915E-01
  0.760E+08  0.891E-01  0.780E+08  0.868E-01  0.800E+08  0.901E-01
  0.820E+08  0.890E-01  0.840E+08  0.880E-01  0.860E+08  0.867E-01
  0.880E+08  0.860E-01  0.900E+08  0.853E-01  0.920E+08  0.846E-01
  0.940E+08  0.839E-01  0.960E+08  0.836E-01  0.980E+08  0.833E-01
  0.100E+09  0.823E-01
TC96 
         154
           0
          57
  0.157E+08  0.000E+00  0.200E+08  0.182E-05  0.210E+08  0.262E-04
  0.220E+08  0.186E-03  0.230E+08  0.129E-02  0.240E+08  0.479E-02
  0.250E+08  0.134E-01  0.260E+08  0.279E-01  0.270E+08  0.474E-01
  0.280E+08  0.697E-01  0.290E+08  0.887E-01  0.300E+08  0.109E+00
  0.310E+08  0.137E+00  0.320E+08  0.158E+00  0.330E+08  0.175E+00
  0.340E+08  0.182E+00  0.350E+08  0.192E+00  0.360E+08  0.196E+00
  0.370E+08  0.197E+00  0.380E+08  0.194E+00  0.390E+08  0.187E+00
  0.400E+08  0.180E+00  0.410E+08  0.177E+00  0.420E+08  0.173E+00
  0.430E+08  0.163E+00  0.440E+08  0.156E+00  0.450E+08  0.153E+00
  0.460E+08  0.150E+00  0.470E+08  0.148E+00  0.480E+08  0.146E+00
  0.490E+08  0.144E+00  0.500E+08  0.141E+00  0.520E+08  0.137E+00
  0.540E+08  0.133E+00  0.560E+08  0.126E+00  0.580E+08  0.121E+00
  0.600E+08  0.114E+00  0.620E+08  0.110E+00  0.640E+08  0.106E+00
  0.660E+08  0.103E+00  0.680E+08  0.100E+00  0.700E+08  0.964E-01
  0.720E+08  0.919E-01  0.740E+08  0.875E-01  0.760E+08  0.845E-01
  0.780E+08  0.814E-01  0.800E+08  0.784E-01  0.820E+08  0.773E-01
  0.840E+08  0.762E-01  0.860E+08  0.753E-01  0.880E+08  0.738E-01
  0.900E+08  0.719E-01  0.920E+08  0.758E-01  0.940E+08  0.748E-01
  0.960E+08  0.744E-01  0.980E+08  0.771E-01  0.100E+09  0.763E-01
TC95 
         155
           0
          50
  0.237E+08  0.000E+00  0.270E+08  0.768E-12  0.280E+08  0.351E-06
  0.290E+08  0.878E-05  0.300E+08  0.691E-04  0.310E+08  0.463E-03
  0.320E+08  0.164E-02  0.330E+08  0.487E-02  0.340E+08  0.983E-02
  0.350E+08  0.203E-01  0.360E+08  0.356E-01  0.370E+08  0.539E-01
  0.380E+08  0.758E-01  0.390E+08  0.100E+00  0.400E+08  0.126E+00
  0.410E+08  0.146E+00  0.420E+08  0.172E+00  0.430E+08  0.195E+00
  0.440E+08  0.208E+00  0.450E+08  0.222E+00  0.460E+08  0.234E+00
  0.470E+08  0.238E+00  0.480E+08  0.242E+00  0.490E+08  0.240E+00
  0.500E+08  0.239E+00  0.520E+08  0.237E+00  0.540E+08  0.234E+00
  0.560E+08  0.232E+00  0.580E+08  0.228E+00  0.600E+08  0.224E+00
  0.620E+08  0.220E+00  0.640E+08  0.214E+00  0.660E+08  0.209E+00
  0.680E+08  0.203E+00  0.700E+08  0.194E+00  0.720E+08  0.183E+00
  0.740E+08  0.174E+00  0.760E+08  0.168E+00  0.780E+08  0.162E+00
  0.800E+08  0.155E+00  0.820E+08  0.148E+00  0.840E+08  0.143E+00
  0.860E+08  0.130E+00  0.880E+08  0.125E+00  0.900E+08  0.120E+00
  0.920E+08  0.115E+00  0.940E+08  0.112E+00  0.960E+08  0.111E+00
  0.980E+08  0.113E+00  0.100E+09  0.111E+00
TC94 
         156
           0
          39
  0.337E+08  0.000E+00  0.380E+08  0.483E-08  0.390E+08  0.346E-06
  0.400E+08  0.609E-05  0.410E+08  0.433E-04  0.420E+08  0.224E-03
  0.430E+08  0.806E-03  0.440E+08  0.222E-02  0.450E+08  0.511E-02
  0.460E+08  0.956E-02  0.470E+08  0.168E-01  0.480E+08  0.268E-01
  0.490E+08  0.297E-01  0.500E+08  0.435E-01  0.520E+08  0.711E-01
  0.540E+08  0.988E-01  0.560E+08  0.126E+00  0.580E+08  0.154E+00
  0.600E+08  0.166E+00  0.620E+08  0.174E+00  0.640E+08  0.182E+00
  0.660E+08  0.185E+00  0.680E+08  0.188E+00  0.700E+08  0.187E+00
  0.720E+08  0.185E+00  0.740E+08  0.184E+00  0.760E+08  0.182E+00
  0.780E+08  0.180E+00  0.800E+08  0.177E+00  0.820E+08  0.175E+00
  0.840E+08  0.172E+00  0.860E+08  0.169E+00  0.880E+08  0.166E+00
  0.900E+08  0.161E+00  0.920E+08  0.146E+00  0.940E+08  0.139E+00
  0.960E+08  0.132E+00  0.980E+08  0.125E+00  0.100E+09  0.121E+00
TC93 
         157
           0
          31
  0.424E+08  0.000E+00  0.460E+08  0.105E-11  0.470E+08  0.124E-08
  0.480E+08  0.566E-07  0.490E+08  0.720E-06  0.500E+08  0.101E-04
  0.520E+08  0.142E-03  0.540E+08  0.904E-03  0.560E+08  0.309E-02
  0.580E+08  0.860E-02  0.600E+08  0.184E-01  0.620E+08  0.302E-01
  0.640E+08  0.493E-01  0.660E+08  0.681E-01  0.680E+08  0.810E-01
  0.700E+08  0.104E+00  0.720E+08  0.122E+00  0.740E+08  0.140E+00
  0.760E+08  0.141E+00  0.780E+08  0.142E+00  0.800E+08  0.142E+00
  0.820E+08  0.143E+00  0.840E+08  0.144E+00  0.860E+08  0.144E+00
  0.880E+08  0.145E+00  0.900E+08  0.145E+00  0.920E+08  0.146E+00
  0.940E+08  0.148E+00  0.960E+08  0.143E+00  0.980E+08  0.142E+00
  0.100E+09  0.141E+00
TC92 
         158
           0
          22
  0.553E+08  0.000E+00  0.600E+08  0.257E-11  0.620E+08  0.153E-09
  0.640E+08  0.259E-07  0.660E+08  0.905E-06  0.680E+08  0.857E-05
  0.700E+08  0.983E-04  0.720E+08  0.294E-03  0.740E+08  0.743E-03
  0.760E+08  0.116E-02  0.780E+08  0.229E-02  0.800E+08  0.419E-02
  0.820E+08  0.635E-02  0.840E+08  0.866E-02  0.860E+08  0.114E-01
  0.880E+08  0.144E-01  0.900E+08  0.166E-01  0.920E+08  0.176E-01
  0.940E+08  0.187E-01  0.960E+08  0.193E-01  0.980E+08  0.199E-01
  0.100E+09  0.204E-01
TC91 
         159
           0
          16
  0.664E+08  0.000E+00  0.720E+08  0.129E-13  0.740E+08  0.932E-11
  0.760E+08  0.267E-09  0.780E+08  0.910E-08  0.800E+08  0.170E-06
  0.820E+08  0.889E-06  0.840E+08  0.376E-05  0.860E+08  0.146E-04
  0.880E+08  0.391E-04  0.900E+08  0.828E-04  0.920E+08  0.177E-03
  0.940E+08  0.294E-03  0.960E+08  0.426E-03  0.980E+08  0.633E-03
  0.100E+09  0.972E-03
TC90 
         160
           0
           9
  0.796E+08  0.000E+00  0.860E+08  0.893E-16  0.880E+08  0.104E-12
  0.900E+08  0.131E-10  0.920E+08  0.426E-09  0.940E+08  0.432E-08
  0.960E+08  0.249E-07  0.980E+08  0.116E-06  0.100E+09  0.636E-06
TC89 
         161
           0
           4
  0.912E+08  0.000E+00  0.960E+08  0.407E-20  0.980E+08  0.273E-17
  0.100E+09  0.519E-14
MO96 
         174
           0
          58
  0.119E+08  0.000E+00  0.190E+08  0.254E-09  0.200E+08  0.486E-08
  0.210E+08  0.576E-07  0.220E+08  0.707E-06  0.230E+08  0.452E-05
  0.240E+08  0.179E-04  0.250E+08  0.507E-04  0.260E+08  0.113E-03
  0.270E+08  0.214E-03  0.280E+08  0.355E-03  0.290E+08  0.478E-03
  0.300E+08  0.636E-03  0.310E+08  0.960E-03  0.320E+08  0.117E-02
  0.330E+08  0.153E-02  0.340E+08  0.205E-02  0.350E+08  0.264E-02
  0.360E+08  0.332E-02  0.370E+08  0.405E-02  0.380E+08  0.478E-02
  0.390E+08  0.531E-02  0.400E+08  0.570E-02  0.410E+08  0.639E-02
  0.420E+08  0.676E-02  0.430E+08  0.713E-02  0.440E+08  0.750E-02
  0.450E+08  0.786E-02  0.460E+08  0.821E-02  0.470E+08  0.857E-02
  0.480E+08  0.892E-02  0.490E+08  0.928E-02  0.500E+08  0.957E-02
  0.520E+08  0.993E-02  0.540E+08  0.972E-02  0.560E+08  0.949E-02
  0.580E+08  0.930E-02  0.600E+08  0.921E-02  0.620E+08  0.899E-02
  0.640E+08  0.868E-02  0.660E+08  0.844E-02  0.680E+08  0.826E-02
  0.700E+08  0.828E-02  0.720E+08  0.798E-02  0.740E+08  0.806E-02
  0.760E+08  0.814E-02  0.780E+08  0.808E-02  0.800E+08  0.811E-02
  0.820E+08  0.810E-02  0.840E+08  0.792E-02  0.860E+08  0.771E-02
  0.880E+08  0.769E-02  0.900E+08  0.805E-02  0.920E+08  0.800E-02
  0.940E+08  0.786E-02  0.960E+08  0.781E-02  0.980E+08  0.726E-02
  0.100E+09  0.721E-02
MO95 
         175
           0
          87
  0.100E-04  0.000E+00  0.250E+07  0.131E-04  0.300E+07  0.101E-03
  0.350E+07  0.235E-03  0.400E+07  0.422E-03  0.450E+07  0.669E-03
  0.500E+07  0.981E-03  0.550E+07  0.154E-02  0.600E+07  0.209E-02
  0.650E+07  0.265E-02  0.700E+07  0.329E-02  0.750E+07  0.401E-02
  0.800E+07  0.484E-02  0.850E+07  0.545E-02  0.900E+07  0.605E-02
  0.950E+07  0.723E-02  0.100E+08  0.856E-02  0.105E+08  0.100E-01
  0.110E+08  0.116E-01  0.115E+08  0.132E-01  0.120E+08  0.147E-01
  0.125E+08  0.163E-01  0.130E+08  0.177E-01  0.135E+08  0.182E-01
  0.140E+08  0.185E-01  0.145E+08  0.185E-01  0.150E+08  0.182E-01
  0.160E+08  0.171E-01  0.170E+08  0.160E-01  0.180E+08  0.148E-01
  0.190E+08  0.137E-01  0.200E+08  0.126E-01  0.210E+08  0.115E-01
  0.220E+08  0.104E-01  0.230E+08  0.933E-02  0.240E+08  0.884E-02
  0.250E+08  0.818E-02  0.260E+08  0.756E-02  0.270E+08  0.715E-02
  0.280E+08  0.673E-02  0.290E+08  0.618E-02  0.300E+08  0.564E-02
  0.310E+08  0.515E-02  0.320E+08  0.472E-02  0.330E+08  0.433E-02
  0.340E+08  0.375E-02  0.350E+08  0.319E-02  0.360E+08  0.262E-02
  0.370E+08  0.206E-02  0.380E+08  0.226E-02  0.390E+08  0.283E-02
  0.400E+08  0.345E-02  0.410E+08  0.433E-02  0.420E+08  0.526E-02
  0.430E+08  0.642E-02  0.440E+08  0.733E-02  0.450E+08  0.840E-02
  0.460E+08  0.939E-02  0.470E+08  0.108E-01  0.480E+08  0.116E-01
  0.490E+08  0.114E-01  0.500E+08  0.119E-01  0.520E+08  0.130E-01
  0.540E+08  0.139E-01  0.560E+08  0.147E-01  0.580E+08  0.156E-01
  0.600E+08  0.160E-01  0.620E+08  0.161E-01  0.640E+08  0.162E-01
  0.660E+08  0.165E-01  0.680E+08  0.166E-01  0.700E+08  0.163E-01
  0.720E+08  0.160E-01  0.740E+08  0.156E-01  0.760E+08  0.151E-01
  0.780E+08  0.145E-01  0.800E+08  0.138E-01  0.820E+08  0.135E-01
  0.840E+08  0.132E-01  0.860E+08  0.128E-01  0.880E+08  0.125E-01
  0.900E+08  0.122E-01  0.920E+08  0.122E-01  0.940E+08  0.117E-01
  0.960E+08  0.113E-01  0.980E+08  0.108E-01  0.100E+09  0.106E-01
MO94 
         176
           0
          72
  0.226E+07  0.000E+00  0.100E+08  0.188E-05  0.105E+08  0.376E-04
  0.110E+08  0.134E-03  0.115E+08  0.322E-03  0.120E+08  0.593E-03
  0.125E+08  0.961E-03  0.130E+08  0.163E-02  0.135E+08  0.280E-02
  0.140E+08  0.414E-02  0.145E+08  0.581E-02  0.150E+08  0.773E-02
  0.160E+08  0.126E-01  0.170E+08  0.170E-01  0.180E+08  0.216E-01
  0.190E+08  0.263E-01  0.200E+08  0.312E-01  0.210E+08  0.375E-01
  0.220E+08  0.429E-01  0.230E+08  0.472E-01  0.240E+08  0.489E-01
  0.250E+08  0.509E-01  0.260E+08  0.507E-01  0.270E+08  0.486E-01
  0.280E+08  0.448E-01  0.290E+08  0.410E-01  0.300E+08  0.365E-01
  0.310E+08  0.326E-01  0.320E+08  0.291E-01  0.330E+08  0.257E-01
  0.340E+08  0.222E-01  0.350E+08  0.199E-01  0.360E+08  0.180E-01
  0.370E+08  0.150E-01  0.380E+08  0.137E-01  0.390E+08  0.128E-01
  0.400E+08  0.119E-01  0.410E+08  0.110E-01  0.420E+08  0.102E-01
  0.430E+08  0.967E-02  0.440E+08  0.908E-02  0.450E+08  0.872E-02
  0.460E+08  0.866E-02  0.470E+08  0.873E-02  0.480E+08  0.922E-02
  0.490E+08  0.977E-02  0.500E+08  0.114E-01  0.520E+08  0.145E-01
  0.540E+08  0.182E-01  0.560E+08  0.218E-01  0.580E+08  0.254E-01
  0.600E+08  0.287E-01  0.620E+08  0.324E-01  0.640E+08  0.369E-01
  0.660E+08  0.396E-01  0.680E+08  0.423E-01  0.700E+08  0.431E-01
  0.720E+08  0.442E-01  0.740E+08  0.453E-01  0.760E+08  0.429E-01
  0.780E+08  0.442E-01  0.800E+08  0.442E-01  0.820E+08  0.437E-01
  0.840E+08  0.437E-01  0.860E+08  0.436E-01  0.880E+08  0.436E-01
  0.900E+08  0.435E-01  0.920E+08  0.435E-01  0.940E+08  0.425E-01
  0.960E+08  0.418E-01  0.980E+08  0.406E-01  0.100E+09  0.394E-01
MO93 
         177
           0
          57
  0.120E+08  0.000E+00  0.200E+08  0.323E-06  0.210E+08  0.305E-04
  0.220E+08  0.283E-03  0.230E+08  0.964E-03  0.240E+08  0.263E-02
  0.250E+08  0.604E-02  0.260E+08  0.117E-01  0.270E+08  0.176E-01
  0.280E+08  0.264E-01  0.290E+08  0.345E-01  0.300E+08  0.428E-01
  0.310E+08  0.536E-01  0.320E+08  0.622E-01  0.330E+08  0.690E-01
  0.340E+08  0.731E-01  0.350E+08  0.757E-01  0.360E+08  0.757E-01
  0.370E+08  0.713E-01  0.380E+08  0.673E-01  0.390E+08  0.620E-01
  0.400E+08  0.561E-01  0.410E+08  0.517E-01  0.420E+08  0.468E-01
  0.430E+08  0.429E-01  0.440E+08  0.384E-01  0.450E+08  0.346E-01
  0.460E+08  0.316E-01  0.470E+08  0.284E-01  0.480E+08  0.259E-01
  0.490E+08  0.239E-01  0.500E+08  0.218E-01  0.520E+08  0.192E-01
  0.540E+08  0.164E-01  0.560E+08  0.155E-01  0.580E+08  0.168E-01
  0.600E+08  0.179E-01  0.620E+08  0.190E-01  0.640E+08  0.220E-01
  0.660E+08  0.273E-01  0.680E+08  0.325E-01  0.700E+08  0.378E-01
  0.720E+08  0.430E-01  0.740E+08  0.483E-01  0.760E+08  0.536E-01
  0.780E+08  0.588E-01  0.800E+08  0.641E-01  0.820E+08  0.645E-01
  0.840E+08  0.653E-01  0.860E+08  0.660E-01  0.880E+08  0.667E-01
  0.900E+08  0.677E-01  0.920E+08  0.688E-01  0.940E+08  0.693E-01
  0.960E+08  0.698E-01  0.980E+08  0.704E-01  0.100E+09  0.709E-01
MO92 
         178
           0
          49
  0.202E+08  0.000E+00  0.280E+08  0.130E-08  0.290E+08  0.162E-05
  0.300E+08  0.141E-04  0.310E+08  0.113E-03  0.320E+08  0.381E-03
  0.330E+08  0.994E-03  0.340E+08  0.283E-02  0.350E+08  0.622E-02
  0.360E+08  0.116E-01  0.370E+08  0.198E-01  0.380E+08  0.281E-01
  0.390E+08  0.350E-01  0.400E+08  0.452E-01  0.410E+08  0.553E-01
  0.420E+08  0.646E-01  0.430E+08  0.706E-01  0.440E+08  0.765E-01
  0.450E+08  0.821E-01  0.460E+08  0.864E-01  0.470E+08  0.883E-01
  0.480E+08  0.918E-01  0.490E+08  0.938E-01  0.500E+08  0.980E-01
  0.520E+08  0.961E-01  0.540E+08  0.934E-01  0.560E+08  0.906E-01
  0.580E+08  0.856E-01  0.600E+08  0.807E-01  0.620E+08  0.757E-01
  0.640E+08  0.707E-01  0.660E+08  0.657E-01  0.680E+08  0.608E-01
  0.700E+08  0.558E-01  0.720E+08  0.508E-01  0.740E+08  0.527E-01
  0.760E+08  0.582E-01  0.780E+08  0.657E-01  0.800E+08  0.804E-01
  0.820E+08  0.936E-01  0.840E+08  0.103E+00  0.860E+08  0.117E+00
  0.880E+08  0.124E+00  0.900E+08  0.133E+00  0.920E+08  0.142E+00
  0.940E+08  0.146E+00  0.960E+08  0.149E+00  0.980E+08  0.146E+00
  0.100E+09  0.149E+00
MO91 
         179
           0
          36
  0.330E+08  0.000E+00  0.410E+08  0.561E-13  0.420E+08  0.813E-09
  0.430E+08  0.235E-07  0.440E+08  0.221E-06  0.450E+08  0.981E-06
  0.460E+08  0.454E-05  0.470E+08  0.173E-04  0.480E+08  0.547E-04
  0.490E+08  0.796E-04  0.500E+08  0.259E-03  0.520E+08  0.156E-02
  0.540E+08  0.374E-02  0.560E+08  0.674E-02  0.580E+08  0.107E-01
  0.600E+08  0.156E-01  0.620E+08  0.212E-01  0.640E+08  0.260E-01
  0.660E+08  0.303E-01  0.680E+08  0.322E-01  0.700E+08  0.320E-01
  0.720E+08  0.317E-01  0.740E+08  0.314E-01  0.760E+08  0.305E-01
  0.780E+08  0.297E-01  0.800E+08  0.288E-01  0.820E+08  0.279E-01
  0.840E+08  0.271E-01  0.860E+08  0.262E-01  0.880E+08  0.253E-01
  0.900E+08  0.245E-01  0.920E+08  0.236E-01  0.940E+08  0.257E-01
  0.960E+08  0.281E-01  0.980E+08  0.310E-01  0.100E+09  0.343E-01
MO90 
         180
           0
          26
  0.432E+08  0.000E+00  0.520E+08  0.737E-11  0.540E+08  0.752E-08
  0.560E+08  0.247E-06  0.580E+08  0.424E-05  0.600E+08  0.243E-04
  0.620E+08  0.122E-03  0.640E+08  0.409E-03  0.660E+08  0.107E-02
  0.680E+08  0.203E-02  0.700E+08  0.302E-02  0.720E+08  0.455E-02
  0.740E+08  0.615E-02  0.760E+08  0.828E-02  0.780E+08  0.956E-02
  0.800E+08  0.108E-01  0.820E+08  0.121E-01  0.840E+08  0.134E-01
  0.860E+08  0.147E-01  0.880E+08  0.150E-01  0.900E+08  0.149E-01
  0.920E+08  0.149E-01  0.940E+08  0.148E-01  0.960E+08  0.148E-01
  0.980E+08  0.143E-01  0.100E+09  0.134E-01
MO89 
         181
           0
          18
  0.566E+08  0.000E+00  0.680E+08  0.108E-11  0.700E+08  0.283E-09
  0.720E+08  0.827E-08  0.740E+08  0.257E-06  0.760E+08  0.121E-05
  0.780E+08  0.431E-05  0.800E+08  0.148E-04  0.820E+08  0.488E-04
  0.840E+08  0.120E-03  0.860E+08  0.229E-03  0.880E+08  0.380E-03
  0.900E+08  0.567E-03  0.920E+08  0.825E-03  0.940E+08  0.109E-02
  0.960E+08  0.134E-02  0.980E+08  0.160E-02  0.100E+09  0.163E-02
MO88 
         182
           0
          14
  0.669E+08  0.000E+00  0.760E+08  0.736E-18  0.780E+08  0.233E-14
  0.800E+08  0.623E-12  0.820E+08  0.206E-10  0.840E+08  0.715E-09
  0.860E+08  0.847E-08  0.880E+08  0.565E-07  0.900E+08  0.302E-06
  0.920E+08  0.916E-06  0.940E+08  0.260E-05  0.960E+08  0.580E-05
  0.980E+08  0.122E-04  0.100E+09  0.314E-04
MO87 
         183
           0
           6
  0.809E+08  0.000E+00  0.920E+08  0.755E-17  0.940E+08  0.216E-14
  0.960E+08  0.667E-13  0.980E+08  0.232E-11  0.100E+09  0.485E-10
NB96 
         219
           0
          51
  0.166E+08  0.000E+00  0.260E+08  0.435E-14  0.270E+08  0.131E-11
  0.280E+08  0.258E-10  0.290E+08  0.826E-10  0.300E+08  0.608E-09
  0.310E+08  0.230E-08  0.320E+08  0.744E-08  0.330E+08  0.214E-07
  0.340E+08  0.523E-07  0.350E+08  0.112E-06  0.360E+08  0.218E-06
  0.370E+08  0.391E-06  0.380E+08  0.656E-06  0.390E+08  0.935E-06
  0.400E+08  0.156E-05  0.410E+08  0.248E-05  0.420E+08  0.299E-05
  0.430E+08  0.365E-05  0.440E+08  0.428E-05  0.450E+08  0.480E-05
  0.460E+08  0.520E-05  0.470E+08  0.549E-05  0.480E+08  0.613E-05
  0.490E+08  0.675E-05  0.500E+08  0.695E-05  0.520E+08  0.739E-05
  0.540E+08  0.791E-05  0.560E+08  0.944E-05  0.580E+08  0.949E-05
  0.600E+08  0.106E-04  0.620E+08  0.113E-04  0.640E+08  0.111E-04
  0.660E+08  0.110E-04  0.680E+08  0.108E-04  0.700E+08  0.105E-04
  0.720E+08  0.101E-04  0.740E+08  0.117E-04  0.760E+08  0.112E-04
  0.780E+08  0.108E-04  0.800E+08  0.105E-04  0.820E+08  0.101E-04
  0.840E+08  0.116E-04  0.860E+08  0.114E-04  0.880E+08  0.110E-04
  0.900E+08  0.109E-04  0.920E+08  0.106E-04  0.940E+08  0.101E-04
  0.960E+08  0.992E-05  0.980E+08  0.971E-05  0.100E+09  0.960E-05
NB95 
         220
           0
          46
  0.213E+08  0.000E+00  0.310E+08  0.190E-16  0.320E+08  0.822E-14
  0.330E+08  0.267E-12  0.340E+08  0.434E-11  0.350E+08  0.431E-10
  0.360E+08  0.354E-09  0.370E+08  0.223E-08  0.380E+08  0.107E-07
  0.390E+08  0.565E-07  0.400E+08  0.146E-06  0.410E+08  0.473E-06
  0.420E+08  0.963E-06  0.430E+08  0.185E-05  0.440E+08  0.331E-05
  0.450E+08  0.540E-05  0.460E+08  0.827E-05  0.470E+08  0.120E-04
  0.480E+08  0.163E-04  0.490E+08  0.223E-04  0.500E+08  0.292E-04
  0.520E+08  0.449E-04  0.540E+08  0.607E-04  0.560E+08  0.714E-04
  0.580E+08  0.829E-04  0.600E+08  0.950E-04  0.620E+08  0.105E-03
  0.640E+08  0.112E-03  0.660E+08  0.118E-03  0.680E+08  0.127E-03
  0.700E+08  0.125E-03  0.720E+08  0.136E-03  0.740E+08  0.138E-03
  0.760E+08  0.162E-03  0.780E+08  0.171E-03  0.800E+08  0.180E-03
  0.820E+08  0.184E-03  0.840E+08  0.189E-03  0.860E+08  0.188E-03
  0.880E+08  0.186E-03  0.900E+08  0.185E-03  0.920E+08  0.181E-03
  0.940E+08  0.191E-03  0.960E+08  0.186E-03  0.980E+08  0.183E-03
  0.100E+09  0.178E-03
NB94 
         221
           0
          63
  0.354E+07  0.000E+00  0.145E+08  0.900E-09  0.150E+08  0.882E-08
  0.160E+08  0.119E-06  0.170E+08  0.648E-06  0.180E+08  0.254E-05
  0.190E+08  0.756E-05  0.200E+08  0.174E-04  0.210E+08  0.293E-04
  0.220E+08  0.573E-04  0.230E+08  0.907E-04  0.240E+08  0.137E-03
  0.250E+08  0.201E-03  0.260E+08  0.279E-03  0.270E+08  0.386E-03
  0.280E+08  0.475E-03  0.290E+08  0.533E-03  0.300E+08  0.580E-03
  0.310E+08  0.532E-03  0.320E+08  0.515E-03  0.330E+08  0.483E-03
  0.340E+08  0.433E-03  0.350E+08  0.395E-03  0.360E+08  0.360E-03
  0.370E+08  0.344E-03  0.380E+08  0.343E-03  0.390E+08  0.314E-03
  0.400E+08  0.306E-03  0.410E+08  0.277E-03  0.420E+08  0.261E-03
  0.430E+08  0.249E-03  0.440E+08  0.236E-03  0.450E+08  0.224E-03
  0.460E+08  0.213E-03  0.470E+08  0.209E-03  0.480E+08  0.201E-03
  0.490E+08  0.205E-03  0.500E+08  0.165E-03  0.520E+08  0.160E-03
  0.540E+08  0.160E-03  0.560E+08  0.158E-03  0.580E+08  0.183E-03
  0.600E+08  0.229E-03  0.620E+08  0.303E-03  0.640E+08  0.392E-03
  0.660E+08  0.451E-03  0.680E+08  0.526E-03  0.700E+08  0.588E-03
  0.720E+08  0.652E-03  0.740E+08  0.642E-03  0.760E+08  0.652E-03
  0.780E+08  0.663E-03  0.800E+08  0.686E-03  0.820E+08  0.728E-03
  0.840E+08  0.808E-03  0.860E+08  0.801E-03  0.880E+08  0.841E-03
  0.900E+08  0.889E-03  0.920E+08  0.960E-03  0.940E+08  0.984E-03
  0.960E+08  0.103E-02  0.980E+08  0.108E-02  0.100E+09  0.994E-03
NB93 
         222
           0
          57
  0.859E+07  0.000E+00  0.200E+08  0.161E-10  0.210E+08  0.361E-09
  0.220E+08  0.406E-08  0.230E+08  0.545E-07  0.240E+08  0.450E-06
  0.250E+08  0.241E-05  0.260E+08  0.949E-05  0.270E+08  0.302E-04
  0.280E+08  0.756E-04  0.290E+08  0.152E-03  0.300E+08  0.290E-03
  0.310E+08  0.524E-03  0.320E+08  0.791E-03  0.330E+08  0.111E-02
  0.340E+08  0.149E-02  0.350E+08  0.189E-02  0.360E+08  0.232E-02
  0.370E+08  0.286E-02  0.380E+08  0.321E-02  0.390E+08  0.368E-02
  0.400E+08  0.404E-02  0.410E+08  0.421E-02  0.420E+08  0.438E-02
  0.430E+08  0.441E-02  0.440E+08  0.437E-02  0.450E+08  0.427E-02
  0.460E+08  0.411E-02  0.470E+08  0.399E-02  0.480E+08  0.367E-02
  0.490E+08  0.334E-02  0.500E+08  0.302E-02  0.520E+08  0.287E-02
  0.540E+08  0.272E-02  0.560E+08  0.241E-02  0.580E+08  0.220E-02
  0.600E+08  0.207E-02  0.620E+08  0.189E-02  0.640E+08  0.177E-02
  0.660E+08  0.170E-02  0.680E+08  0.174E-02  0.700E+08  0.194E-02
  0.720E+08  0.221E-02  0.740E+08  0.239E-02  0.760E+08  0.264E-02
  0.780E+08  0.276E-02  0.800E+08  0.309E-02  0.820E+08  0.342E-02
  0.840E+08  0.342E-02  0.860E+08  0.340E-02  0.880E+08  0.350E-02
  0.900E+08  0.352E-02  0.920E+08  0.359E-02  0.940E+08  0.350E-02
  0.960E+08  0.340E-02  0.980E+08  0.344E-02  0.100E+09  0.365E-02
NB92 
         223
           0
          48
  0.175E+08  0.000E+00  0.290E+08  0.514E-10  0.300E+08  0.173E-08
  0.310E+08  0.312E-07  0.320E+08  0.199E-06  0.330E+08  0.959E-06
  0.340E+08  0.358E-05  0.350E+08  0.904E-05  0.360E+08  0.285E-04
  0.370E+08  0.840E-04  0.380E+08  0.181E-03  0.390E+08  0.397E-03
  0.400E+08  0.776E-03  0.410E+08  0.129E-02  0.420E+08  0.210E-02
  0.430E+08  0.312E-02  0.440E+08  0.432E-02  0.450E+08  0.536E-02
  0.460E+08  0.670E-02  0.470E+08  0.826E-02  0.480E+08  0.969E-02
  0.490E+08  0.111E-01  0.500E+08  0.115E-01  0.520E+08  0.129E-01
  0.540E+08  0.134E-01  0.560E+08  0.133E-01  0.580E+08  0.132E-01
  0.600E+08  0.129E-01  0.620E+08  0.126E-01  0.640E+08  0.118E-01
  0.660E+08  0.111E-01  0.680E+08  0.106E-01  0.700E+08  0.104E-01
  0.720E+08  0.101E-01  0.740E+08  0.961E-02  0.760E+08  0.929E-02
  0.780E+08  0.902E-02  0.800E+08  0.874E-02  0.820E+08  0.912E-02
  0.840E+08  0.947E-02  0.860E+08  0.101E-01  0.880E+08  0.112E-01
  0.900E+08  0.117E-01  0.920E+08  0.122E-01  0.940E+08  0.123E-01
  0.960E+08  0.124E-01  0.980E+08  0.125E-01  0.100E+09  0.116E-01
NB91 
         224
           0
          40
  0.255E+08  0.000E+00  0.370E+08  0.274E-11  0.380E+08  0.275E-09
  0.390E+08  0.540E-08  0.400E+08  0.532E-07  0.410E+08  0.304E-06
  0.420E+08  0.139E-05  0.430E+08  0.530E-05  0.440E+08  0.168E-04
  0.450E+08  0.537E-04  0.460E+08  0.126E-03  0.470E+08  0.242E-03
  0.480E+08  0.532E-03  0.490E+08  0.105E-02  0.500E+08  0.219E-02
  0.520E+08  0.528E-02  0.540E+08  0.993E-02  0.560E+08  0.156E-01
  0.580E+08  0.224E-01  0.600E+08  0.305E-01  0.620E+08  0.347E-01
  0.640E+08  0.422E-01  0.660E+08  0.489E-01  0.680E+08  0.545E-01
  0.700E+08  0.582E-01  0.720E+08  0.583E-01  0.740E+08  0.584E-01
  0.760E+08  0.588E-01  0.780E+08  0.579E-01  0.800E+08  0.565E-01
  0.820E+08  0.548E-01  0.840E+08  0.527E-01  0.860E+08  0.522E-01
  0.880E+08  0.520E-01  0.900E+08  0.513E-01  0.920E+08  0.507E-01
  0.940E+08  0.500E-01  0.960E+08  0.519E-01  0.980E+08  0.543E-01
  0.100E+09  0.570E-01
NB90 
         225
           0
          27
  0.376E+08  0.000E+00  0.500E+08  0.934E-12  0.520E+08  0.518E-09
  0.540E+08  0.614E-07  0.560E+08  0.703E-06  0.580E+08  0.906E-05
  0.600E+08  0.640E-04  0.620E+08  0.307E-03  0.640E+08  0.110E-02
  0.660E+08  0.269E-02  0.680E+08  0.555E-02  0.700E+08  0.974E-02
  0.720E+08  0.153E-01  0.740E+08  0.217E-01  0.760E+08  0.268E-01
  0.780E+08  0.329E-01  0.800E+08  0.395E-01  0.820E+08  0.432E-01
  0.840E+08  0.471E-01  0.860E+08  0.487E-01  0.880E+08  0.504E-01
  0.900E+08  0.512E-01  0.920E+08  0.502E-01  0.940E+08  0.489E-01
  0.960E+08  0.472E-01  0.980E+08  0.448E-01  0.100E+09  0.425E-01
NB89 
         226
           0
          22
  0.479E+08  0.000E+00  0.600E+08  0.173E-13  0.620E+08  0.118E-10
  0.640E+08  0.130E-08  0.660E+08  0.364E-07  0.680E+08  0.514E-06
  0.700E+08  0.360E-05  0.720E+08  0.201E-04  0.740E+08  0.100E-03
  0.760E+08  0.196E-03  0.780E+08  0.548E-03  0.800E+08  0.123E-02
  0.820E+08  0.232E-02  0.840E+08  0.407E-02  0.860E+08  0.621E-02
  0.880E+08  0.937E-02  0.900E+08  0.127E-01  0.920E+08  0.164E-01
  0.940E+08  0.206E-01  0.960E+08  0.233E-01  0.980E+08  0.259E-01
  0.100E+09  0.304E-01
NB88 
         227
           0
          15
  0.602E+08  0.000E+00  0.740E+08  0.102E-14  0.760E+08  0.132E-12
  0.780E+08  0.189E-10  0.800E+08  0.802E-09  0.820E+08  0.190E-07
  0.840E+08  0.241E-06  0.860E+08  0.189E-05  0.880E+08  0.911E-05
  0.900E+08  0.393E-04  0.920E+08  0.113E-03  0.940E+08  0.277E-03
  0.960E+08  0.533E-03  0.980E+08  0.100E-02  0.100E+09  0.188E-02
NB87 
         228
           0
          10
  0.707E+08  0.000E+00  0.840E+08  0.209E-17  0.860E+08  0.364E-14
  0.880E+08  0.411E-13  0.900E+08  0.612E-11  0.920E+08  0.292E-09
  0.940E+08  0.442E-08  0.960E+08  0.351E-07  0.980E+08  0.178E-06
  0.100E+09  0.136E-05
NB86 
         229
           0
           4
  0.835E+08  0.000E+00  0.960E+08  0.440E-22  0.980E+08  0.382E-18
  0.100E+09  0.100E-14
ZR95 
         254
           0
          40
  0.239E+08  0.000E+00  0.370E+08  0.721E-20  0.380E+08  0.615E-17
  0.390E+08  0.710E-15  0.400E+08  0.109E-13  0.410E+08  0.131E-12
  0.420E+08  0.640E-12  0.430E+08  0.262E-11  0.440E+08  0.901E-11
  0.450E+08  0.265E-10  0.460E+08  0.523E-10  0.470E+08  0.126E-09
  0.480E+08  0.239E-09  0.490E+08  0.599E-09  0.500E+08  0.960E-09
  0.520E+08  0.290E-08  0.540E+08  0.691E-08  0.560E+08  0.130E-07
  0.580E+08  0.247E-07  0.600E+08  0.361E-07  0.620E+08  0.499E-07
  0.640E+08  0.628E-07  0.660E+08  0.810E-07  0.680E+08  0.889E-07
  0.700E+08  0.812E-07  0.720E+08  0.839E-07  0.740E+08  0.947E-07
  0.760E+08  0.989E-07  0.780E+08  0.106E-06  0.800E+08  0.100E-06
  0.820E+08  0.112E-06  0.840E+08  0.136E-06  0.860E+08  0.113E-06
  0.880E+08  0.120E-06  0.900E+08  0.107E-06  0.920E+08  0.109E-06
  0.940E+08  0.158E-06  0.960E+08  0.158E-06  0.980E+08  0.157E-06
  0.100E+09  0.135E-06
ZR94 
         255
           0
          36
  0.282E+08  0.000E+00  0.410E+08  0.105E-21  0.420E+08  0.592E-19
  0.430E+08  0.229E-17  0.440E+08  0.800E-16  0.450E+08  0.127E-14
  0.460E+08  0.162E-13  0.470E+08  0.151E-12  0.480E+08  0.749E-12
  0.490E+08  0.550E-11  0.500E+08  0.212E-10  0.520E+08  0.234E-09
  0.540E+08  0.149E-08  0.560E+08  0.506E-08  0.580E+08  0.230E-07
  0.600E+08  0.483E-07  0.620E+08  0.117E-06  0.640E+08  0.245E-06
  0.660E+08  0.495E-06  0.680E+08  0.825E-06  0.700E+08  0.116E-05
  0.720E+08  0.172E-05  0.740E+08  0.213E-05  0.760E+08  0.264E-05
  0.780E+08  0.306E-05  0.800E+08  0.316E-05  0.820E+08  0.346E-05
  0.840E+08  0.373E-05  0.860E+08  0.353E-05  0.880E+08  0.302E-05
  0.900E+08  0.285E-05  0.920E+08  0.296E-05  0.940E+08  0.316E-05
  0.960E+08  0.338E-05  0.980E+08  0.361E-05  0.100E+09  0.357E-05
ZR93 
         256
           0
          53
  0.101E+08  0.000E+00  0.240E+08  0.735E-14  0.250E+08  0.915E-12
  0.260E+08  0.155E-10  0.270E+08  0.754E-10  0.280E+08  0.483E-09
  0.290E+08  0.167E-08  0.300E+08  0.654E-08  0.310E+08  0.227E-07
  0.320E+08  0.577E-07  0.330E+08  0.132E-06  0.340E+08  0.285E-06
  0.350E+08  0.534E-06  0.360E+08  0.934E-06  0.370E+08  0.133E-05
  0.380E+08  0.229E-05  0.390E+08  0.344E-05  0.400E+08  0.475E-05
  0.410E+08  0.619E-05  0.420E+08  0.756E-05  0.430E+08  0.878E-05
  0.440E+08  0.990E-05  0.450E+08  0.108E-04  0.460E+08  0.116E-04
  0.470E+08  0.112E-04  0.480E+08  0.122E-04  0.490E+08  0.114E-04
  0.500E+08  0.109E-04  0.520E+08  0.918E-05  0.540E+08  0.995E-05
  0.560E+08  0.988E-05  0.580E+08  0.994E-05  0.600E+08  0.993E-05
  0.620E+08  0.857E-05  0.640E+08  0.917E-05  0.660E+08  0.876E-05
  0.680E+08  0.851E-05  0.700E+08  0.862E-05  0.720E+08  0.964E-05
  0.740E+08  0.110E-04  0.760E+08  0.123E-04  0.780E+08  0.165E-04
  0.800E+08  0.191E-04  0.820E+08  0.212E-04  0.840E+08  0.249E-04
  0.860E+08  0.279E-04  0.880E+08  0.299E-04  0.900E+08  0.312E-04
  0.920E+08  0.323E-04  0.940E+08  0.340E-04  0.960E+08  0.293E-04
  0.980E+08  0.296E-04  0.100E+09  0.284E-04
ZR92 
         257
           0
          48
  0.147E+08  0.000E+00  0.290E+08  0.152E-15  0.300E+08  0.126E-13
  0.310E+08  0.385E-12  0.320E+08  0.404E-11  0.330E+08  0.392E-10
  0.340E+08  0.230E-09  0.350E+08  0.150E-08  0.360E+08  0.743E-08
  0.370E+08  0.350E-07  0.380E+08  0.122E-06  0.390E+08  0.381E-06
  0.400E+08  0.885E-06  0.410E+08  0.189E-05  0.420E+08  0.362E-05
  0.430E+08  0.610E-05  0.440E+08  0.998E-05  0.450E+08  0.156E-04
  0.460E+08  0.227E-04  0.470E+08  0.289E-04  0.480E+08  0.417E-04
  0.490E+08  0.534E-04  0.500E+08  0.743E-04  0.520E+08  0.996E-04
  0.540E+08  0.139E-03  0.560E+08  0.164E-03  0.580E+08  0.184E-03
  0.600E+08  0.196E-03  0.620E+08  0.194E-03  0.640E+08  0.210E-03
  0.660E+08  0.232E-03  0.680E+08  0.228E-03  0.700E+08  0.226E-03
  0.720E+08  0.224E-03  0.740E+08  0.203E-03  0.760E+08  0.205E-03
  0.780E+08  0.197E-03  0.800E+08  0.200E-03  0.820E+08  0.189E-03
  0.840E+08  0.201E-03  0.860E+08  0.207E-03  0.880E+08  0.214E-03
  0.900E+08  0.229E-03  0.920E+08  0.230E-03  0.940E+08  0.252E-03
  0.960E+08  0.252E-03  0.980E+08  0.296E-03  0.100E+09  0.311E-03
ZR91 
         258
           0
          67
  0.100E-04  0.000E+00  0.125E+08  0.189E-09  0.130E+08  0.142E-08
  0.135E+08  0.690E-08  0.140E+08  0.194E-07  0.145E+08  0.468E-07
  0.150E+08  0.732E-07  0.160E+08  0.350E-06  0.170E+08  0.101E-05
  0.180E+08  0.288E-05  0.190E+08  0.600E-05  0.200E+08  0.873E-05
  0.210E+08  0.162E-04  0.220E+08  0.260E-04  0.230E+08  0.365E-04
  0.240E+08  0.497E-04  0.250E+08  0.689E-04  0.260E+08  0.908E-04
  0.270E+08  0.127E-03  0.280E+08  0.149E-03  0.290E+08  0.165E-03
  0.300E+08  0.142E-03  0.310E+08  0.143E-03  0.320E+08  0.134E-03
  0.330E+08  0.121E-03  0.340E+08  0.102E-03  0.350E+08  0.907E-04
  0.360E+08  0.803E-04  0.370E+08  0.786E-04  0.380E+08  0.702E-04
  0.390E+08  0.685E-04  0.400E+08  0.542E-04  0.410E+08  0.536E-04
  0.420E+08  0.485E-04  0.430E+08  0.450E-04  0.440E+08  0.409E-04
  0.450E+08  0.372E-04  0.460E+08  0.340E-04  0.470E+08  0.344E-04
  0.480E+08  0.320E-04  0.490E+08  0.243E-04  0.500E+08  0.253E-04
  0.520E+08  0.352E-04  0.540E+08  0.623E-04  0.560E+08  0.107E-03
  0.580E+08  0.191E-03  0.600E+08  0.314E-03  0.620E+08  0.496E-03
  0.640E+08  0.733E-03  0.660E+08  0.852E-03  0.680E+08  0.102E-02
  0.700E+08  0.113E-02  0.720E+08  0.125E-02  0.740E+08  0.126E-02
  0.760E+08  0.134E-02  0.780E+08  0.130E-02  0.800E+08  0.129E-02
  0.820E+08  0.129E-02  0.840E+08  0.140E-02  0.860E+08  0.132E-02
  0.880E+08  0.129E-02  0.900E+08  0.116E-02  0.920E+08  0.119E-02
  0.940E+08  0.120E-02  0.960E+08  0.117E-02  0.980E+08  0.124E-02
  0.100E+09  0.129E-02
ZR90 
         259
           0
          57
  0.435E+07  0.000E+00  0.200E+08  0.754E-09  0.210E+08  0.647E-08
  0.220E+08  0.512E-07  0.230E+08  0.203E-06  0.240E+08  0.779E-06
  0.250E+08  0.258E-05  0.260E+08  0.721E-05  0.270E+08  0.181E-04
  0.280E+08  0.389E-04  0.290E+08  0.759E-04  0.300E+08  0.127E-03
  0.310E+08  0.196E-03  0.320E+08  0.279E-03  0.330E+08  0.374E-03
  0.340E+08  0.482E-03  0.350E+08  0.594E-03  0.360E+08  0.714E-03
  0.370E+08  0.897E-03  0.380E+08  0.104E-02  0.390E+08  0.121E-02
  0.400E+08  0.125E-02  0.410E+08  0.142E-02  0.420E+08  0.157E-02
  0.430E+08  0.168E-02  0.440E+08  0.178E-02  0.450E+08  0.189E-02
  0.460E+08  0.196E-02  0.470E+08  0.207E-02  0.480E+08  0.209E-02
  0.490E+08  0.190E-02  0.500E+08  0.186E-02  0.520E+08  0.178E-02
  0.540E+08  0.165E-02  0.560E+08  0.136E-02  0.580E+08  0.121E-02
  0.600E+08  0.115E-02  0.620E+08  0.119E-02  0.640E+08  0.146E-02
  0.660E+08  0.182E-02  0.680E+08  0.264E-02  0.700E+08  0.347E-02
  0.720E+08  0.496E-02  0.740E+08  0.668E-02  0.760E+08  0.774E-02
  0.780E+08  0.956E-02  0.800E+08  0.114E-01  0.820E+08  0.132E-01
  0.840E+08  0.145E-01  0.860E+08  0.153E-01  0.880E+08  0.165E-01
  0.900E+08  0.170E-01  0.920E+08  0.175E-01  0.940E+08  0.176E-01
  0.960E+08  0.174E-01  0.980E+08  0.176E-01  0.100E+09  0.173E-01
ZR89 
         260
           0
          45
  0.164E+08  0.000E+00  0.320E+08  0.594E-13  0.330E+08  0.100E-10
  0.340E+08  0.267E-09  0.350E+08  0.268E-08  0.360E+08  0.184E-07
  0.370E+08  0.116E-06  0.380E+08  0.481E-06  0.390E+08  0.157E-05
  0.400E+08  0.379E-05  0.410E+08  0.104E-04  0.420E+08  0.251E-04
  0.430E+08  0.472E-04  0.440E+08  0.768E-04  0.450E+08  0.138E-03
  0.460E+08  0.222E-03  0.470E+08  0.337E-03  0.480E+08  0.488E-03
  0.490E+08  0.663E-03  0.500E+08  0.902E-03  0.520E+08  0.129E-02
  0.540E+08  0.180E-02  0.560E+08  0.210E-02  0.580E+08  0.240E-02
  0.600E+08  0.251E-02  0.620E+08  0.265E-02  0.640E+08  0.274E-02
  0.660E+08  0.251E-02  0.680E+08  0.234E-02  0.700E+08  0.213E-02
  0.720E+08  0.196E-02  0.740E+08  0.169E-02  0.760E+08  0.165E-02
  0.780E+08  0.195E-02  0.800E+08  0.270E-02  0.820E+08  0.376E-02
  0.840E+08  0.528E-02  0.860E+08  0.774E-02  0.880E+08  0.955E-02
  0.900E+08  0.125E-01  0.920E+08  0.153E-01  0.940E+08  0.185E-01
  0.960E+08  0.219E-01  0.980E+08  0.241E-01  0.100E+09  0.263E-01
ZR88 
         261
           0
          36
  0.259E+08  0.000E+00  0.410E+08  0.606E-16  0.420E+08  0.155E-12
  0.430E+08  0.310E-11  0.440E+08  0.589E-10  0.450E+08  0.626E-09
  0.460E+08  0.384E-08  0.470E+08  0.204E-07  0.480E+08  0.969E-07
  0.490E+08  0.204E-06  0.500E+08  0.111E-05  0.520E+08  0.653E-05
  0.540E+08  0.350E-04  0.560E+08  0.116E-03  0.580E+08  0.284E-03
  0.600E+08  0.595E-03  0.620E+08  0.106E-02  0.640E+08  0.173E-02
  0.660E+08  0.238E-02  0.680E+08  0.303E-02  0.700E+08  0.393E-02
  0.720E+08  0.467E-02  0.740E+08  0.555E-02  0.760E+08  0.584E-02
  0.780E+08  0.598E-02  0.800E+08  0.616E-02  0.820E+08  0.626E-02
  0.840E+08  0.611E-02  0.860E+08  0.584E-02  0.880E+08  0.562E-02
  0.900E+08  0.568E-02  0.920E+08  0.549E-02  0.940E+08  0.630E-02
  0.960E+08  0.725E-02  0.980E+08  0.786E-02  0.100E+09  0.106E-01
ZR87 
         262
           0
          24
  0.383E+08  0.000E+00  0.560E+08  0.424E-13  0.580E+08  0.106E-10
  0.600E+08  0.964E-09  0.620E+08  0.104E-07  0.640E+08  0.147E-06
  0.660E+08  0.727E-06  0.680E+08  0.429E-05  0.700E+08  0.223E-04
  0.720E+08  0.638E-04  0.740E+08  0.195E-03  0.760E+08  0.393E-03
  0.780E+08  0.681E-03  0.800E+08  0.110E-02  0.820E+08  0.153E-02
  0.840E+08  0.198E-02  0.860E+08  0.246E-02  0.880E+08  0.289E-02
  0.900E+08  0.336E-02  0.920E+08  0.385E-02  0.940E+08  0.398E-02
  0.960E+08  0.400E-02  0.980E+08  0.401E-02  0.100E+09  0.402E-02
ZR86 
         263
           0
          20
  0.479E+08  0.000E+00  0.640E+08  0.282E-16  0.660E+08  0.295E-13
  0.680E+08  0.187E-11  0.700E+08  0.170E-09  0.720E+08  0.439E-08
  0.740E+08  0.886E-07  0.760E+08  0.736E-06  0.780E+08  0.362E-05
  0.800E+08  0.152E-04  0.820E+08  0.364E-04  0.840E+08  0.855E-04
  0.860E+08  0.190E-03  0.880E+08  0.323E-03  0.900E+08  0.572E-03
  0.920E+08  0.980E-03  0.940E+08  0.135E-02  0.960E+08  0.179E-02
  0.980E+08  0.207E-02  0.100E+09  0.268E-02
ZR85 
         264
           0
          13
  0.609E+08  0.000E+00  0.780E+08  0.322E-19  0.800E+08  0.116E-15
  0.820E+08  0.139E-13  0.840E+08  0.107E-11  0.860E+08  0.351E-10
  0.880E+08  0.210E-09  0.900E+08  0.264E-08  0.920E+08  0.309E-07
  0.940E+08  0.162E-06  0.960E+08  0.686E-06  0.980E+08  0.175E-05
  0.100E+09  0.627E-05
ZR84 
         265
           0
           8
  0.708E+08  0.000E+00  0.880E+08  0.296E-21  0.900E+08  0.236E-17
  0.920E+08  0.871E-15  0.940E+08  0.558E-13  0.960E+08  0.138E-11
  0.980E+08  0.102E-10  0.100E+09  0.930E-10
Y94  
         275
           0
          26
  0.346E+08  0.000E+00  0.520E+08  0.384E-21  0.540E+08  0.208E-18
  0.560E+08  0.613E-17  0.580E+08  0.469E-15  0.600E+08  0.280E-14
  0.620E+08  0.303E-13  0.640E+08  0.258E-12  0.660E+08  0.152E-11
  0.680E+08  0.654E-11  0.700E+08  0.181E-10  0.720E+08  0.526E-10
  0.740E+08  0.120E-09  0.760E+08  0.233E-09  0.780E+08  0.425E-09
  0.800E+08  0.550E-09  0.820E+08  0.881E-09  0.840E+08  0.126E-08
  0.860E+08  0.157E-08  0.880E+08  0.181E-08  0.900E+08  0.164E-08
  0.920E+08  0.176E-08  0.940E+08  0.210E-08  0.960E+08  0.213E-08
  0.980E+08  0.215E-08  0.100E+09  0.232E-08
Y93  
         276
           0
          24
  0.386E+08  0.000E+00  0.560E+08  0.576E-23  0.580E+08  0.519E-20
  0.600E+08  0.603E-18  0.620E+08  0.168E-16  0.640E+08  0.494E-15
  0.660E+08  0.128E-13  0.680E+08  0.182E-12  0.700E+08  0.154E-11
  0.720E+08  0.993E-11  0.740E+08  0.358E-10  0.760E+08  0.167E-09
  0.780E+08  0.511E-09  0.800E+08  0.115E-08  0.820E+08  0.317E-08
  0.840E+08  0.587E-08  0.860E+08  0.118E-07  0.880E+08  0.193E-07
  0.900E+08  0.251E-07  0.920E+08  0.345E-07  0.940E+08  0.488E-07
  0.960E+08  0.602E-07  0.980E+08  0.741E-07  0.100E+09  0.799E-07
Y92  
         277
           0
          40
  0.198E+08  0.000E+00  0.370E+08  0.401E-19  0.380E+08  0.892E-17
  0.390E+08  0.528E-15  0.400E+08  0.674E-14  0.410E+08  0.704E-13
  0.420E+08  0.408E-12  0.430E+08  0.188E-11  0.440E+08  0.808E-11
  0.450E+08  0.280E-10  0.460E+08  0.817E-10  0.470E+08  0.197E-09
  0.480E+08  0.478E-09  0.490E+08  0.116E-08  0.500E+08  0.298E-08
  0.520E+08  0.101E-07  0.540E+08  0.294E-07  0.560E+08  0.541E-07
  0.580E+08  0.107E-06  0.600E+08  0.189E-06  0.620E+08  0.272E-06
  0.640E+08  0.392E-06  0.660E+08  0.507E-06  0.680E+08  0.584E-06
  0.700E+08  0.680E-06  0.720E+08  0.698E-06  0.740E+08  0.742E-06
  0.760E+08  0.650E-06  0.780E+08  0.690E-06  0.800E+08  0.685E-06
  0.820E+08  0.660E-06  0.840E+08  0.714E-06  0.860E+08  0.643E-06
  0.880E+08  0.712E-06  0.900E+08  0.738E-06  0.920E+08  0.753E-06
  0.940E+08  0.851E-06  0.960E+08  0.795E-06  0.980E+08  0.946E-06
  0.100E+09  0.103E-05
Y91  
         278
           0
          36
  0.242E+08  0.000E+00  0.410E+08  0.329E-23  0.420E+08  0.180E-19
  0.430E+08  0.116E-17  0.440E+08  0.284E-16  0.450E+08  0.510E-15
  0.460E+08  0.612E-14  0.470E+08  0.525E-13  0.480E+08  0.338E-12
  0.490E+08  0.218E-11  0.500E+08  0.149E-10  0.520E+08  0.208E-09
  0.540E+08  0.186E-08  0.560E+08  0.825E-08  0.580E+08  0.361E-07
  0.600E+08  0.119E-06  0.620E+08  0.308E-06  0.640E+08  0.782E-06
  0.660E+08  0.137E-05  0.680E+08  0.248E-05  0.700E+08  0.421E-05
  0.720E+08  0.573E-05  0.740E+08  0.777E-05  0.760E+08  0.907E-05
  0.780E+08  0.115E-04  0.800E+08  0.130E-04  0.820E+08  0.140E-04
  0.840E+08  0.135E-04  0.860E+08  0.128E-04  0.880E+08  0.133E-04
  0.900E+08  0.117E-04  0.920E+08  0.112E-04  0.940E+08  0.114E-04
  0.960E+08  0.121E-04  0.980E+08  0.124E-04  0.100E+09  0.127E-04
Y90  
         279
           0
          53
  0.586E+07  0.000E+00  0.240E+08  0.503E-15  0.250E+08  0.178E-12
  0.260E+08  0.373E-11  0.270E+08  0.372E-10  0.280E+08  0.274E-09
  0.290E+08  0.111E-08  0.300E+08  0.457E-08  0.310E+08  0.130E-07
  0.320E+08  0.376E-07  0.330E+08  0.956E-07  0.340E+08  0.235E-06
  0.350E+08  0.479E-06  0.360E+08  0.899E-06  0.370E+08  0.164E-05
  0.380E+08  0.291E-05  0.390E+08  0.445E-05  0.400E+08  0.616E-05
  0.410E+08  0.747E-05  0.420E+08  0.987E-05  0.430E+08  0.120E-04
  0.440E+08  0.143E-04  0.450E+08  0.172E-04  0.460E+08  0.193E-04
  0.470E+08  0.216E-04  0.480E+08  0.242E-04  0.490E+08  0.246E-04
  0.500E+08  0.247E-04  0.520E+08  0.245E-04  0.540E+08  0.240E-04
  0.560E+08  0.190E-04  0.580E+08  0.169E-04  0.600E+08  0.150E-04
  0.620E+08  0.138E-04  0.640E+08  0.132E-04  0.660E+08  0.104E-04
  0.680E+08  0.964E-05  0.700E+08  0.797E-05  0.720E+08  0.930E-05
  0.740E+08  0.127E-04  0.760E+08  0.157E-04  0.780E+08  0.238E-04
  0.800E+08  0.344E-04  0.820E+08  0.489E-04  0.840E+08  0.636E-04
  0.860E+08  0.742E-04  0.880E+08  0.867E-04  0.900E+08  0.107E-03
  0.920E+08  0.116E-03  0.940E+08  0.125E-03  0.960E+08  0.130E-03
  0.980E+08  0.131E-03  0.100E+09  0.130E-03
Y89  
         280
           0
          48
  0.105E+08  0.000E+00  0.290E+08  0.129E-16  0.300E+08  0.155E-14
  0.310E+08  0.530E-13  0.320E+08  0.582E-12  0.330E+08  0.587E-11
  0.340E+08  0.649E-10  0.350E+08  0.435E-09  0.360E+08  0.242E-08
  0.370E+08  0.122E-07  0.380E+08  0.484E-07  0.390E+08  0.158E-06
  0.400E+08  0.440E-06  0.410E+08  0.106E-05  0.420E+08  0.245E-05
  0.430E+08  0.460E-05  0.440E+08  0.910E-05  0.450E+08  0.136E-04
  0.460E+08  0.223E-04  0.470E+08  0.350E-04  0.480E+08  0.529E-04
  0.490E+08  0.688E-04  0.500E+08  0.917E-04  0.520E+08  0.145E-03
  0.540E+08  0.219E-03  0.560E+08  0.278E-03  0.580E+08  0.352E-03
  0.600E+08  0.425E-03  0.620E+08  0.519E-03  0.640E+08  0.623E-03
  0.660E+08  0.639E-03  0.680E+08  0.691E-03  0.700E+08  0.642E-03
  0.720E+08  0.639E-03  0.740E+08  0.623E-03  0.760E+08  0.559E-03
  0.780E+08  0.547E-03  0.800E+08  0.505E-03  0.820E+08  0.517E-03
  0.840E+08  0.468E-03  0.860E+08  0.511E-03  0.880E+08  0.638E-03
  0.900E+08  0.721E-03  0.920E+08  0.918E-03  0.940E+08  0.115E-02
  0.960E+08  0.132E-02  0.980E+08  0.166E-02  0.100E+09  0.183E-02
Y88  
         281
           0
          36
  0.221E+08  0.000E+00  0.410E+08  0.691E-17  0.420E+08  0.730E-15
  0.430E+08  0.126E-13  0.440E+08  0.146E-12  0.450E+08  0.182E-11
  0.460E+08  0.142E-10  0.470E+08  0.846E-10  0.480E+08  0.536E-09
  0.490E+08  0.290E-08  0.500E+08  0.150E-07  0.520E+08  0.109E-06
  0.540E+08  0.863E-06  0.560E+08  0.441E-05  0.580E+08  0.177E-04
  0.600E+08  0.447E-04  0.620E+08  0.101E-03  0.640E+08  0.225E-03
  0.660E+08  0.385E-03  0.680E+08  0.643E-03  0.700E+08  0.955E-03
  0.720E+08  0.120E-02  0.740E+08  0.149E-02  0.760E+08  0.166E-02
  0.780E+08  0.192E-02  0.800E+08  0.200E-02  0.820E+08  0.197E-02
  0.840E+08  0.195E-02  0.860E+08  0.168E-02  0.880E+08  0.169E-02
  0.900E+08  0.156E-02  0.920E+08  0.140E-02  0.940E+08  0.137E-02
  0.960E+08  0.135E-02  0.980E+08  0.146E-02  0.100E+09  0.160E-02
Y87  
         282
           0
          26
  0.316E+08  0.000E+00  0.520E+08  0.286E-14  0.540E+08  0.697E-12
  0.560E+08  0.384E-10  0.580E+08  0.434E-09  0.600E+08  0.587E-08
  0.620E+08  0.396E-07  0.640E+08  0.368E-06  0.660E+08  0.199E-05
  0.680E+08  0.845E-05  0.700E+08  0.326E-04  0.720E+08  0.925E-04
  0.740E+08  0.231E-03  0.760E+08  0.433E-03  0.780E+08  0.750E-03
  0.800E+08  0.116E-02  0.820E+08  0.169E-02  0.840E+08  0.231E-02
  0.860E+08  0.307E-02  0.880E+08  0.360E-02  0.900E+08  0.419E-02
  0.920E+08  0.482E-02  0.940E+08  0.525E-02  0.960E+08  0.552E-02
  0.980E+08  0.568E-02  0.100E+09  0.579E-02
Y86  
         283
           0
          20
  0.435E+08  0.000E+00  0.640E+08  0.400E-16  0.660E+08  0.171E-13
  0.680E+08  0.153E-11  0.700E+08  0.444E-10  0.720E+08  0.938E-09
  0.740E+08  0.177E-07  0.760E+08  0.548E-07  0.780E+08  0.447E-06
  0.800E+08  0.238E-05  0.820E+08  0.840E-05  0.840E+08  0.265E-04
  0.860E+08  0.758E-04  0.880E+08  0.165E-03  0.900E+08  0.336E-03
  0.920E+08  0.626E-03  0.940E+08  0.101E-02  0.960E+08  0.138E-02
  0.980E+08  0.194E-02  0.100E+09  0.268E-02
Y85  
         284
           0
          15
  0.531E+08  0.000E+00  0.740E+08  0.183E-16  0.760E+08  0.430E-15
  0.780E+08  0.768E-13  0.800E+08  0.448E-11  0.820E+08  0.113E-09
  0.840E+08  0.168E-08  0.860E+08  0.258E-07  0.880E+08  0.161E-06
  0.900E+08  0.898E-06  0.920E+08  0.371E-05  0.940E+08  0.133E-04
  0.960E+08  0.257E-04  0.980E+08  0.602E-04  0.100E+09  0.150E-03
Y84  
         285
           0
          10
  0.649E+08  0.000E+00  0.840E+08  0.249E-24  0.860E+08  0.228E-19
  0.880E+08  0.144E-16  0.900E+08  0.325E-14  0.920E+08  0.257E-12
  0.940E+08  0.465E-11  0.960E+08  0.584E-10  0.980E+08  0.563E-09
  0.100E+09  0.988E-08
Y83  
         286
           0
           4
  0.749E+08  0.000E+00  0.960E+08  0.324E-22  0.980E+08  0.565E-19
  0.100E+09  0.960E-16
SR93 
         467
           0
          19
  0.442E+08  0.000E+00  0.660E+08  0.113E-26  0.680E+08  0.664E-24
  0.700E+08  0.564E-22  0.720E+08  0.304E-20  0.740E+08  0.392E-19
  0.760E+08  0.122E-17  0.780E+08  0.127E-16  0.800E+08  0.621E-16
  0.820E+08  0.650E-15  0.840E+08  0.222E-14  0.860E+08  0.116E-13
  0.880E+08  0.294E-13  0.900E+08  0.665E-13  0.920E+08  0.162E-12
  0.940E+08  0.343E-12  0.960E+08  0.595E-12  0.980E+08  0.118E-11
  0.100E+09  0.149E-11
SR92 
         468
           0
          18
  0.473E+08  0.000E+00  0.680E+08  0.821E-30  0.700E+08  0.427E-26
  0.720E+08  0.134E-23  0.740E+08  0.465E-22  0.760E+08  0.575E-20
  0.780E+08  0.212E-18  0.800E+08  0.366E-17  0.820E+08  0.939E-16
  0.840E+08  0.540E-15  0.860E+08  0.587E-14  0.880E+08  0.273E-13
  0.900E+08  0.104E-12  0.920E+08  0.396E-12  0.940E+08  0.128E-11
  0.960E+08  0.337E-11  0.980E+08  0.880E-11  0.100E+09  0.140E-10
SR91 
         469
           0
          28
  0.284E+08  0.000E+00  0.490E+08  0.227E-24  0.500E+08  0.800E-22
  0.520E+08  0.461E-19  0.540E+08  0.447E-17  0.560E+08  0.956E-16
  0.580E+08  0.194E-14  0.600E+08  0.223E-13  0.620E+08  0.183E-12
  0.640E+08  0.135E-11  0.660E+08  0.457E-11  0.680E+08  0.159E-10
  0.700E+08  0.613E-10  0.720E+08  0.140E-09  0.740E+08  0.302E-09
  0.760E+08  0.546E-09  0.780E+08  0.905E-09  0.800E+08  0.159E-08
  0.820E+08  0.240E-08  0.840E+08  0.332E-08  0.860E+08  0.390E-08
  0.880E+08  0.408E-08  0.900E+08  0.478E-08  0.920E+08  0.500E-08
  0.940E+08  0.399E-08  0.960E+08  0.376E-08  0.980E+08  0.358E-08
  0.100E+09  0.346E-08
SR90 
         470
           0
          25
  0.320E+08  0.000E+00  0.540E+08  0.550E-23  0.560E+08  0.358E-20
  0.580E+08  0.793E-18  0.600E+08  0.540E-16  0.620E+08  0.186E-14
  0.640E+08  0.443E-13  0.660E+08  0.319E-12  0.680E+08  0.177E-11
  0.700E+08  0.990E-11  0.720E+08  0.413E-10  0.740E+08  0.147E-09
  0.760E+08  0.443E-09  0.780E+08  0.127E-08  0.800E+08  0.343E-08
  0.820E+08  0.852E-08  0.840E+08  0.168E-07  0.860E+08  0.295E-07
  0.880E+08  0.442E-07  0.900E+08  0.829E-07  0.920E+08  0.115E-06
  0.940E+08  0.149E-06  0.960E+08  0.184E-06  0.980E+08  0.221E-06
  0.100E+09  0.245E-06
SR89 
         471
           0
          42
  0.135E+08  0.000E+00  0.350E+08  0.199E-20  0.360E+08  0.699E-18
  0.370E+08  0.391E-16  0.380E+08  0.596E-15  0.390E+08  0.665E-14
  0.400E+08  0.428E-13  0.410E+08  0.221E-12  0.420E+08  0.968E-12
  0.430E+08  0.333E-11  0.440E+08  0.104E-10  0.450E+08  0.325E-10
  0.460E+08  0.855E-10  0.470E+08  0.194E-09  0.480E+08  0.477E-09
  0.490E+08  0.920E-09  0.500E+08  0.242E-08  0.520E+08  0.765E-08
  0.540E+08  0.216E-07  0.560E+08  0.452E-07  0.580E+08  0.854E-07
  0.600E+08  0.134E-06  0.620E+08  0.200E-06  0.640E+08  0.247E-06
  0.660E+08  0.283E-06  0.680E+08  0.314E-06  0.700E+08  0.309E-06
  0.720E+08  0.313E-06  0.740E+08  0.318E-06  0.760E+08  0.297E-06
  0.780E+08  0.278E-06  0.800E+08  0.258E-06  0.820E+08  0.312E-06
  0.840E+08  0.312E-06  0.860E+08  0.301E-06  0.880E+08  0.381E-06
  0.900E+08  0.401E-06  0.920E+08  0.456E-06  0.940E+08  0.591E-06
  0.960E+08  0.755E-06  0.980E+08  0.102E-05  0.100E+09  0.130E-05
SR88 
         472
           0
          38
  0.177E+08  0.000E+00  0.390E+08  0.422E-22  0.400E+08  0.214E-19
  0.410E+08  0.136E-17  0.420E+08  0.319E-16  0.430E+08  0.289E-15
  0.440E+08  0.244E-14  0.450E+08  0.200E-13  0.460E+08  0.130E-12
  0.470E+08  0.694E-12  0.480E+08  0.340E-11  0.490E+08  0.220E-10
  0.500E+08  0.989E-10  0.520E+08  0.731E-09  0.540E+08  0.441E-08
  0.560E+08  0.203E-07  0.580E+08  0.735E-07  0.600E+08  0.180E-06
  0.620E+08  0.498E-06  0.640E+08  0.119E-05  0.660E+08  0.228E-05
  0.680E+08  0.415E-05  0.700E+08  0.725E-05  0.720E+08  0.109E-04
  0.740E+08  0.157E-04  0.760E+08  0.202E-04  0.780E+08  0.251E-04
  0.800E+08  0.300E-04  0.820E+08  0.343E-04  0.840E+08  0.387E-04
  0.860E+08  0.403E-04  0.880E+08  0.429E-04  0.900E+08  0.429E-04
  0.920E+08  0.430E-04  0.940E+08  0.430E-04  0.960E+08  0.416E-04
  0.980E+08  0.409E-04  0.100E+09  0.398E-04
SR87 
         473
           0
          51
  0.258E+07  0.000E+00  0.260E+08  0.124E-16  0.270E+08  0.400E-15
  0.280E+08  0.509E-14  0.290E+08  0.424E-13  0.300E+08  0.349E-12
  0.310E+08  0.201E-11  0.320E+08  0.820E-11  0.330E+08  0.290E-10
  0.340E+08  0.109E-09  0.350E+08  0.298E-09  0.360E+08  0.584E-09
  0.370E+08  0.146E-08  0.380E+08  0.315E-08  0.390E+08  0.554E-08
  0.400E+08  0.991E-08  0.410E+08  0.204E-07  0.420E+08  0.350E-07
  0.430E+08  0.515E-07  0.440E+08  0.791E-07  0.450E+08  0.119E-06
  0.460E+08  0.149E-06  0.470E+08  0.217E-06  0.480E+08  0.287E-06
  0.490E+08  0.359E-06  0.500E+08  0.425E-06  0.520E+08  0.497E-06
  0.540E+08  0.551E-06  0.560E+08  0.579E-06  0.580E+08  0.668E-06
  0.600E+08  0.624E-06  0.620E+08  0.544E-06  0.640E+08  0.511E-06
  0.660E+08  0.482E-06  0.680E+08  0.493E-06  0.700E+08  0.766E-06
  0.720E+08  0.107E-05  0.740E+08  0.236E-05  0.760E+08  0.485E-05
  0.780E+08  0.129E-04  0.800E+08  0.233E-04  0.820E+08  0.354E-04
  0.840E+08  0.565E-04  0.860E+08  0.805E-04  0.880E+08  0.107E-03
  0.900E+08  0.139E-03  0.920E+08  0.153E-03  0.940E+08  0.175E-03
  0.960E+08  0.174E-03  0.980E+08  0.195E-03  0.100E+09  0.200E-03
SR86 
         474
           0
          43
  0.111E+08  0.000E+00  0.340E+08  0.706E-17  0.350E+08  0.397E-15
  0.360E+08  0.405E-14  0.370E+08  0.526E-13  0.380E+08  0.442E-12
  0.390E+08  0.203E-11  0.400E+08  0.104E-10  0.410E+08  0.539E-10
  0.420E+08  0.216E-09  0.430E+08  0.583E-09  0.440E+08  0.174E-08
  0.450E+08  0.494E-08  0.460E+08  0.138E-07  0.470E+08  0.327E-07
  0.480E+08  0.678E-07  0.490E+08  0.159E-06  0.500E+08  0.274E-06
  0.520E+08  0.641E-06  0.540E+08  0.131E-05  0.560E+08  0.238E-05
  0.580E+08  0.363E-05  0.600E+08  0.556E-05  0.620E+08  0.816E-05
  0.640E+08  0.119E-04  0.660E+08  0.161E-04  0.680E+08  0.200E-04
  0.700E+08  0.248E-04  0.720E+08  0.269E-04  0.740E+08  0.288E-04
  0.760E+08  0.296E-04  0.780E+08  0.319E-04  0.800E+08  0.327E-04
  0.820E+08  0.321E-04  0.840E+08  0.342E-04  0.860E+08  0.445E-04
  0.880E+08  0.578E-04  0.900E+08  0.811E-04  0.920E+08  0.117E-03
  0.940E+08  0.174E-03  0.960E+08  0.263E-03  0.980E+08  0.351E-03
  0.100E+09  0.476E-03
SR85 
         475
           0
          31
  0.227E+08  0.000E+00  0.460E+08  0.343E-19  0.470E+08  0.463E-17
  0.480E+08  0.150E-15  0.490E+08  0.124E-14  0.500E+08  0.231E-13
  0.520E+08  0.991E-12  0.540E+08  0.882E-10  0.560E+08  0.122E-08
  0.580E+08  0.104E-07  0.600E+08  0.438E-07  0.620E+08  0.217E-06
  0.640E+08  0.842E-06  0.660E+08  0.243E-05  0.680E+08  0.569E-05
  0.700E+08  0.111E-04  0.720E+08  0.191E-04  0.740E+08  0.303E-04
  0.760E+08  0.429E-04  0.780E+08  0.545E-04  0.800E+08  0.682E-04
  0.820E+08  0.782E-04  0.840E+08  0.849E-04  0.860E+08  0.913E-04
  0.880E+08  0.919E-04  0.900E+08  0.893E-04  0.920E+08  0.855E-04
  0.940E+08  0.824E-04  0.960E+08  0.821E-04  0.980E+08  0.849E-04
  0.100E+09  0.953E-04
SR84 
         476
           0
          24
  0.313E+08  0.000E+00  0.560E+08  0.987E-18  0.580E+08  0.108E-14
  0.600E+08  0.149E-12  0.620E+08  0.689E-11  0.640E+08  0.179E-09
  0.660E+08  0.245E-08  0.680E+08  0.230E-07  0.700E+08  0.164E-06
  0.720E+08  0.714E-06  0.740E+08  0.255E-05  0.760E+08  0.677E-05
  0.780E+08  0.127E-04  0.800E+08  0.218E-04  0.820E+08  0.391E-04
  0.840E+08  0.623E-04  0.860E+08  0.925E-04  0.880E+08  0.123E-03
  0.900E+08  0.169E-03  0.920E+08  0.216E-03  0.940E+08  0.259E-03
  0.960E+08  0.305E-03  0.980E+08  0.345E-03  0.100E+09  0.362E-03
SR83 
         477
           0
          18
  0.434E+08  0.000E+00  0.680E+08  0.251E-20  0.700E+08  0.188E-16
  0.720E+08  0.346E-14  0.740E+08  0.289E-12  0.760E+08  0.404E-11
  0.780E+08  0.464E-10  0.800E+08  0.507E-09  0.820E+08  0.494E-08
  0.840E+08  0.255E-07  0.860E+08  0.130E-06  0.880E+08  0.454E-06
  0.900E+08  0.161E-05  0.920E+08  0.476E-05  0.940E+08  0.944E-05
  0.960E+08  0.189E-04  0.980E+08  0.328E-04  0.100E+09  0.760E-04
SR82 
         478
           0
          14
  0.523E+08  0.000E+00  0.760E+08  0.150E-22  0.780E+08  0.167E-19
  0.800E+08  0.133E-16  0.820E+08  0.149E-14  0.840E+08  0.355E-13
  0.860E+08  0.123E-11  0.880E+08  0.142E-10  0.900E+08  0.222E-09
  0.920E+08  0.306E-08  0.940E+08  0.179E-07  0.960E+08  0.883E-07
  0.980E+08  0.280E-06  0.100E+09  0.152E-05
SR81 
         479
           0
           7
  0.650E+08  0.000E+00  0.900E+08  0.332E-24  0.920E+08  0.651E-20
  0.940E+08  0.210E-17  0.960E+08  0.137E-15  0.980E+08  0.144E-14
  0.100E+09  0.999E-13
SR80 
         480
           0
           2
  0.745E+08  0.000E+00  0.100E+09  0.205E-26
RB92 
         573
           0
          11
  0.569E+08  0.000E+00  0.820E+08  0.123E-31  0.840E+08  0.196E-29
  0.860E+08  0.153E-26  0.880E+08  0.931E-25  0.900E+08  0.301E-23
  0.920E+08  0.594E-22  0.940E+08  0.953E-21  0.960E+08  0.114E-19
  0.980E+08  0.924E-19  0.100E+09  0.351E-18
RB91 
         574
           0
          10
  0.598E+08  0.000E+00  0.840E+08  0.229E-36  0.860E+08  0.142E-31
  0.880E+08  0.144E-28  0.900E+08  0.288E-26  0.920E+08  0.135E-24
  0.940E+08  0.661E-23  0.960E+08  0.209E-21  0.980E+08  0.439E-20
  0.100E+09  0.360E-19
RB90 
         575
           0
          20
  0.401E+08  0.000E+00  0.640E+08  0.668E-29  0.660E+08  0.413E-26
  0.680E+08  0.546E-24  0.700E+08  0.833E-22  0.720E+08  0.325E-20
  0.740E+08  0.579E-19  0.760E+08  0.128E-17  0.780E+08  0.157E-16
  0.800E+08  0.146E-15  0.820E+08  0.161E-14  0.840E+08  0.732E-14
  0.860E+08  0.391E-13  0.880E+08  0.109E-12  0.900E+08  0.449E-12
  0.920E+08  0.123E-11  0.940E+08  0.343E-11  0.960E+08  0.734E-11
  0.980E+08  0.128E-10  0.100E+09  0.222E-10
RB89 
         576
           0
          18
  0.436E+08  0.000E+00  0.680E+08  0.374E-31  0.700E+08  0.428E-27
  0.720E+08  0.185E-24  0.740E+08  0.121E-22  0.760E+08  0.790E-21
  0.780E+08  0.305E-19  0.800E+08  0.823E-18  0.820E+08  0.228E-16
  0.840E+08  0.346E-15  0.860E+08  0.405E-14  0.880E+08  0.232E-13
  0.900E+08  0.158E-12  0.920E+08  0.709E-12  0.940E+08  0.334E-11
  0.960E+08  0.115E-10  0.980E+08  0.333E-10  0.100E+09  0.868E-10
RB88 
         577
           0
          27
  0.245E+08  0.000E+00  0.500E+08  0.358E-23  0.520E+08  0.451E-20
  0.540E+08  0.628E-18  0.560E+08  0.196E-16  0.580E+08  0.529E-15
  0.600E+08  0.743E-14  0.620E+08  0.766E-13  0.640E+08  0.918E-12
  0.660E+08  0.429E-11  0.680E+08  0.201E-10  0.700E+08  0.762E-10
  0.720E+08  0.219E-09  0.740E+08  0.511E-09  0.760E+08  0.976E-09
  0.780E+08  0.200E-08  0.800E+08  0.315E-08  0.820E+08  0.541E-08
  0.840E+08  0.792E-08  0.860E+08  0.101E-07  0.880E+08  0.117E-07
  0.900E+08  0.132E-07  0.920E+08  0.155E-07  0.940E+08  0.170E-07
  0.960E+08  0.171E-07  0.980E+08  0.221E-07  0.100E+09  0.204E-07
RB87 
         578
           0
          25
  0.284E+08  0.000E+00  0.540E+08  0.189E-25  0.560E+08  0.163E-21
  0.580E+08  0.492E-19  0.600E+08  0.345E-17  0.620E+08  0.150E-15
  0.640E+08  0.565E-14  0.660E+08  0.854E-13  0.680E+08  0.927E-12
  0.700E+08  0.887E-11  0.720E+08  0.359E-10  0.740E+08  0.192E-09
  0.760E+08  0.627E-09  0.780E+08  0.261E-08  0.800E+08  0.713E-08
  0.820E+08  0.176E-07  0.840E+08  0.407E-07  0.860E+08  0.783E-07
  0.880E+08  0.123E-06  0.900E+08  0.216E-06  0.920E+08  0.333E-06
  0.940E+08  0.492E-06  0.960E+08  0.668E-06  0.980E+08  0.911E-06
  0.100E+09  0.115E-05
RB86 
         579
           0
          39
  0.121E+08  0.000E+00  0.380E+08  0.213E-21  0.390E+08  0.151E-19
  0.400E+08  0.546E-18  0.410E+08  0.877E-17  0.420E+08  0.950E-16
  0.430E+08  0.534E-15  0.440E+08  0.337E-14  0.450E+08  0.195E-13
  0.460E+08  0.113E-12  0.470E+08  0.485E-12  0.480E+08  0.179E-11
  0.490E+08  0.780E-11  0.500E+08  0.233E-10  0.520E+08  0.140E-09
  0.540E+08  0.630E-09  0.560E+08  0.219E-08  0.580E+08  0.664E-08
  0.600E+08  0.127E-07  0.620E+08  0.284E-07  0.640E+08  0.589E-07
  0.660E+08  0.103E-06  0.680E+08  0.172E-06  0.700E+08  0.223E-06
  0.720E+08  0.284E-06  0.740E+08  0.340E-06  0.760E+08  0.371E-06
  0.780E+08  0.445E-06  0.800E+08  0.456E-06  0.820E+08  0.448E-06
  0.840E+08  0.433E-06  0.860E+08  0.418E-06  0.880E+08  0.427E-06
  0.900E+08  0.386E-06  0.920E+08  0.418E-06  0.940E+08  0.580E-06
  0.960E+08  0.822E-06  0.980E+08  0.131E-05  0.100E+09  0.198E-05
RB85 
         580
           0
          32
  0.186E+08  0.000E+00  0.450E+08  0.420E-24  0.460E+08  0.469E-22
  0.470E+08  0.195E-20  0.480E+08  0.804E-19  0.490E+08  0.474E-18
  0.500E+08  0.593E-17  0.520E+08  0.451E-15  0.540E+08  0.547E-13
  0.560E+08  0.127E-11  0.580E+08  0.182E-10  0.600E+08  0.159E-09
  0.620E+08  0.112E-08  0.640E+08  0.593E-08  0.660E+08  0.226E-07
  0.680E+08  0.713E-07  0.700E+08  0.180E-06  0.720E+08  0.391E-06
  0.740E+08  0.719E-06  0.760E+08  0.118E-05  0.780E+08  0.190E-05
  0.800E+08  0.281E-05  0.820E+08  0.402E-05  0.840E+08  0.519E-05
  0.860E+08  0.655E-05  0.880E+08  0.709E-05  0.900E+08  0.808E-05
  0.920E+08  0.878E-05  0.940E+08  0.876E-05  0.960E+08  0.962E-05
  0.980E+08  0.950E-05  0.100E+09  0.948E-05
RB84 
         581
           0
          24
  0.292E+08  0.000E+00  0.560E+08  0.125E-23  0.580E+08  0.176E-19
  0.600E+08  0.320E-17  0.620E+08  0.224E-15  0.640E+08  0.807E-14
  0.660E+08  0.234E-12  0.680E+08  0.448E-11  0.700E+08  0.723E-10
  0.720E+08  0.691E-09  0.740E+08  0.449E-08  0.760E+08  0.203E-07
  0.780E+08  0.678E-07  0.800E+08  0.207E-06  0.820E+08  0.572E-06
  0.840E+08  0.135E-05  0.860E+08  0.270E-05  0.880E+08  0.511E-05
  0.900E+08  0.877E-05  0.920E+08  0.133E-04  0.940E+08  0.175E-04
  0.960E+08  0.214E-04  0.980E+08  0.270E-04  0.100E+09  0.329E-04
RB83 
         582
           0
          19
  0.380E+08  0.000E+00  0.660E+08  0.121E-21  0.680E+08  0.339E-19
  0.700E+08  0.637E-17  0.720E+08  0.540E-15  0.740E+08  0.303E-13
  0.760E+08  0.648E-12  0.780E+08  0.110E-10  0.800E+08  0.121E-09
  0.820E+08  0.957E-09  0.840E+08  0.662E-08  0.860E+08  0.345E-07
  0.880E+08  0.127E-06  0.900E+08  0.564E-06  0.920E+08  0.147E-05
  0.940E+08  0.313E-05  0.960E+08  0.610E-05  0.980E+08  0.111E-04
  0.100E+09  0.203E-04
RB82 
         583
           0
          14
  0.491E+08  0.000E+00  0.760E+08  0.420E-26  0.780E+08  0.900E-22
  0.800E+08  0.781E-19  0.820E+08  0.132E-16  0.840E+08  0.883E-15
  0.860E+08  0.600E-13  0.880E+08  0.555E-12  0.900E+08  0.156E-10
  0.920E+08  0.154E-09  0.940E+08  0.130E-08  0.960E+08  0.703E-08
  0.980E+08  0.315E-07  0.100E+09  0.135E-06
RB81 
         584
           0
           9
  0.580E+08  0.000E+00  0.860E+08  0.233E-23  0.880E+08  0.188E-20
  0.900E+08  0.952E-18  0.920E+08  0.987E-16  0.940E+08  0.531E-14
  0.960E+08  0.233E-13  0.980E+08  0.503E-12  0.100E+09  0.119E-10
RB80 
         585
           0
           3
  0.694E+08  0.000E+00  0.980E+08  0.213E-25  0.100E+09  0.541E-21
KR91 
         871
           0
           5
  0.678E+08  0.000E+00  0.940E+08  0.115E-42  0.960E+08  0.725E-39
  0.980E+08  0.126E-35  0.100E+09  0.112E-33
KR90 
         872
           0
           3
  0.701E+08  0.000E+00  0.980E+08  0.109E-40  0.100E+09  0.505E-37
KR89 
         873
           0
          13
  0.501E+08  0.000E+00  0.780E+08  0.106E-36  0.800E+08  0.203E-32
  0.820E+08  0.629E-29  0.840E+08  0.566E-27  0.860E+08  0.800E-25
  0.880E+08  0.267E-23  0.900E+08  0.730E-22  0.920E+08  0.120E-20
  0.940E+08  0.217E-19  0.960E+08  0.175E-18  0.980E+08  0.186E-17
  0.100E+09  0.114E-16
KR88 
         874
           0
          12
  0.530E+08  0.000E+00  0.800E+08  0.389E-39  0.820E+08  0.396E-34
  0.840E+08  0.119E-30  0.860E+08  0.119E-28  0.880E+08  0.757E-27
  0.900E+08  0.686E-25  0.920E+08  0.715E-23  0.940E+08  0.364E-21
  0.960E+08  0.882E-20  0.980E+08  0.209E-18  0.100E+09  0.236E-17
KR87 
         875
           0
          21
  0.338E+08  0.000E+00  0.620E+08  0.249E-31  0.640E+08  0.597E-27
  0.660E+08  0.966E-25  0.680E+08  0.949E-23  0.700E+08  0.808E-21
  0.720E+08  0.188E-19  0.740E+08  0.578E-18  0.760E+08  0.542E-17
  0.780E+08  0.621E-16  0.800E+08  0.506E-15  0.820E+08  0.376E-14
  0.840E+08  0.191E-13  0.860E+08  0.811E-13  0.880E+08  0.208E-12
  0.900E+08  0.757E-12  0.920E+08  0.197E-11  0.940E+08  0.483E-11
  0.960E+08  0.999E-11  0.980E+08  0.184E-10  0.100E+09  0.281E-10
KR86 
         876
           0
          19
  0.371E+08  0.000E+00  0.660E+08  0.739E-31  0.680E+08  0.536E-27
  0.700E+08  0.411E-24  0.720E+08  0.420E-22  0.740E+08  0.226E-20
  0.760E+08  0.561E-19  0.780E+08  0.279E-17  0.800E+08  0.377E-16
  0.820E+08  0.411E-15  0.840E+08  0.409E-14  0.860E+08  0.275E-13
  0.880E+08  0.109E-12  0.900E+08  0.480E-12  0.920E+08  0.193E-11
  0.940E+08  0.710E-11  0.960E+08  0.223E-10  0.980E+08  0.614E-10
  0.100E+09  0.153E-09
KR85 
         877
           0
          26
  0.207E+08  0.000E+00  0.520E+08  0.294E-23  0.540E+08  0.154E-20
  0.560E+08  0.153E-18  0.580E+08  0.673E-17  0.600E+08  0.150E-15
  0.620E+08  0.254E-14  0.640E+08  0.330E-13  0.660E+08  0.264E-12
  0.680E+08  0.166E-11  0.700E+08  0.846E-11  0.720E+08  0.319E-10
  0.740E+08  0.925E-10  0.760E+08  0.218E-09  0.780E+08  0.482E-09
  0.800E+08  0.942E-09  0.820E+08  0.181E-08  0.840E+08  0.291E-08
  0.860E+08  0.438E-08  0.880E+08  0.578E-08  0.900E+08  0.764E-08
  0.920E+08  0.110E-07  0.940E+08  0.124E-07  0.960E+08  0.135E-07
  0.980E+08  0.117E-07  0.100E+09  0.121E-07
KR84 
         878
           0
          24
  0.257E+08  0.000E+00  0.560E+08  0.170E-26  0.580E+08  0.768E-23
  0.600E+08  0.957E-21  0.620E+08  0.996E-19  0.640E+08  0.547E-17
  0.660E+08  0.201E-15  0.680E+08  0.448E-14  0.700E+08  0.880E-13
  0.720E+08  0.836E-12  0.740E+08  0.392E-11  0.760E+08  0.192E-10
  0.780E+08  0.791E-10  0.800E+08  0.288E-09  0.820E+08  0.925E-09
  0.840E+08  0.257E-08  0.860E+08  0.638E-08  0.880E+08  0.125E-07
  0.900E+08  0.268E-07  0.920E+08  0.456E-07  0.940E+08  0.751E-07
  0.960E+08  0.118E-06  0.980E+08  0.180E-06  0.100E+09  0.266E-06
KR83 
         879
           0
          37
  0.997E+07  0.000E+00  0.400E+08  0.776E-26  0.410E+08  0.242E-23
  0.420E+08  0.912E-22  0.430E+08  0.956E-21  0.440E+08  0.138E-19
  0.450E+08  0.773E-19  0.460E+08  0.857E-18  0.470E+08  0.570E-17
  0.480E+08  0.311E-16  0.490E+08  0.263E-15  0.500E+08  0.920E-15
  0.520E+08  0.113E-13  0.540E+08  0.988E-13  0.560E+08  0.649E-12
  0.580E+08  0.351E-11  0.600E+08  0.118E-10  0.620E+08  0.419E-10
  0.640E+08  0.125E-09  0.660E+08  0.323E-09  0.680E+08  0.754E-09
  0.700E+08  0.107E-08  0.720E+08  0.171E-08  0.740E+08  0.294E-08
  0.760E+08  0.399E-08  0.780E+08  0.526E-08  0.800E+08  0.528E-08
  0.820E+08  0.551E-08  0.840E+08  0.550E-08  0.860E+08  0.578E-08
  0.880E+08  0.623E-08  0.900E+08  0.744E-08  0.920E+08  0.928E-08
  0.940E+08  0.151E-07  0.960E+08  0.299E-07  0.980E+08  0.692E-07
  0.100E+09  0.140E-06
KR82 
         880
           0
          28
  0.175E+08  0.000E+00  0.480E+08  0.110E-24  0.500E+08  0.130E-21
  0.520E+08  0.873E-19  0.540E+08  0.101E-16  0.560E+08  0.432E-15
  0.580E+08  0.104E-13  0.600E+08  0.139E-12  0.620E+08  0.150E-11
  0.640E+08  0.163E-10  0.660E+08  0.896E-10  0.680E+08  0.398E-09
  0.700E+08  0.969E-09  0.720E+08  0.275E-08  0.740E+08  0.621E-08
  0.760E+08  0.142E-07  0.780E+08  0.292E-07  0.800E+08  0.516E-07
  0.820E+08  0.872E-07  0.840E+08  0.131E-06  0.860E+08  0.201E-06
  0.880E+08  0.271E-06  0.900E+08  0.380E-06  0.920E+08  0.483E-06
  0.940E+08  0.557E-06  0.960E+08  0.664E-06  0.980E+08  0.771E-06
  0.100E+09  0.795E-06
KR81 
         881
           0
          22
  0.286E+08  0.000E+00  0.600E+08  0.895E-26  0.620E+08  0.259E-21
  0.640E+08  0.143E-18  0.660E+08  0.158E-16  0.680E+08  0.215E-14
  0.700E+08  0.587E-13  0.720E+08  0.895E-12  0.740E+08  0.929E-11
  0.760E+08  0.781E-10  0.780E+08  0.251E-09  0.800E+08  0.128E-08
  0.820E+08  0.505E-08  0.840E+08  0.154E-07  0.860E+08  0.421E-07
  0.880E+08  0.810E-07  0.900E+08  0.186E-06  0.920E+08  0.326E-06
  0.940E+08  0.487E-06  0.960E+08  0.839E-06  0.980E+08  0.121E-05
  0.100E+09  0.165E-05
KR80 
         882
           0
          18
  0.365E+08  0.000E+00  0.680E+08  0.433E-26  0.700E+08  0.429E-21
  0.720E+08  0.488E-18  0.740E+08  0.560E-16  0.760E+08  0.245E-14
  0.780E+08  0.307E-13  0.800E+08  0.508E-12  0.820E+08  0.669E-11
  0.840E+08  0.585E-10  0.860E+08  0.406E-09  0.880E+08  0.169E-08
  0.900E+08  0.616E-08  0.920E+08  0.199E-07  0.940E+08  0.533E-07
  0.960E+08  0.130E-06  0.980E+08  0.306E-06  0.100E+09  0.722E-06
KR79 
         883
           0
          12
  0.482E+08  0.000E+00  0.800E+08  0.406E-27  0.820E+08  0.342E-23
  0.840E+08  0.405E-20  0.860E+08  0.667E-18  0.880E+08  0.215E-16
  0.900E+08  0.956E-15  0.920E+08  0.315E-13  0.940E+08  0.416E-12
  0.960E+08  0.400E-11  0.980E+08  0.231E-10  0.100E+09  0.312E-09
KR78 
         884
           0
           7
  0.566E+08  0.000E+00  0.900E+08  0.858E-25  0.920E+08  0.896E-22
  0.940E+08  0.125E-19  0.960E+08  0.719E-18  0.980E+08  0.203E-16
  0.100E+09  0.218E-14
