         116
PD105
          16
           0
          72
  0.965E+07  0.000E+00  0.100E+08  0.270E-02  0.105E+08  0.357E-01
  0.110E+08  0.242E+00  0.115E+08  0.479E+00  0.120E+08  0.714E+00
  0.125E+08  0.922E+00  0.130E+08  0.110E+01  0.135E+08  0.123E+01
  0.140E+08  0.134E+01  0.145E+08  0.142E+01  0.150E+08  0.148E+01
  0.160E+08  0.152E+01  0.170E+08  0.156E+01  0.180E+08  0.156E+01
  0.190E+08  0.138E+01  0.200E+08  0.110E+01  0.210E+08  0.823E+00
  0.220E+08  0.579E+00  0.230E+08  0.443E+00  0.240E+08  0.352E+00
  0.250E+08  0.293E+00  0.260E+08  0.231E+00  0.270E+08  0.218E+00
  0.280E+08  0.198E+00  0.290E+08  0.184E+00  0.300E+08  0.172E+00
  0.310E+08  0.163E+00  0.320E+08  0.155E+00  0.330E+08  0.150E+00
  0.340E+08  0.144E+00  0.350E+08  0.139E+00  0.360E+08  0.134E+00
  0.370E+08  0.130E+00  0.380E+08  0.127E+00  0.390E+08  0.123E+00
  0.400E+08  0.120E+00  0.410E+08  0.117E+00  0.420E+08  0.114E+00
  0.430E+08  0.112E+00  0.440E+08  0.110E+00  0.450E+08  0.108E+00
  0.460E+08  0.106E+00  0.470E+08  0.103E+00  0.480E+08  0.100E+00
  0.490E+08  0.973E-01  0.500E+08  0.954E-01  0.520E+08  0.917E-01
  0.540E+08  0.887E-01  0.560E+08  0.856E-01  0.580E+08  0.826E-01
  0.600E+08  0.797E-01  0.620E+08  0.770E-01  0.640E+08  0.734E-01
  0.660E+08  0.713E-01  0.680E+08  0.690E-01  0.700E+08  0.674E-01
  0.720E+08  0.653E-01  0.740E+08  0.640E-01  0.760E+08  0.628E-01
  0.780E+08  0.615E-01  0.800E+08  0.602E-01  0.820E+08  0.590E-01
  0.840E+08  0.577E-01  0.860E+08  0.562E-01  0.880E+08  0.546E-01
  0.900E+08  0.530E-01  0.920E+08  0.516E-01  0.940E+08  0.502E-01
  0.960E+08  0.483E-01  0.980E+08  0.507E-01  0.100E+09  0.494E-01
PD104
          17
           0
          59
  0.168E+08  0.000E+00  0.180E+08  0.156E-01  0.190E+08  0.182E+00
  0.200E+08  0.454E+00  0.210E+08  0.712E+00  0.220E+08  0.941E+00
  0.230E+08  0.105E+01  0.240E+08  0.111E+01  0.250E+08  0.114E+01
  0.260E+08  0.117E+01  0.270E+08  0.115E+01  0.280E+08  0.114E+01
  0.290E+08  0.114E+01  0.300E+08  0.113E+01  0.310E+08  0.109E+01
  0.320E+08  0.103E+01  0.330E+08  0.967E+00  0.340E+08  0.886E+00
  0.350E+08  0.801E+00  0.360E+08  0.735E+00  0.370E+08  0.629E+00
  0.380E+08  0.561E+00  0.390E+08  0.505E+00  0.400E+08  0.456E+00
  0.410E+08  0.414E+00  0.420E+08  0.378E+00  0.430E+08  0.344E+00
  0.440E+08  0.319E+00  0.450E+08  0.299E+00  0.460E+08  0.281E+00
  0.470E+08  0.272E+00  0.480E+08  0.263E+00  0.490E+08  0.226E+00
  0.500E+08  0.217E+00  0.520E+08  0.204E+00  0.540E+08  0.187E+00
  0.560E+08  0.177E+00  0.580E+08  0.168E+00  0.600E+08  0.160E+00
  0.620E+08  0.153E+00  0.640E+08  0.149E+00  0.660E+08  0.146E+00
  0.680E+08  0.142E+00  0.700E+08  0.138E+00  0.720E+08  0.133E+00
  0.740E+08  0.130E+00  0.760E+08  0.126E+00  0.780E+08  0.122E+00
  0.800E+08  0.118E+00  0.820E+08  0.115E+00  0.840E+08  0.112E+00
  0.860E+08  0.109E+00  0.880E+08  0.106E+00  0.900E+08  0.103E+00
  0.920E+08  0.988E-01  0.940E+08  0.945E-01  0.960E+08  0.903E-01
  0.980E+08  0.847E-01  0.100E+09  0.828E-01
PD103
          37
           0
          49
  0.269E+08  0.000E+00  0.280E+08  0.237E-04  0.290E+08  0.174E-02
  0.300E+08  0.131E-01  0.310E+08  0.433E-01  0.320E+08  0.953E-01
  0.330E+08  0.148E+00  0.340E+08  0.224E+00  0.350E+08  0.304E+00
  0.360E+08  0.363E+00  0.370E+08  0.453E+00  0.380E+08  0.510E+00
  0.390E+08  0.552E+00  0.400E+08  0.573E+00  0.410E+08  0.573E+00
  0.420E+08  0.557E+00  0.430E+08  0.525E+00  0.440E+08  0.488E+00
  0.450E+08  0.466E+00  0.460E+08  0.428E+00  0.470E+08  0.390E+00
  0.480E+08  0.361E+00  0.490E+08  0.310E+00  0.500E+08  0.285E+00
  0.520E+08  0.237E+00  0.540E+08  0.199E+00  0.560E+08  0.175E+00
  0.580E+08  0.156E+00  0.600E+08  0.142E+00  0.620E+08  0.131E+00
  0.640E+08  0.126E+00  0.660E+08  0.122E+00  0.680E+08  0.114E+00
  0.700E+08  0.107E+00  0.720E+08  0.102E+00  0.740E+08  0.959E-01
  0.760E+08  0.911E-01  0.780E+08  0.871E-01  0.800E+08  0.835E-01
  0.820E+08  0.814E-01  0.840E+08  0.793E-01  0.860E+08  0.771E-01
  0.880E+08  0.750E-01  0.900E+08  0.716E-01  0.920E+08  0.683E-01
  0.940E+08  0.648E-01  0.960E+08  0.613E-01  0.980E+08  0.597E-01
  0.100E+09  0.580E-01
RH106
         103
           0
          79
  0.278E+07  0.000E+00  0.650E+07  0.237E-04  0.700E+07  0.928E-04
  0.750E+07  0.218E-03  0.800E+07  0.401E-03  0.850E+07  0.681E-03
  0.900E+07  0.106E-02  0.950E+07  0.157E-02  0.100E+08  0.214E-02
  0.105E+08  0.266E-02  0.110E+08  0.354E-02  0.115E+08  0.430E-02
  0.120E+08  0.552E-02  0.125E+08  0.695E-02  0.130E+08  0.857E-02
  0.135E+08  0.102E-01  0.140E+08  0.117E-01  0.145E+08  0.130E-01
  0.150E+08  0.140E-01  0.160E+08  0.141E-01  0.170E+08  0.143E-01
  0.180E+08  0.144E-01  0.190E+08  0.145E-01  0.200E+08  0.147E-01
  0.210E+08  0.148E-01  0.220E+08  0.151E-01  0.230E+08  0.154E-01
  0.240E+08  0.155E-01  0.250E+08  0.156E-01  0.260E+08  0.151E-01
  0.270E+08  0.151E-01  0.280E+08  0.150E-01  0.290E+08  0.149E-01
  0.300E+08  0.148E-01  0.310E+08  0.147E-01  0.320E+08  0.144E-01
  0.330E+08  0.142E-01  0.340E+08  0.141E-01  0.350E+08  0.139E-01
  0.360E+08  0.137E-01  0.370E+08  0.136E-01  0.380E+08  0.136E-01
  0.390E+08  0.135E-01  0.400E+08  0.134E-01  0.410E+08  0.133E-01
  0.420E+08  0.132E-01  0.430E+08  0.130E-01  0.440E+08  0.128E-01
  0.450E+08  0.126E-01  0.460E+08  0.124E-01  0.470E+08  0.122E-01
  0.480E+08  0.119E-01  0.490E+08  0.116E-01  0.500E+08  0.113E-01
  0.520E+08  0.107E-01  0.540E+08  0.112E-01  0.560E+08  0.109E-01
  0.580E+08  0.105E-01  0.600E+08  0.102E-01  0.620E+08  0.986E-02
  0.640E+08  0.957E-02  0.660E+08  0.928E-02  0.680E+08  0.900E-02
  0.700E+08  0.875E-02  0.720E+08  0.850E-02  0.740E+08  0.824E-02
  0.760E+08  0.800E-02  0.780E+08  0.777E-02  0.800E+08  0.753E-02
  0.820E+08  0.731E-02  0.840E+08  0.713E-02  0.860E+08  0.695E-02
  0.880E+08  0.677E-02  0.900E+08  0.660E-02  0.920E+08  0.642E-02
  0.940E+08  0.624E-02  0.960E+08  0.609E-02  0.980E+08  0.595E-02
  0.100E+09  0.581E-02
RU105
         111
           0
          63
  0.106E+08  0.000E+00  0.145E+08  0.164E-03  0.150E+08  0.217E-03
  0.160E+08  0.223E-03  0.170E+08  0.343E-03  0.180E+08  0.490E-03
  0.190E+08  0.660E-03  0.200E+08  0.847E-03  0.210E+08  0.962E-03
  0.220E+08  0.118E-02  0.230E+08  0.142E-02  0.240E+08  0.167E-02
  0.250E+08  0.193E-02  0.260E+08  0.210E-02  0.270E+08  0.239E-02
  0.280E+08  0.271E-02  0.290E+08  0.304E-02  0.300E+08  0.337E-02
  0.310E+08  0.372E-02  0.320E+08  0.395E-02  0.330E+08  0.432E-02
  0.340E+08  0.469E-02  0.350E+08  0.506E-02  0.360E+08  0.539E-02
  0.370E+08  0.563E-02  0.380E+08  0.582E-02  0.390E+08  0.587E-02
  0.400E+08  0.596E-02  0.410E+08  0.602E-02  0.420E+08  0.605E-02
  0.430E+08  0.608E-02  0.440E+08  0.608E-02  0.450E+08  0.610E-02
  0.460E+08  0.608E-02  0.470E+08  0.608E-02  0.480E+08  0.608E-02
  0.490E+08  0.585E-02  0.500E+08  0.585E-02  0.520E+08  0.584E-02
  0.540E+08  0.577E-02  0.560E+08  0.549E-02  0.580E+08  0.549E-02
  0.600E+08  0.548E-02  0.620E+08  0.564E-02  0.640E+08  0.562E-02
  0.660E+08  0.562E-02  0.680E+08  0.561E-02  0.700E+08  0.559E-02
  0.720E+08  0.591E-02  0.740E+08  0.588E-02  0.760E+08  0.586E-02
  0.780E+08  0.584E-02  0.800E+08  0.581E-02  0.820E+08  0.578E-02
  0.840E+08  0.576E-02  0.860E+08  0.590E-02  0.880E+08  0.587E-02
  0.900E+08  0.584E-02  0.920E+08  0.580E-02  0.940E+08  0.577E-02
  0.960E+08  0.574E-02  0.980E+08  0.570E-02  0.100E+09  0.566E-02
PD102
         121
           0
          41
  0.346E+08  0.000E+00  0.360E+08  0.852E-05  0.370E+08  0.467E-03
  0.380E+08  0.380E-02  0.390E+08  0.142E-01  0.400E+08  0.352E-01
  0.410E+08  0.671E-01  0.420E+08  0.108E+00  0.430E+08  0.166E+00
  0.440E+08  0.214E+00  0.450E+08  0.244E+00  0.460E+08  0.287E+00
  0.470E+08  0.322E+00  0.480E+08  0.343E+00  0.490E+08  0.411E+00
  0.500E+08  0.430E+00  0.520E+08  0.456E+00  0.540E+08  0.471E+00
  0.560E+08  0.460E+00  0.580E+08  0.438E+00  0.600E+08  0.409E+00
  0.620E+08  0.385E+00  0.640E+08  0.362E+00  0.660E+08  0.337E+00
  0.680E+08  0.316E+00  0.700E+08  0.294E+00  0.720E+08  0.272E+00
  0.740E+08  0.254E+00  0.760E+08  0.215E+00  0.780E+08  0.207E+00
  0.800E+08  0.194E+00  0.820E+08  0.177E+00  0.840E+08  0.166E+00
  0.860E+08  0.155E+00  0.880E+08  0.148E+00  0.900E+08  0.141E+00
  0.920E+08  0.134E+00  0.940E+08  0.127E+00  0.960E+08  0.121E+00
  0.980E+08  0.117E+00  0.100E+09  0.114E+00
PD101
         122
           0
          31
  0.453E+08  0.000E+00  0.460E+08  0.800E-11  0.470E+08  0.546E-07
  0.480E+08  0.164E-05  0.490E+08  0.757E-04  0.500E+08  0.375E-03
  0.520E+08  0.307E-02  0.540E+08  0.151E-01  0.560E+08  0.308E-01
  0.580E+08  0.531E-01  0.600E+08  0.774E-01  0.620E+08  0.105E+00
  0.640E+08  0.117E+00  0.660E+08  0.130E+00  0.680E+08  0.141E+00
  0.700E+08  0.150E+00  0.720E+08  0.145E+00  0.740E+08  0.142E+00
  0.760E+08  0.140E+00  0.780E+08  0.137E+00  0.800E+08  0.132E+00
  0.820E+08  0.127E+00  0.840E+08  0.120E+00  0.860E+08  0.113E+00
  0.880E+08  0.105E+00  0.900E+08  0.101E+00  0.920E+08  0.957E-01
  0.940E+08  0.903E-01  0.960E+08  0.851E-01  0.980E+08  0.856E-01
  0.100E+09  0.840E-01
PD100
         123
           0
          24
  0.536E+08  0.000E+00  0.560E+08  0.926E-07  0.580E+08  0.149E-04
  0.600E+08  0.225E-03  0.620E+08  0.131E-02  0.640E+08  0.233E-02
  0.660E+08  0.649E-02  0.680E+08  0.133E-01  0.700E+08  0.234E-01
  0.720E+08  0.429E-01  0.740E+08  0.523E-01  0.760E+08  0.713E-01
  0.780E+08  0.813E-01  0.800E+08  0.914E-01  0.820E+08  0.962E-01
  0.840E+08  0.101E+00  0.860E+08  0.103E+00  0.880E+08  0.105E+00
  0.900E+08  0.106E+00  0.920E+08  0.107E+00  0.940E+08  0.998E-01
  0.960E+08  0.953E-01  0.980E+08  0.909E-01  0.100E+09  0.826E-01
PD99 
         124
           0
          18
  0.648E+08  0.000E+00  0.680E+08  0.119E-10  0.700E+08  0.176E-07
  0.720E+08  0.187E-05  0.740E+08  0.111E-04  0.760E+08  0.103E-03
  0.780E+08  0.348E-03  0.800E+08  0.849E-03  0.820E+08  0.149E-02
  0.840E+08  0.282E-02  0.860E+08  0.463E-02  0.880E+08  0.679E-02
  0.900E+08  0.898E-02  0.920E+08  0.125E-01  0.940E+08  0.179E-01
  0.960E+08  0.200E-01  0.980E+08  0.203E-01  0.100E+09  0.208E-01
PD98 
         125
           0
          13
  0.739E+08  0.000E+00  0.780E+08  0.349E-10  0.800E+08  0.738E-08
  0.820E+08  0.972E-07  0.840E+08  0.255E-05  0.860E+08  0.138E-04
  0.880E+08  0.496E-04  0.900E+08  0.176E-03  0.920E+08  0.467E-03
  0.940E+08  0.756E-03  0.960E+08  0.122E-02  0.980E+08  0.156E-02
  0.100E+09  0.220E-02
PD97 
         126
           0
           7
  0.856E+08  0.000E+00  0.900E+08  0.171E-12  0.920E+08  0.866E-10
  0.940E+08  0.429E-08  0.960E+08  0.443E-07  0.980E+08  0.139E-06
  0.100E+09  0.614E-06
PD96 
         127
           0
           3
  0.951E+08  0.000E+00  0.980E+08  0.965E-17  0.100E+09  0.128E-13
RH105
         153
           0
          71
  0.719E+07  0.000E+00  0.105E+08  0.268E-08  0.110E+08  0.693E-07
  0.115E+08  0.463E-06  0.120E+08  0.209E-05  0.125E+08  0.723E-05
  0.130E+08  0.261E-02  0.135E+08  0.389E-02  0.140E+08  0.565E-02
  0.145E+08  0.832E-02  0.150E+08  0.121E-01  0.160E+08  0.218E-01
  0.170E+08  0.350E-01  0.180E+08  0.465E-01  0.190E+08  0.589E-01
  0.200E+08  0.736E-01  0.210E+08  0.893E-01  0.220E+08  0.112E+00
  0.230E+08  0.129E+00  0.240E+08  0.145E+00  0.250E+08  0.158E+00
  0.260E+08  0.167E+00  0.270E+08  0.165E+00  0.280E+08  0.161E+00
  0.290E+08  0.156E+00  0.300E+08  0.152E+00  0.310E+08  0.147E+00
  0.320E+08  0.142E+00  0.330E+08  0.138E+00  0.340E+08  0.137E+00
  0.350E+08  0.136E+00  0.360E+08  0.135E+00  0.370E+08  0.133E+00
  0.380E+08  0.132E+00  0.390E+08  0.130E+00  0.400E+08  0.128E+00
  0.410E+08  0.127E+00  0.420E+08  0.125E+00  0.430E+08  0.123E+00
  0.440E+08  0.122E+00  0.450E+08  0.121E+00  0.460E+08  0.119E+00
  0.470E+08  0.118E+00  0.480E+08  0.117E+00  0.490E+08  0.116E+00
  0.500E+08  0.114E+00  0.520E+08  0.111E+00  0.540E+08  0.108E+00
  0.560E+08  0.105E+00  0.580E+08  0.103E+00  0.600E+08  0.101E+00
  0.620E+08  0.990E-01  0.640E+08  0.970E-01  0.660E+08  0.950E-01
  0.680E+08  0.930E-01  0.700E+08  0.910E-01  0.720E+08  0.898E-01
  0.740E+08  0.888E-01  0.760E+08  0.872E-01  0.780E+08  0.855E-01
  0.800E+08  0.891E-01  0.820E+08  0.880E-01  0.840E+08  0.874E-01
  0.860E+08  0.871E-01  0.880E+08  0.862E-01  0.900E+08  0.854E-01
  0.920E+08  0.844E-01  0.940E+08  0.835E-01  0.960E+08  0.827E-01
  0.980E+08  0.832E-01  0.100E+09  0.823E-01
RH104
         154
           0
          57
  0.162E+08  0.000E+00  0.200E+08  0.103E-06  0.210E+08  0.460E-05
  0.220E+08  0.565E-04  0.230E+08  0.332E-03  0.240E+08  0.171E-02
  0.250E+08  0.606E-02  0.260E+08  0.171E-01  0.270E+08  0.321E-01
  0.280E+08  0.541E-01  0.290E+08  0.717E-01  0.300E+08  0.873E-01
  0.310E+08  0.986E-01  0.320E+08  0.109E+00  0.330E+08  0.116E+00
  0.340E+08  0.120E+00  0.350E+08  0.123E+00  0.360E+08  0.125E+00
  0.370E+08  0.128E+00  0.380E+08  0.128E+00  0.390E+08  0.128E+00
  0.400E+08  0.128E+00  0.410E+08  0.128E+00  0.420E+08  0.131E+00
  0.430E+08  0.131E+00  0.440E+08  0.131E+00  0.450E+08  0.132E+00
  0.460E+08  0.132E+00  0.470E+08  0.132E+00  0.480E+08  0.132E+00
  0.490E+08  0.132E+00  0.500E+08  0.132E+00  0.520E+08  0.125E+00
  0.540E+08  0.119E+00  0.560E+08  0.113E+00  0.580E+08  0.107E+00
  0.600E+08  0.103E+00  0.620E+08  0.985E-01  0.640E+08  0.957E-01
  0.660E+08  0.930E-01  0.680E+08  0.905E-01  0.700E+08  0.870E-01
  0.720E+08  0.836E-01  0.740E+08  0.801E-01  0.760E+08  0.788E-01
  0.780E+08  0.775E-01  0.800E+08  0.767E-01  0.820E+08  0.755E-01
  0.840E+08  0.740E-01  0.860E+08  0.727E-01  0.880E+08  0.714E-01
  0.900E+08  0.700E-01  0.920E+08  0.692E-01  0.940E+08  0.684E-01
  0.960E+08  0.680E-01  0.980E+08  0.667E-01  0.100E+09  0.703E-01
RH103
         155
           0
          50
  0.233E+08  0.000E+00  0.270E+08  0.734E-13  0.280E+08  0.103E-05
  0.290E+08  0.164E-04  0.300E+08  0.105E-03  0.310E+08  0.550E-03
  0.320E+08  0.153E-02  0.330E+08  0.327E-02  0.340E+08  0.639E-02
  0.350E+08  0.109E-01  0.360E+08  0.164E-01  0.370E+08  0.225E-01
  0.380E+08  0.274E-01  0.390E+08  0.337E-01  0.400E+08  0.406E-01
  0.410E+08  0.473E-01  0.420E+08  0.516E-01  0.430E+08  0.560E-01
  0.440E+08  0.632E-01  0.450E+08  0.700E-01  0.460E+08  0.766E-01
  0.470E+08  0.828E-01  0.480E+08  0.893E-01  0.490E+08  0.947E-01
  0.500E+08  0.100E+00  0.520E+08  0.112E+00  0.540E+08  0.121E+00
  0.560E+08  0.128E+00  0.580E+08  0.132E+00  0.600E+08  0.135E+00
  0.620E+08  0.138E+00  0.640E+08  0.139E+00  0.660E+08  0.139E+00
  0.680E+08  0.137E+00  0.700E+08  0.135E+00  0.720E+08  0.131E+00
  0.740E+08  0.123E+00  0.760E+08  0.114E+00  0.780E+08  0.110E+00
  0.800E+08  0.101E+00  0.820E+08  0.988E-01  0.840E+08  0.965E-01
  0.860E+08  0.944E-01  0.880E+08  0.921E-01  0.900E+08  0.897E-01
  0.920E+08  0.882E-01  0.940E+08  0.868E-01  0.960E+08  0.853E-01
  0.980E+08  0.838E-01  0.100E+09  0.818E-01
RH102
         156
           0
          40
  0.327E+08  0.000E+00  0.370E+08  0.206E-08  0.380E+08  0.151E-06
  0.390E+08  0.239E-05  0.400E+08  0.178E-04  0.410E+08  0.669E-04
  0.420E+08  0.152E-03  0.430E+08  0.439E-03  0.440E+08  0.980E-03
  0.450E+08  0.194E-02  0.460E+08  0.346E-02  0.470E+08  0.590E-02
  0.480E+08  0.889E-02  0.490E+08  0.107E-01  0.500E+08  0.146E-01
  0.520E+08  0.243E-01  0.540E+08  0.357E-01  0.560E+08  0.445E-01
  0.580E+08  0.508E-01  0.600E+08  0.562E-01  0.620E+08  0.626E-01
  0.640E+08  0.674E-01  0.660E+08  0.712E-01  0.680E+08  0.750E-01
  0.700E+08  0.812E-01  0.720E+08  0.866E-01  0.740E+08  0.977E-01
  0.760E+08  0.101E+00  0.780E+08  0.103E+00  0.800E+08  0.101E+00
  0.820E+08  0.994E-01  0.840E+08  0.978E-01  0.860E+08  0.963E-01
  0.880E+08  0.947E-01  0.900E+08  0.931E-01  0.920E+08  0.905E-01
  0.940E+08  0.880E-01  0.960E+08  0.839E-01  0.980E+08  0.798E-01
  0.100E+09  0.757E-01
RH101
         157
           0
          33
  0.402E+08  0.000E+00  0.440E+08  0.226E-13  0.450E+08  0.782E-09
  0.460E+08  0.461E-07  0.470E+08  0.467E-06  0.480E+08  0.400E-05
  0.490E+08  0.304E-04  0.500E+08  0.104E-03  0.520E+08  0.427E-03
  0.540E+08  0.216E-02  0.560E+08  0.565E-02  0.580E+08  0.113E-01
  0.600E+08  0.193E-01  0.620E+08  0.306E-01  0.640E+08  0.421E-01
  0.660E+08  0.566E-01  0.680E+08  0.710E-01  0.700E+08  0.805E-01
  0.720E+08  0.933E-01  0.740E+08  0.109E+00  0.760E+08  0.118E+00
  0.780E+08  0.124E+00  0.800E+08  0.125E+00  0.820E+08  0.127E+00
  0.840E+08  0.128E+00  0.860E+08  0.130E+00  0.880E+08  0.132E+00
  0.900E+08  0.133E+00  0.920E+08  0.135E+00  0.940E+08  0.137E+00
  0.960E+08  0.139E+00  0.980E+08  0.140E+00  0.100E+09  0.142E+00
RH100
         158
           0
          25
  0.502E+08  0.000E+00  0.540E+08  0.480E-11  0.560E+08  0.144E-07
  0.580E+08  0.116E-05  0.600E+08  0.207E-04  0.620E+08  0.156E-03
  0.640E+08  0.441E-03  0.660E+08  0.150E-02  0.680E+08  0.370E-02
  0.700E+08  0.703E-02  0.720E+08  0.129E-01  0.740E+08  0.205E-01
  0.760E+08  0.318E-01  0.780E+08  0.443E-01  0.800E+08  0.570E-01
  0.820E+08  0.664E-01  0.840E+08  0.784E-01  0.860E+08  0.867E-01
  0.880E+08  0.934E-01  0.900E+08  0.980E-01  0.920E+08  0.101E+00
  0.940E+08  0.101E+00  0.960E+08  0.997E-01  0.980E+08  0.992E-01
  0.100E+09  0.103E+00
RH99 
         159
           0
          20
  0.584E+08  0.000E+00  0.640E+08  0.243E-09  0.660E+08  0.538E-07
  0.680E+08  0.169E-05  0.700E+08  0.123E-04  0.720E+08  0.630E-04
  0.740E+08  0.293E-03  0.760E+08  0.972E-03  0.780E+08  0.246E-02
  0.800E+08  0.520E-02  0.820E+08  0.855E-02  0.840E+08  0.121E-01
  0.860E+08  0.192E-01  0.880E+08  0.278E-01  0.900E+08  0.389E-01
  0.920E+08  0.505E-01  0.940E+08  0.617E-01  0.960E+08  0.732E-01
  0.980E+08  0.813E-01  0.100E+09  0.910E-01
RH98 
         160
           0
          14
  0.690E+08  0.000E+00  0.760E+08  0.499E-11  0.780E+08  0.141E-08
  0.800E+08  0.661E-07  0.820E+08  0.655E-06  0.840E+08  0.352E-05
  0.860E+08  0.216E-04  0.880E+08  0.880E-04  0.900E+08  0.277E-03
  0.920E+08  0.756E-03  0.940E+08  0.168E-02  0.960E+08  0.447E-02
  0.980E+08  0.694E-02  0.100E+09  0.108E-01
RH97 
         161
           0
          10
  0.777E+08  0.000E+00  0.840E+08  0.136E-16  0.860E+08  0.235E-12
  0.880E+08  0.720E-10  0.900E+08  0.464E-08  0.920E+08  0.108E-06
  0.940E+08  0.994E-06  0.960E+08  0.666E-05  0.980E+08  0.242E-04
  0.100E+09  0.881E-04
RH96 
         162
           0
           5
  0.888E+08  0.000E+00  0.940E+08  0.958E-20  0.960E+08  0.302E-15
  0.980E+08  0.133E-12  0.100E+09  0.258E-10
RU104
         174
           0
          55
  0.143E+08  0.000E+00  0.220E+08  0.342E-10  0.230E+08  0.657E-09
  0.240E+08  0.655E-08  0.250E+08  0.492E-07  0.260E+08  0.316E-06
  0.270E+08  0.117E-05  0.280E+08  0.391E-05  0.290E+08  0.901E-05
  0.300E+08  0.179E-04  0.310E+08  0.349E-04  0.320E+08  0.577E-04
  0.330E+08  0.885E-04  0.340E+08  0.119E-03  0.350E+08  0.184E-03
  0.360E+08  0.316E-03  0.370E+08  0.533E-03  0.380E+08  0.855E-03
  0.390E+08  0.129E-02  0.400E+08  0.182E-02  0.410E+08  0.244E-02
  0.420E+08  0.317E-02  0.430E+08  0.390E-02  0.440E+08  0.461E-02
  0.450E+08  0.532E-02  0.460E+08  0.591E-02  0.470E+08  0.660E-02
  0.480E+08  0.729E-02  0.490E+08  0.829E-02  0.500E+08  0.929E-02
  0.520E+08  0.102E-01  0.540E+08  0.110E-01  0.560E+08  0.114E-01
  0.580E+08  0.119E-01  0.600E+08  0.122E-01  0.620E+08  0.116E-01
  0.640E+08  0.114E-01  0.660E+08  0.107E-01  0.680E+08  0.999E-02
  0.700E+08  0.929E-02  0.720E+08  0.885E-02  0.740E+08  0.863E-02
  0.760E+08  0.854E-02  0.780E+08  0.842E-02  0.800E+08  0.837E-02
  0.820E+08  0.868E-02  0.840E+08  0.868E-02  0.860E+08  0.843E-02
  0.880E+08  0.836E-02  0.900E+08  0.834E-02  0.920E+08  0.845E-02
  0.940E+08  0.882E-02  0.960E+08  0.873E-02  0.980E+08  0.868E-02
  0.100E+09  0.860E-02
RU103
         175
           0
          82
  0.100E-04  0.000E+00  0.500E+07  0.108E-05  0.550E+07  0.606E-05
  0.600E+07  0.133E-04  0.650E+07  0.281E-04  0.700E+07  0.515E-04
  0.750E+07  0.860E-04  0.800E+07  0.136E-03  0.850E+07  0.208E-03
  0.900E+07  0.309E-03  0.950E+07  0.451E-03  0.100E+08  0.645E-03
  0.105E+08  0.908E-03  0.110E+08  0.126E-02  0.115E+08  0.169E-02
  0.120E+08  0.221E-02  0.125E+08  0.281E-02  0.130E+08  0.347E-02
  0.135E+08  0.423E-02  0.140E+08  0.492E-02  0.145E+08  0.554E-02
  0.150E+08  0.602E-02  0.160E+08  0.664E-02  0.170E+08  0.640E-02
  0.180E+08  0.588E-02  0.190E+08  0.537E-02  0.200E+08  0.493E-02
  0.210E+08  0.458E-02  0.220E+08  0.396E-02  0.230E+08  0.373E-02
  0.240E+08  0.350E-02  0.250E+08  0.327E-02  0.260E+08  0.303E-02
  0.270E+08  0.281E-02  0.280E+08  0.259E-02  0.290E+08  0.238E-02
  0.300E+08  0.233E-02  0.310E+08  0.214E-02  0.320E+08  0.207E-02
  0.330E+08  0.190E-02  0.340E+08  0.174E-02  0.350E+08  0.160E-02
  0.360E+08  0.148E-02  0.370E+08  0.137E-02  0.380E+08  0.127E-02
  0.390E+08  0.120E-02  0.400E+08  0.119E-02  0.410E+08  0.123E-02
  0.420E+08  0.139E-02  0.430E+08  0.165E-02  0.440E+08  0.217E-02
  0.450E+08  0.276E-02  0.460E+08  0.353E-02  0.470E+08  0.451E-02
  0.480E+08  0.579E-02  0.490E+08  0.769E-02  0.500E+08  0.889E-02
  0.520E+08  0.110E-01  0.540E+08  0.115E-01  0.560E+08  0.126E-01
  0.580E+08  0.137E-01  0.600E+08  0.148E-01  0.620E+08  0.154E-01
  0.640E+08  0.159E-01  0.660E+08  0.167E-01  0.680E+08  0.175E-01
  0.700E+08  0.179E-01  0.720E+08  0.169E-01  0.740E+08  0.163E-01
  0.760E+08  0.159E-01  0.780E+08  0.154E-01  0.800E+08  0.152E-01
  0.820E+08  0.146E-01  0.840E+08  0.139E-01  0.860E+08  0.132E-01
  0.880E+08  0.126E-01  0.900E+08  0.139E-01  0.920E+08  0.132E-01
  0.940E+08  0.129E-01  0.960E+08  0.126E-01  0.980E+08  0.123E-01
  0.100E+09  0.121E-01
RU102
         176
           0
          69
  0.327E+07  0.000E+00  0.115E+08  0.148E-04  0.120E+08  0.640E-04
  0.125E+08  0.170E-03  0.130E+08  0.364E-03  0.135E+08  0.622E-03
  0.140E+08  0.112E-02  0.145E+08  0.187E-02  0.150E+08  0.293E-02
  0.160E+08  0.566E-02  0.170E+08  0.993E-02  0.180E+08  0.149E-01
  0.190E+08  0.199E-01  0.200E+08  0.254E-01  0.210E+08  0.312E-01
  0.220E+08  0.375E-01  0.230E+08  0.435E-01  0.240E+08  0.489E-01
  0.250E+08  0.528E-01  0.260E+08  0.555E-01  0.270E+08  0.540E-01
  0.280E+08  0.523E-01  0.290E+08  0.474E-01  0.300E+08  0.416E-01
  0.310E+08  0.363E-01  0.320E+08  0.321E-01  0.330E+08  0.282E-01
  0.340E+08  0.248E-01  0.350E+08  0.219E-01  0.360E+08  0.196E-01
  0.370E+08  0.181E-01  0.380E+08  0.169E-01  0.390E+08  0.154E-01
  0.400E+08  0.125E-01  0.410E+08  0.115E-01  0.420E+08  0.106E-01
  0.430E+08  0.958E-02  0.440E+08  0.888E-02  0.450E+08  0.828E-02
  0.460E+08  0.781E-02  0.470E+08  0.750E-02  0.480E+08  0.715E-02
  0.490E+08  0.680E-02  0.500E+08  0.701E-02  0.520E+08  0.824E-02
  0.540E+08  0.108E-01  0.560E+08  0.150E-01  0.580E+08  0.188E-01
  0.600E+08  0.221E-01  0.620E+08  0.251E-01  0.640E+08  0.277E-01
  0.660E+08  0.321E-01  0.680E+08  0.333E-01  0.700E+08  0.349E-01
  0.720E+08  0.364E-01  0.740E+08  0.375E-01  0.760E+08  0.394E-01
  0.780E+08  0.408E-01  0.800E+08  0.423E-01  0.820E+08  0.422E-01
  0.840E+08  0.417E-01  0.860E+08  0.411E-01  0.880E+08  0.410E-01
  0.900E+08  0.409E-01  0.920E+08  0.406E-01  0.940E+08  0.397E-01
  0.960E+08  0.389E-01  0.980E+08  0.384E-01  0.100E+09  0.379E-01
RU101
         177
           0
          56
  0.126E+08  0.000E+00  0.210E+08  0.502E-06  0.220E+08  0.437E-04
  0.230E+08  0.274E-03  0.240E+08  0.106E-02  0.250E+08  0.305E-02
  0.260E+08  0.725E-02  0.270E+08  0.134E-01  0.280E+08  0.183E-01
  0.290E+08  0.221E-01  0.300E+08  0.279E-01  0.310E+08  0.322E-01
  0.320E+08  0.340E-01  0.330E+08  0.352E-01  0.340E+08  0.354E-01
  0.350E+08  0.347E-01  0.360E+08  0.338E-01  0.370E+08  0.329E-01
  0.380E+08  0.301E-01  0.390E+08  0.284E-01  0.400E+08  0.269E-01
  0.410E+08  0.252E-01  0.420E+08  0.236E-01  0.430E+08  0.217E-01
  0.440E+08  0.202E-01  0.450E+08  0.188E-01  0.460E+08  0.175E-01
  0.470E+08  0.162E-01  0.480E+08  0.154E-01  0.490E+08  0.146E-01
  0.500E+08  0.138E-01  0.520E+08  0.121E-01  0.540E+08  0.105E-01
  0.560E+08  0.903E-02  0.580E+08  0.806E-02  0.600E+08  0.709E-02
  0.620E+08  0.708E-02  0.640E+08  0.755E-02  0.660E+08  0.764E-02
  0.680E+08  0.824E-02  0.700E+08  0.922E-02  0.720E+08  0.102E-01
  0.740E+08  0.109E-01  0.760E+08  0.112E-01  0.780E+08  0.112E-01
  0.800E+08  0.112E-01  0.820E+08  0.111E-01  0.840E+08  0.131E-01
  0.860E+08  0.136E-01  0.880E+08  0.138E-01  0.900E+08  0.141E-01
  0.920E+08  0.149E-01  0.940E+08  0.154E-01  0.960E+08  0.158E-01
  0.980E+08  0.163E-01  0.100E+09  0.164E-01
RU100
         178
           0
          49
  0.194E+08  0.000E+00  0.280E+08  0.649E-08  0.290E+08  0.355E-06
  0.300E+08  0.394E-05  0.310E+08  0.214E-04  0.320E+08  0.764E-04
  0.330E+08  0.194E-03  0.340E+08  0.489E-03  0.350E+08  0.103E-02
  0.360E+08  0.188E-02  0.370E+08  0.304E-02  0.380E+08  0.491E-02
  0.390E+08  0.664E-02  0.400E+08  0.894E-02  0.410E+08  0.110E-01
  0.420E+08  0.131E-01  0.430E+08  0.156E-01  0.440E+08  0.176E-01
  0.450E+08  0.195E-01  0.460E+08  0.213E-01  0.470E+08  0.229E-01
  0.480E+08  0.239E-01  0.490E+08  0.230E-01  0.500E+08  0.225E-01
  0.520E+08  0.214E-01  0.540E+08  0.203E-01  0.560E+08  0.192E-01
  0.580E+08  0.182E-01  0.600E+08  0.171E-01  0.620E+08  0.153E-01
  0.640E+08  0.135E-01  0.660E+08  0.118E-01  0.680E+08  0.108E-01
  0.700E+08  0.979E-02  0.720E+08  0.884E-02  0.740E+08  0.842E-02
  0.760E+08  0.788E-02  0.780E+08  0.769E-02  0.800E+08  0.701E-02
  0.820E+08  0.707E-02  0.840E+08  0.753E-02  0.860E+08  0.752E-02
  0.880E+08  0.750E-02  0.900E+08  0.771E-02  0.920E+08  0.783E-02
  0.940E+08  0.784E-02  0.960E+08  0.828E-02  0.980E+08  0.778E-02
  0.100E+09  0.777E-02
RU99 
         179
           0
          39
  0.292E+08  0.000E+00  0.380E+08  0.860E-10  0.390E+08  0.145E-07
  0.400E+08  0.266E-06  0.410E+08  0.127E-05  0.420E+08  0.669E-05
  0.430E+08  0.337E-04  0.440E+08  0.102E-03  0.450E+08  0.262E-03
  0.460E+08  0.577E-03  0.470E+08  0.111E-02  0.480E+08  0.164E-02
  0.490E+08  0.313E-02  0.500E+08  0.459E-02  0.520E+08  0.846E-02
  0.540E+08  0.128E-01  0.560E+08  0.166E-01  0.580E+08  0.199E-01
  0.600E+08  0.231E-01  0.620E+08  0.233E-01  0.640E+08  0.236E-01
  0.660E+08  0.228E-01  0.680E+08  0.217E-01  0.700E+08  0.207E-01
  0.720E+08  0.196E-01  0.740E+08  0.183E-01  0.760E+08  0.163E-01
  0.780E+08  0.144E-01  0.800E+08  0.129E-01  0.820E+08  0.120E-01
  0.840E+08  0.110E-01  0.860E+08  0.109E-01  0.880E+08  0.108E-01
  0.900E+08  0.116E-01  0.920E+08  0.121E-01  0.940E+08  0.127E-01
  0.960E+08  0.135E-01  0.980E+08  0.143E-01  0.100E+09  0.144E-01
RU98 
         180
           0
          32
  0.367E+08  0.000E+00  0.450E+08  0.305E-14  0.460E+08  0.853E-10
  0.470E+08  0.929E-08  0.480E+08  0.515E-07  0.490E+08  0.749E-06
  0.500E+08  0.357E-05  0.520E+08  0.432E-04  0.540E+08  0.277E-03
  0.560E+08  0.972E-03  0.580E+08  0.257E-02  0.600E+08  0.601E-02
  0.620E+08  0.125E-01  0.640E+08  0.179E-01  0.660E+08  0.245E-01
  0.680E+08  0.311E-01  0.700E+08  0.374E-01  0.720E+08  0.410E-01
  0.740E+08  0.447E-01  0.760E+08  0.467E-01  0.780E+08  0.474E-01
  0.800E+08  0.472E-01  0.820E+08  0.459E-01  0.840E+08  0.443E-01
  0.860E+08  0.422E-01  0.880E+08  0.400E-01  0.900E+08  0.383E-01
  0.920E+08  0.382E-01  0.940E+08  0.370E-01  0.960E+08  0.363E-01
  0.980E+08  0.353E-01  0.100E+09  0.343E-01
RU97 
         181
           0
          23
  0.470E+08  0.000E+00  0.580E+08  0.775E-09  0.600E+08  0.548E-07
  0.620E+08  0.157E-05  0.640E+08  0.919E-05  0.660E+08  0.123E-03
  0.680E+08  0.478E-03  0.700E+08  0.137E-02  0.720E+08  0.311E-02
  0.740E+08  0.510E-02  0.760E+08  0.832E-02  0.780E+08  0.115E-01
  0.800E+08  0.148E-01  0.820E+08  0.180E-01  0.840E+08  0.212E-01
  0.860E+08  0.244E-01  0.880E+08  0.277E-01  0.900E+08  0.309E-01
  0.920E+08  0.341E-01  0.940E+08  0.354E-01  0.960E+08  0.354E-01
  0.980E+08  0.341E-01  0.100E+09  0.306E-01
RU96 
         182
           0
          19
  0.552E+08  0.000E+00  0.660E+08  0.601E-10  0.680E+08  0.674E-08
  0.700E+08  0.206E-06  0.720E+08  0.275E-05  0.740E+08  0.801E-05
  0.760E+08  0.495E-04  0.780E+08  0.194E-03  0.800E+08  0.663E-03
  0.820E+08  0.129E-02  0.840E+08  0.268E-02  0.860E+08  0.427E-02
  0.880E+08  0.670E-02  0.900E+08  0.926E-02  0.920E+08  0.120E-01
  0.940E+08  0.141E-01  0.960E+08  0.177E-01  0.980E+08  0.208E-01
  0.100E+09  0.258E-01
RU95 
         183
           0
          13
  0.660E+08  0.000E+00  0.780E+08  0.255E-12  0.800E+08  0.850E-10
  0.820E+08  0.147E-08  0.840E+08  0.408E-07  0.860E+08  0.306E-06
  0.880E+08  0.349E-05  0.900E+08  0.148E-04  0.920E+08  0.481E-04
  0.940E+08  0.131E-03  0.960E+08  0.301E-03  0.980E+08  0.576E-03
  0.100E+09  0.125E-02
RU94 
         184
           0
           9
  0.750E+08  0.000E+00  0.860E+08  0.774E-17  0.880E+08  0.922E-13
  0.900E+08  0.157E-10  0.920E+08  0.756E-09  0.940E+08  0.737E-08
  0.960E+08  0.608E-07  0.980E+08  0.281E-06  0.100E+09  0.180E-05
RU93 
         185
           0
           2
  0.885E+08  0.000E+00  0.100E+09  0.131E-18
TC104
         219
           0
          45
  0.214E+08  0.000E+00  0.320E+08  0.687E-17  0.330E+08  0.951E-15
  0.340E+08  0.236E-13  0.350E+08  0.348E-12  0.360E+08  0.240E-11
  0.370E+08  0.922E-11  0.380E+08  0.420E-10  0.390E+08  0.171E-09
  0.400E+08  0.584E-09  0.410E+08  0.147E-08  0.420E+08  0.397E-08
  0.430E+08  0.954E-08  0.440E+08  0.205E-07  0.450E+08  0.397E-07
  0.460E+08  0.669E-07  0.470E+08  0.108E-06  0.480E+08  0.171E-06
  0.490E+08  0.231E-06  0.500E+08  0.324E-06  0.520E+08  0.444E-06
  0.540E+08  0.521E-06  0.560E+08  0.614E-06  0.580E+08  0.766E-06
  0.600E+08  0.801E-06  0.620E+08  0.882E-06  0.640E+08  0.930E-06
  0.660E+08  0.999E-06  0.680E+08  0.902E-06  0.700E+08  0.924E-06
  0.720E+08  0.101E-05  0.740E+08  0.991E-06  0.760E+08  0.989E-06
  0.780E+08  0.968E-06  0.800E+08  0.825E-06  0.820E+08  0.870E-06
  0.840E+08  0.604E-06  0.860E+08  0.592E-06  0.880E+08  0.588E-06
  0.900E+08  0.501E-06  0.920E+08  0.488E-06  0.940E+08  0.509E-06
  0.960E+08  0.675E-06  0.980E+08  0.669E-06  0.100E+09  0.578E-06
TC103
         220
           0
          41
  0.252E+08  0.000E+00  0.360E+08  0.448E-17  0.370E+08  0.369E-15
  0.380E+08  0.891E-14  0.390E+08  0.146E-12  0.400E+08  0.205E-11
  0.410E+08  0.246E-10  0.420E+08  0.171E-09  0.430E+08  0.877E-09
  0.440E+08  0.362E-08  0.450E+08  0.104E-07  0.460E+08  0.286E-07
  0.470E+08  0.690E-07  0.480E+08  0.172E-06  0.490E+08  0.301E-06
  0.500E+08  0.575E-06  0.520E+08  0.143E-05  0.540E+08  0.251E-05
  0.560E+08  0.559E-05  0.580E+08  0.806E-05  0.600E+08  0.116E-04
  0.620E+08  0.169E-04  0.640E+08  0.204E-04  0.660E+08  0.242E-04
  0.680E+08  0.246E-04  0.700E+08  0.261E-04  0.720E+08  0.285E-04
  0.740E+08  0.286E-04  0.760E+08  0.301E-04  0.780E+08  0.311E-04
  0.800E+08  0.302E-04  0.820E+08  0.337E-04  0.840E+08  0.351E-04
  0.860E+08  0.377E-04  0.880E+08  0.407E-04  0.900E+08  0.334E-04
  0.920E+08  0.349E-04  0.940E+08  0.368E-04  0.960E+08  0.370E-04
  0.980E+08  0.377E-04  0.100E+09  0.352E-04
TC102
         221
           0
          58
  0.705E+07  0.000E+00  0.190E+08  0.328E-10  0.200E+08  0.647E-09
  0.210E+08  0.442E-08  0.220E+08  0.226E-07  0.230E+08  0.735E-07
  0.240E+08  0.197E-06  0.250E+08  0.378E-06  0.260E+08  0.842E-06
  0.270E+08  0.154E-05  0.280E+08  0.282E-05  0.290E+08  0.454E-05
  0.300E+08  0.715E-05  0.310E+08  0.100E-04  0.320E+08  0.125E-04
  0.330E+08  0.157E-04  0.340E+08  0.186E-04  0.350E+08  0.222E-04
  0.360E+08  0.227E-04  0.370E+08  0.243E-04  0.380E+08  0.258E-04
  0.390E+08  0.277E-04  0.400E+08  0.293E-04  0.410E+08  0.298E-04
  0.420E+08  0.299E-04  0.430E+08  0.296E-04  0.440E+08  0.344E-04
  0.450E+08  0.338E-04  0.460E+08  0.240E-04  0.470E+08  0.233E-04
  0.480E+08  0.226E-04  0.490E+08  0.346E-04  0.500E+08  0.340E-04
  0.520E+08  0.280E-04  0.540E+08  0.255E-04  0.560E+08  0.250E-04
  0.580E+08  0.165E-04  0.600E+08  0.187E-04  0.620E+08  0.213E-04
  0.640E+08  0.273E-04  0.660E+08  0.414E-04  0.680E+08  0.556E-04
  0.700E+08  0.738E-04  0.720E+08  0.954E-04  0.740E+08  0.107E-03
  0.760E+08  0.125E-03  0.780E+08  0.136E-03  0.800E+08  0.141E-03
  0.820E+08  0.170E-03  0.840E+08  0.152E-03  0.860E+08  0.156E-03
  0.880E+08  0.165E-03  0.900E+08  0.158E-03  0.920E+08  0.173E-03
  0.940E+08  0.192E-03  0.960E+08  0.215E-03  0.980E+08  0.250E-03
  0.100E+09  0.273E-03
TC101
         222
           0
          54
  0.112E+08  0.000E+00  0.230E+08  0.656E-12  0.240E+08  0.396E-10
  0.250E+08  0.516E-09  0.260E+08  0.520E-08  0.270E+08  0.338E-07
  0.280E+08  0.181E-06  0.290E+08  0.627E-06  0.300E+08  0.190E-05
  0.310E+08  0.503E-05  0.320E+08  0.103E-04  0.330E+08  0.205E-04
  0.340E+08  0.393E-04  0.350E+08  0.676E-04  0.360E+08  0.113E-03
  0.370E+08  0.188E-03  0.380E+08  0.308E-03  0.390E+08  0.498E-03
  0.400E+08  0.787E-03  0.410E+08  0.115E-02  0.420E+08  0.162E-02
  0.430E+08  0.222E-02  0.440E+08  0.281E-02  0.450E+08  0.339E-02
  0.460E+08  0.377E-02  0.470E+08  0.415E-02  0.480E+08  0.455E-02
  0.490E+08  0.525E-02  0.500E+08  0.594E-02  0.520E+08  0.582E-02
  0.540E+08  0.565E-02  0.560E+08  0.548E-02  0.580E+08  0.487E-02
  0.600E+08  0.425E-02  0.620E+08  0.381E-02  0.640E+08  0.350E-02
  0.660E+08  0.329E-02  0.680E+08  0.308E-02  0.700E+08  0.290E-02
  0.720E+08  0.268E-02  0.740E+08  0.248E-02  0.760E+08  0.199E-02
  0.780E+08  0.200E-02  0.800E+08  0.206E-02  0.820E+08  0.202E-02
  0.840E+08  0.213E-02  0.860E+08  0.213E-02  0.880E+08  0.216E-02
  0.900E+08  0.214E-02  0.920E+08  0.208E-02  0.940E+08  0.195E-02
  0.960E+08  0.216E-02  0.980E+08  0.218E-02  0.100E+09  0.216E-02
TC100
         223
           0
          46
  0.196E+08  0.000E+00  0.310E+08  0.947E-15  0.320E+08  0.268E-10
  0.330E+08  0.113E-08  0.340E+08  0.105E-07  0.350E+08  0.622E-07
  0.360E+08  0.270E-06  0.370E+08  0.992E-06  0.380E+08  0.319E-05
  0.390E+08  0.954E-05  0.400E+08  0.274E-04  0.410E+08  0.689E-04
  0.420E+08  0.169E-03  0.430E+08  0.387E-03  0.440E+08  0.671E-03
  0.450E+08  0.119E-02  0.460E+08  0.199E-02  0.470E+08  0.277E-02
  0.480E+08  0.408E-02  0.490E+08  0.496E-02  0.500E+08  0.644E-02
  0.520E+08  0.919E-02  0.540E+08  0.118E-01  0.560E+08  0.139E-01
  0.580E+08  0.154E-01  0.600E+08  0.156E-01  0.620E+08  0.163E-01
  0.640E+08  0.156E-01  0.660E+08  0.151E-01  0.680E+08  0.149E-01
  0.700E+08  0.147E-01  0.720E+08  0.140E-01  0.740E+08  0.132E-01
  0.760E+08  0.125E-01  0.780E+08  0.118E-01  0.800E+08  0.111E-01
  0.820E+08  0.104E-01  0.840E+08  0.962E-02  0.860E+08  0.890E-02
  0.880E+08  0.871E-02  0.900E+08  0.797E-02  0.920E+08  0.761E-02
  0.940E+08  0.723E-02  0.960E+08  0.671E-02  0.980E+08  0.665E-02
  0.100E+09  0.648E-02
TC99 
         224
           0
          39
  0.265E+08  0.000E+00  0.380E+08  0.583E-13  0.390E+08  0.124E-10
  0.400E+08  0.334E-09  0.410E+08  0.303E-08  0.420E+08  0.256E-07
  0.430E+08  0.152E-06  0.440E+08  0.677E-06  0.450E+08  0.256E-05
  0.460E+08  0.601E-05  0.470E+08  0.170E-04  0.480E+08  0.449E-04
  0.490E+08  0.102E-03  0.500E+08  0.204E-03  0.520E+08  0.633E-03
  0.540E+08  0.153E-02  0.560E+08  0.287E-02  0.580E+08  0.503E-02
  0.600E+08  0.719E-02  0.620E+08  0.778E-02  0.640E+08  0.899E-02
  0.660E+08  0.102E-01  0.680E+08  0.981E-02  0.700E+08  0.983E-02
  0.720E+08  0.984E-02  0.740E+08  0.986E-02  0.760E+08  0.104E-01
  0.780E+08  0.100E-01  0.800E+08  0.976E-02  0.820E+08  0.927E-02
  0.840E+08  0.845E-02  0.860E+08  0.814E-02  0.880E+08  0.810E-02
  0.900E+08  0.848E-02  0.920E+08  0.811E-02  0.940E+08  0.774E-02
  0.960E+08  0.748E-02  0.980E+08  0.738E-02  0.100E+09  0.720E-02
TC98 
         225
           0
          30
  0.355E+08  0.000E+00  0.470E+08  0.142E-16  0.480E+08  0.366E-13
  0.490E+08  0.134E-11  0.500E+08  0.308E-10  0.520E+08  0.294E-08
  0.540E+08  0.139E-06  0.560E+08  0.144E-05  0.580E+08  0.915E-05
  0.600E+08  0.366E-04  0.620E+08  0.119E-03  0.640E+08  0.279E-03
  0.660E+08  0.565E-03  0.680E+08  0.985E-03  0.700E+08  0.143E-02
  0.720E+08  0.206E-02  0.740E+08  0.268E-02  0.760E+08  0.345E-02
  0.780E+08  0.396E-02  0.800E+08  0.449E-02  0.820E+08  0.468E-02
  0.840E+08  0.465E-02  0.860E+08  0.474E-02  0.880E+08  0.477E-02
  0.900E+08  0.475E-02  0.920E+08  0.505E-02  0.940E+08  0.526E-02
  0.960E+08  0.512E-02  0.980E+08  0.502E-02  0.100E+09  0.489E-02
TC97 
         226
           0
          24
  0.429E+08  0.000E+00  0.560E+08  0.873E-13  0.580E+08  0.337E-10
  0.600E+08  0.209E-08  0.620E+08  0.590E-07  0.640E+08  0.124E-05
  0.660E+08  0.782E-05  0.680E+08  0.319E-04  0.700E+08  0.109E-03
  0.720E+08  0.269E-03  0.740E+08  0.628E-03  0.760E+08  0.124E-02
  0.780E+08  0.208E-02  0.800E+08  0.334E-02  0.820E+08  0.459E-02
  0.840E+08  0.616E-02  0.860E+08  0.786E-02  0.880E+08  0.897E-02
  0.900E+08  0.108E-01  0.920E+08  0.120E-01  0.940E+08  0.126E-01
  0.960E+08  0.136E-01  0.980E+08  0.147E-01  0.100E+09  0.150E-01
TC96 
         227
           0
          20
  0.524E+08  0.000E+00  0.640E+08  0.727E-17  0.660E+08  0.897E-13
  0.680E+08  0.216E-10  0.700E+08  0.842E-09  0.720E+08  0.134E-07
  0.740E+08  0.297E-06  0.760E+08  0.234E-05  0.780E+08  0.121E-04
  0.800E+08  0.470E-04  0.820E+08  0.121E-03  0.840E+08  0.317E-03
  0.860E+08  0.660E-03  0.880E+08  0.141E-02  0.900E+08  0.252E-02
  0.920E+08  0.362E-02  0.940E+08  0.527E-02  0.960E+08  0.745E-02
  0.980E+08  0.912E-02  0.100E+09  0.108E-01
TC95 
         228
           0
          16
  0.604E+08  0.000E+00  0.720E+08  0.157E-22  0.740E+08  0.200E-15
  0.760E+08  0.275E-12  0.780E+08  0.349E-10  0.800E+08  0.144E-08
  0.820E+08  0.166E-07  0.840E+08  0.191E-06  0.860E+08  0.135E-05
  0.880E+08  0.829E-05  0.900E+08  0.328E-04  0.920E+08  0.117E-03
  0.940E+08  0.282E-03  0.960E+08  0.650E-03  0.980E+08  0.121E-02
  0.100E+09  0.207E-02
TC94 
         229
           0
          10
  0.704E+08  0.000E+00  0.840E+08  0.597E-19  0.860E+08  0.227E-15
  0.880E+08  0.143E-12  0.900E+08  0.129E-10  0.920E+08  0.703E-09
  0.940E+08  0.104E-07  0.960E+08  0.136E-06  0.980E+08  0.817E-06
  0.100E+09  0.399E-05
TC93 
         230
           0
           6
  0.791E+08  0.000E+00  0.920E+08  0.395E-22  0.940E+08  0.170E-17
  0.960E+08  0.297E-14  0.980E+08  0.291E-12  0.100E+09  0.179E-10
MO103
         254
           0
          32
  0.307E+08  0.000E+00  0.450E+08  0.954E-22  0.460E+08  0.881E-20
  0.470E+08  0.252E-18  0.480E+08  0.521E-17  0.490E+08  0.694E-16
  0.500E+08  0.406E-15  0.520E+08  0.651E-14  0.540E+08  0.393E-13
  0.560E+08  0.548E-12  0.580E+08  0.186E-11  0.600E+08  0.878E-11
  0.620E+08  0.256E-10  0.640E+08  0.748E-10  0.660E+08  0.122E-09
  0.680E+08  0.198E-09  0.700E+08  0.297E-09  0.720E+08  0.347E-09
  0.740E+08  0.459E-09  0.760E+08  0.549E-09  0.780E+08  0.606E-09
  0.800E+08  0.617E-09  0.820E+08  0.654E-09  0.840E+08  0.534E-09
  0.860E+08  0.553E-09  0.880E+08  0.609E-09  0.900E+08  0.641E-09
  0.920E+08  0.753E-09  0.940E+08  0.115E-08  0.960E+08  0.151E-08
  0.980E+08  0.185E-08  0.100E+09  0.207E-08
MO102
         255
           0
          29
  0.336E+08  0.000E+00  0.480E+08  0.486E-22  0.490E+08  0.165E-19
  0.500E+08  0.254E-18  0.520E+08  0.305E-16  0.540E+08  0.668E-15
  0.560E+08  0.484E-13  0.580E+08  0.419E-12  0.600E+08  0.336E-11
  0.620E+08  0.229E-10  0.640E+08  0.135E-09  0.660E+08  0.648E-09
  0.680E+08  0.205E-08  0.700E+08  0.554E-08  0.720E+08  0.120E-07
  0.740E+08  0.250E-07  0.760E+08  0.449E-07  0.780E+08  0.698E-07
  0.800E+08  0.119E-06  0.820E+08  0.153E-06  0.840E+08  0.174E-06
  0.860E+08  0.200E-06  0.880E+08  0.228E-06  0.900E+08  0.246E-06
  0.920E+08  0.249E-06  0.940E+08  0.263E-06  0.960E+08  0.282E-06
  0.980E+08  0.296E-06  0.100E+09  0.343E-06
MO101
         256
           0
          47
  0.155E+08  0.000E+00  0.300E+08  0.230E-18  0.310E+08  0.652E-16
  0.320E+08  0.120E-14  0.330E+08  0.154E-13  0.340E+08  0.149E-12
  0.350E+08  0.750E-12  0.360E+08  0.388E-11  0.370E+08  0.150E-10
  0.380E+08  0.603E-10  0.390E+08  0.218E-09  0.400E+08  0.708E-09
  0.410E+08  0.165E-08  0.420E+08  0.428E-08  0.430E+08  0.106E-07
  0.440E+08  0.242E-07  0.450E+08  0.455E-07  0.460E+08  0.791E-07
  0.470E+08  0.123E-06  0.480E+08  0.185E-06  0.490E+08  0.256E-06
  0.500E+08  0.367E-06  0.520E+08  0.513E-06  0.540E+08  0.626E-06
  0.560E+08  0.722E-06  0.580E+08  0.647E-06  0.600E+08  0.694E-06
  0.620E+08  0.679E-06  0.640E+08  0.654E-06  0.660E+08  0.645E-06
  0.680E+08  0.539E-06  0.700E+08  0.522E-06  0.720E+08  0.550E-06
  0.740E+08  0.338E-06  0.760E+08  0.357E-06  0.780E+08  0.376E-06
  0.800E+08  0.439E-06  0.820E+08  0.563E-06  0.840E+08  0.691E-06
  0.860E+08  0.843E-06  0.880E+08  0.104E-05  0.900E+08  0.138E-05
  0.920E+08  0.151E-05  0.940E+08  0.162E-05  0.960E+08  0.178E-05
  0.980E+08  0.191E-05  0.100E+09  0.196E-05
MO100
         257
           0
          43
  0.187E+08  0.000E+00  0.340E+08  0.182E-16  0.350E+08  0.858E-15
  0.360E+08  0.174E-13  0.370E+08  0.182E-12  0.380E+08  0.144E-11
  0.390E+08  0.949E-11  0.400E+08  0.523E-10  0.410E+08  0.155E-09
  0.420E+08  0.707E-09  0.430E+08  0.291E-08  0.440E+08  0.100E-07
  0.450E+08  0.288E-07  0.460E+08  0.813E-07  0.470E+08  0.194E-06
  0.480E+08  0.442E-06  0.490E+08  0.597E-06  0.500E+08  0.116E-05
  0.520E+08  0.327E-05  0.540E+08  0.710E-05  0.560E+08  0.143E-04
  0.580E+08  0.255E-04  0.600E+08  0.413E-04  0.620E+08  0.561E-04
  0.640E+08  0.718E-04  0.660E+08  0.848E-04  0.680E+08  0.843E-04
  0.700E+08  0.903E-04  0.720E+08  0.946E-04  0.740E+08  0.868E-04
  0.760E+08  0.884E-04  0.780E+08  0.846E-04  0.800E+08  0.779E-04
  0.820E+08  0.777E-04  0.840E+08  0.575E-04  0.860E+08  0.565E-04
  0.880E+08  0.567E-04  0.900E+08  0.510E-04  0.920E+08  0.522E-04
  0.940E+08  0.530E-04  0.960E+08  0.546E-04  0.980E+08  0.559E-04
  0.100E+09  0.568E-04
MO99 
         258
           0
          60
  0.728E+06  0.000E+00  0.170E+08  0.108E-11  0.180E+08  0.210E-10
  0.190E+08  0.177E-09  0.200E+08  0.830E-09  0.210E+08  0.213E-08
  0.220E+08  0.823E-08  0.230E+08  0.214E-07  0.240E+08  0.497E-07
  0.250E+08  0.105E-06  0.260E+08  0.205E-06  0.270E+08  0.374E-06
  0.280E+08  0.636E-06  0.290E+08  0.105E-05  0.300E+08  0.172E-05
  0.310E+08  0.187E-05  0.320E+08  0.222E-05  0.330E+08  0.274E-05
  0.340E+08  0.318E-05  0.350E+08  0.355E-05  0.360E+08  0.383E-05
  0.370E+08  0.404E-05  0.380E+08  0.418E-05  0.390E+08  0.427E-05
  0.400E+08  0.460E-05  0.410E+08  0.560E-05  0.420E+08  0.477E-05
  0.430E+08  0.465E-05  0.440E+08  0.452E-05  0.450E+08  0.435E-05
  0.460E+08  0.419E-05  0.470E+08  0.399E-05  0.480E+08  0.379E-05
  0.490E+08  0.348E-05  0.500E+08  0.327E-05  0.520E+08  0.295E-05
  0.540E+08  0.292E-05  0.560E+08  0.415E-05  0.580E+08  0.831E-05
  0.600E+08  0.148E-04  0.620E+08  0.302E-04  0.640E+08  0.572E-04
  0.660E+08  0.996E-04  0.680E+08  0.143E-03  0.700E+08  0.193E-03
  0.720E+08  0.249E-03  0.740E+08  0.280E-03  0.760E+08  0.321E-03
  0.780E+08  0.337E-03  0.800E+08  0.374E-03  0.820E+08  0.383E-03
  0.840E+08  0.337E-03  0.860E+08  0.281E-03  0.880E+08  0.282E-03
  0.900E+08  0.262E-03  0.920E+08  0.257E-03  0.940E+08  0.259E-03
  0.960E+08  0.268E-03  0.980E+08  0.284E-03  0.100E+09  0.344E-03
MO98 
         259
           0
          54
  0.671E+07  0.000E+00  0.230E+08  0.669E-11  0.240E+08  0.157E-09
  0.250E+08  0.134E-08  0.260E+08  0.745E-08  0.270E+08  0.316E-07
  0.280E+08  0.111E-06  0.290E+08  0.271E-06  0.300E+08  0.778E-06
  0.310E+08  0.183E-05  0.320E+08  0.324E-05  0.330E+08  0.671E-05
  0.340E+08  0.130E-04  0.350E+08  0.240E-04  0.360E+08  0.430E-04
  0.370E+08  0.743E-04  0.380E+08  0.124E-03  0.390E+08  0.196E-03
  0.400E+08  0.310E-03  0.410E+08  0.446E-03  0.420E+08  0.557E-03
  0.430E+08  0.750E-03  0.440E+08  0.904E-03  0.450E+08  0.104E-02
  0.460E+08  0.120E-02  0.470E+08  0.129E-02  0.480E+08  0.134E-02
  0.490E+08  0.117E-02  0.500E+08  0.117E-02  0.520E+08  0.113E-02
  0.540E+08  0.100E-02  0.560E+08  0.881E-03  0.580E+08  0.842E-03
  0.600E+08  0.723E-03  0.620E+08  0.627E-03  0.640E+08  0.545E-03
  0.660E+08  0.542E-03  0.680E+08  0.508E-03  0.700E+08  0.473E-03
  0.720E+08  0.518E-03  0.740E+08  0.633E-03  0.760E+08  0.798E-03
  0.780E+08  0.994E-03  0.800E+08  0.116E-02  0.820E+08  0.136E-02
  0.840E+08  0.152E-02  0.860E+08  0.165E-02  0.880E+08  0.179E-02
  0.900E+08  0.181E-02  0.920E+08  0.180E-02  0.940E+08  0.165E-02
  0.960E+08  0.161E-02  0.980E+08  0.162E-02  0.100E+09  0.153E-02
MO97 
         260
           0
          45
  0.154E+08  0.000E+00  0.320E+08  0.201E-12  0.330E+08  0.142E-10
  0.340E+08  0.239E-09  0.350E+08  0.216E-08  0.360E+08  0.154E-07
  0.370E+08  0.864E-07  0.380E+08  0.399E-06  0.390E+08  0.213E-05
  0.400E+08  0.717E-05  0.410E+08  0.161E-04  0.420E+08  0.369E-04
  0.430E+08  0.888E-04  0.440E+08  0.162E-03  0.450E+08  0.264E-03
  0.460E+08  0.361E-03  0.470E+08  0.509E-03  0.480E+08  0.670E-03
  0.490E+08  0.938E-03  0.500E+08  0.111E-02  0.520E+08  0.141E-02
  0.540E+08  0.162E-02  0.560E+08  0.165E-02  0.580E+08  0.153E-02
  0.600E+08  0.144E-02  0.620E+08  0.130E-02  0.640E+08  0.117E-02
  0.660E+08  0.100E-02  0.680E+08  0.899E-03  0.700E+08  0.751E-03
  0.720E+08  0.642E-03  0.740E+08  0.554E-03  0.760E+08  0.486E-03
  0.780E+08  0.430E-03  0.800E+08  0.411E-03  0.820E+08  0.419E-03
  0.840E+08  0.413E-03  0.860E+08  0.514E-03  0.880E+08  0.597E-03
  0.900E+08  0.686E-03  0.920E+08  0.762E-03  0.940E+08  0.911E-03
  0.960E+08  0.957E-03  0.980E+08  0.100E-02  0.100E+09  0.101E-02
MO96 
         261
           0
          38
  0.223E+08  0.000E+00  0.390E+08  0.540E-13  0.400E+08  0.321E-11
  0.410E+08  0.376E-10  0.420E+08  0.348E-09  0.430E+08  0.334E-08
  0.440E+08  0.120E-07  0.450E+08  0.376E-07  0.460E+08  0.150E-06
  0.470E+08  0.517E-06  0.480E+08  0.146E-05  0.490E+08  0.504E-05
  0.500E+08  0.110E-04  0.520E+08  0.267E-04  0.540E+08  0.916E-04
  0.560E+08  0.173E-03  0.580E+08  0.257E-03  0.600E+08  0.400E-03
  0.620E+08  0.555E-03  0.640E+08  0.724E-03  0.660E+08  0.856E-03
  0.680E+08  0.101E-02  0.700E+08  0.112E-02  0.720E+08  0.116E-02
  0.740E+08  0.117E-02  0.760E+08  0.118E-02  0.780E+08  0.107E-02
  0.800E+08  0.987E-03  0.820E+08  0.897E-03  0.840E+08  0.792E-03
  0.860E+08  0.800E-03  0.880E+08  0.718E-03  0.900E+08  0.681E-03
  0.920E+08  0.659E-03  0.940E+08  0.658E-03  0.960E+08  0.715E-03
  0.980E+08  0.741E-03  0.100E+09  0.827E-03
MO95 
         262
           0
          29
  0.316E+08  0.000E+00  0.480E+08  0.141E-17  0.490E+08  0.108E-12
  0.500E+08  0.204E-11  0.520E+08  0.142E-09  0.540E+08  0.571E-08
  0.560E+08  0.719E-07  0.580E+08  0.600E-06  0.600E+08  0.440E-05
  0.620E+08  0.184E-04  0.640E+08  0.566E-04  0.660E+08  0.126E-03
  0.680E+08  0.268E-03  0.700E+08  0.416E-03  0.720E+08  0.667E-03
  0.740E+08  0.958E-03  0.760E+08  0.130E-02  0.780E+08  0.166E-02
  0.800E+08  0.175E-02  0.820E+08  0.188E-02  0.840E+08  0.195E-02
  0.860E+08  0.191E-02  0.880E+08  0.184E-02  0.900E+08  0.178E-02
  0.920E+08  0.165E-02  0.940E+08  0.148E-02  0.960E+08  0.137E-02
  0.980E+08  0.122E-02  0.100E+09  0.130E-02
MO94 
         263
           0
          24
  0.390E+08  0.000E+00  0.560E+08  0.155E-15  0.580E+08  0.327E-12
  0.600E+08  0.458E-10  0.620E+08  0.220E-08  0.640E+08  0.259E-07
  0.660E+08  0.271E-06  0.680E+08  0.182E-05  0.700E+08  0.635E-05
  0.720E+08  0.241E-04  0.740E+08  0.636E-04  0.760E+08  0.158E-03
  0.780E+08  0.370E-03  0.800E+08  0.737E-03  0.820E+08  0.110E-02
  0.840E+08  0.166E-02  0.860E+08  0.219E-02  0.880E+08  0.277E-02
  0.900E+08  0.335E-02  0.920E+08  0.387E-02  0.940E+08  0.420E-02
  0.960E+08  0.446E-02  0.980E+08  0.462E-02  0.100E+09  0.455E-02
MO93 
         264
           0
          19
  0.488E+08  0.000E+00  0.660E+08  0.416E-15  0.680E+08  0.146E-12
  0.700E+08  0.898E-11  0.720E+08  0.293E-09  0.740E+08  0.181E-08
  0.760E+08  0.226E-07  0.780E+08  0.203E-06  0.800E+08  0.182E-05
  0.820E+08  0.429E-05  0.840E+08  0.182E-04  0.860E+08  0.459E-04
  0.880E+08  0.112E-03  0.900E+08  0.229E-03  0.920E+08  0.422E-03
  0.940E+08  0.909E-03  0.960E+08  0.135E-02  0.980E+08  0.199E-02
  0.100E+09  0.259E-02
MO92 
         265
           0
          14
  0.569E+08  0.000E+00  0.760E+08  0.963E-16  0.780E+08  0.381E-13
  0.800E+08  0.676E-11  0.820E+08  0.970E-10  0.840E+08  0.224E-08
  0.860E+08  0.174E-07  0.880E+08  0.144E-06  0.900E+08  0.723E-06
  0.920E+08  0.321E-05  0.940E+08  0.164E-04  0.960E+08  0.440E-04
  0.980E+08  0.116E-03  0.100E+09  0.236E-03
MO91 
         266
           0
           8
  0.697E+08  0.000E+00  0.880E+08  0.221E-20  0.900E+08  0.384E-17
  0.920E+08  0.117E-14  0.940E+08  0.399E-13  0.960E+08  0.116E-11
  0.980E+08  0.241E-10  0.100E+09  0.358E-09
MO90 
         267
           0
           3
  0.799E+08  0.000E+00  0.980E+08  0.351E-24  0.100E+09  0.317E-20
NB102
         275
           0
          22
  0.423E+08  0.000E+00  0.600E+08  0.627E-27  0.620E+08  0.147E-23
  0.640E+08  0.355E-21  0.660E+08  0.602E-19  0.680E+08  0.977E-18
  0.700E+08  0.193E-16  0.720E+08  0.208E-15  0.740E+08  0.166E-14
  0.760E+08  0.990E-14  0.780E+08  0.368E-13  0.800E+08  0.165E-12
  0.820E+08  0.488E-12  0.840E+08  0.109E-11  0.860E+08  0.207E-11
  0.880E+08  0.404E-11  0.900E+08  0.617E-11  0.920E+08  0.951E-11
  0.940E+08  0.116E-10  0.960E+08  0.152E-10  0.980E+08  0.188E-10
  0.100E+09  0.183E-10
NB101
         276
           0
          21
  0.457E+08  0.000E+00  0.620E+08  0.103E-29  0.640E+08  0.406E-26
  0.660E+08  0.594E-23  0.680E+08  0.143E-20  0.700E+08  0.127E-18
  0.720E+08  0.514E-17  0.740E+08  0.111E-15  0.760E+08  0.159E-14
  0.780E+08  0.133E-13  0.800E+08  0.128E-12  0.820E+08  0.654E-12
  0.840E+08  0.244E-11  0.860E+08  0.762E-11  0.880E+08  0.188E-10
  0.900E+08  0.469E-10  0.920E+08  0.105E-09  0.940E+08  0.173E-09
  0.960E+08  0.305E-09  0.980E+08  0.506E-09  0.100E+09  0.690E-09
NB100
         277
           0
          32
  0.264E+08  0.000E+00  0.450E+08  0.336E-22  0.460E+08  0.585E-20
  0.470E+08  0.188E-18  0.480E+08  0.431E-17  0.490E+08  0.342E-16
  0.500E+08  0.241E-15  0.520E+08  0.537E-14  0.540E+08  0.504E-13
  0.560E+08  0.801E-12  0.580E+08  0.703E-11  0.600E+08  0.396E-10
  0.620E+08  0.154E-09  0.640E+08  0.529E-09  0.660E+08  0.145E-08
  0.680E+08  0.321E-08  0.700E+08  0.580E-08  0.720E+08  0.929E-08
  0.740E+08  0.149E-07  0.760E+08  0.194E-07  0.780E+08  0.228E-07
  0.800E+08  0.264E-07  0.820E+08  0.287E-07  0.840E+08  0.244E-07
  0.860E+08  0.245E-07  0.880E+08  0.250E-07  0.900E+08  0.169E-07
  0.920E+08  0.169E-07  0.940E+08  0.151E-07  0.960E+08  0.167E-07
  0.980E+08  0.192E-07  0.100E+09  0.228E-07
NB99 
         278
           0
          29
  0.299E+08  0.000E+00  0.480E+08  0.146E-24  0.490E+08  0.931E-21
  0.500E+08  0.240E-19  0.520E+08  0.400E-17  0.540E+08  0.166E-15
  0.560E+08  0.131E-13  0.580E+08  0.371E-12  0.600E+08  0.590E-11
  0.620E+08  0.382E-10  0.640E+08  0.275E-09  0.660E+08  0.148E-08
  0.680E+08  0.591E-08  0.700E+08  0.184E-07  0.720E+08  0.481E-07
  0.740E+08  0.997E-07  0.760E+08  0.188E-06  0.780E+08  0.305E-06
  0.800E+08  0.479E-06  0.820E+08  0.644E-06  0.840E+08  0.676E-06
  0.860E+08  0.788E-06  0.880E+08  0.106E-05  0.900E+08  0.103E-05
  0.920E+08  0.107E-05  0.940E+08  0.101E-05  0.960E+08  0.119E-05
  0.980E+08  0.121E-05  0.100E+09  0.120E-05
NB98 
         279
           0
          47
  0.105E+08  0.000E+00  0.300E+08  0.178E-16  0.310E+08  0.234E-14
  0.320E+08  0.238E-13  0.330E+08  0.267E-12  0.340E+08  0.216E-11
  0.350E+08  0.125E-10  0.360E+08  0.649E-10  0.370E+08  0.283E-09
  0.380E+08  0.109E-08  0.390E+08  0.304E-08  0.400E+08  0.106E-07
  0.410E+08  0.240E-07  0.420E+08  0.554E-07  0.430E+08  0.137E-06
  0.440E+08  0.274E-06  0.450E+08  0.491E-06  0.460E+08  0.833E-06
  0.470E+08  0.128E-05  0.480E+08  0.187E-05  0.490E+08  0.263E-05
  0.500E+08  0.354E-05  0.520E+08  0.524E-05  0.540E+08  0.671E-05
  0.560E+08  0.694E-05  0.580E+08  0.700E-05  0.600E+08  0.558E-05
  0.620E+08  0.520E-05  0.640E+08  0.478E-05  0.660E+08  0.393E-05
  0.680E+08  0.472E-05  0.700E+08  0.416E-05  0.720E+08  0.388E-05
  0.740E+08  0.345E-05  0.760E+08  0.296E-05  0.780E+08  0.284E-05
  0.800E+08  0.299E-05  0.820E+08  0.347E-05  0.840E+08  0.391E-05
  0.860E+08  0.488E-05  0.880E+08  0.629E-05  0.900E+08  0.759E-05
  0.920E+08  0.880E-05  0.940E+08  0.969E-05  0.960E+08  0.108E-04
  0.980E+08  0.113E-04  0.100E+09  0.117E-04
NB97 
         280
           0
          43
  0.144E+08  0.000E+00  0.340E+08  0.989E-17  0.350E+08  0.587E-15
  0.360E+08  0.130E-13  0.370E+08  0.140E-12  0.380E+08  0.109E-11
  0.390E+08  0.730E-11  0.400E+08  0.374E-10  0.410E+08  0.157E-09
  0.420E+08  0.733E-09  0.430E+08  0.345E-08  0.440E+08  0.122E-07
  0.450E+08  0.379E-07  0.460E+08  0.112E-06  0.470E+08  0.278E-06
  0.480E+08  0.638E-06  0.490E+08  0.838E-06  0.500E+08  0.165E-05
  0.520E+08  0.489E-05  0.540E+08  0.118E-04  0.560E+08  0.208E-04
  0.580E+08  0.397E-04  0.600E+08  0.654E-04  0.620E+08  0.856E-04
  0.640E+08  0.109E-03  0.660E+08  0.121E-03  0.680E+08  0.129E-03
  0.700E+08  0.135E-03  0.720E+08  0.139E-03  0.740E+08  0.137E-03
  0.760E+08  0.129E-03  0.780E+08  0.118E-03  0.800E+08  0.111E-03
  0.820E+08  0.107E-03  0.840E+08  0.966E-04  0.860E+08  0.905E-04
  0.880E+08  0.102E-03  0.900E+08  0.985E-04  0.920E+08  0.968E-04
  0.940E+08  0.975E-04  0.960E+08  0.999E-04  0.980E+08  0.101E-03
  0.100E+09  0.103E-03
NB96 
         281
           0
          35
  0.225E+08  0.000E+00  0.420E+08  0.167E-16  0.430E+08  0.101E-14
  0.440E+08  0.274E-13  0.450E+08  0.387E-12  0.460E+08  0.270E-11
  0.470E+08  0.209E-10  0.480E+08  0.120E-09  0.490E+08  0.287E-09
  0.500E+08  0.118E-08  0.520E+08  0.139E-07  0.540E+08  0.124E-06
  0.560E+08  0.513E-06  0.580E+08  0.231E-05  0.600E+08  0.640E-05
  0.620E+08  0.221E-04  0.640E+08  0.472E-04  0.660E+08  0.821E-04
  0.680E+08  0.130E-03  0.700E+08  0.183E-03  0.720E+08  0.246E-03
  0.740E+08  0.293E-03  0.760E+08  0.330E-03  0.780E+08  0.355E-03
  0.800E+08  0.383E-03  0.820E+08  0.393E-03  0.840E+08  0.371E-03
  0.860E+08  0.358E-03  0.880E+08  0.334E-03  0.900E+08  0.321E-03
  0.920E+08  0.302E-03  0.940E+08  0.283E-03  0.960E+08  0.266E-03
  0.980E+08  0.250E-03  0.100E+09  0.240E-03
NB95 
         282
           0
          28
  0.295E+08  0.000E+00  0.490E+08  0.673E-21  0.500E+08  0.227E-17
  0.520E+08  0.220E-14  0.540E+08  0.142E-11  0.560E+08  0.384E-10
  0.580E+08  0.554E-09  0.600E+08  0.515E-08  0.620E+08  0.521E-07
  0.640E+08  0.287E-06  0.660E+08  0.116E-05  0.680E+08  0.381E-05
  0.700E+08  0.968E-05  0.720E+08  0.155E-04  0.740E+08  0.284E-04
  0.760E+08  0.472E-04  0.780E+08  0.722E-04  0.800E+08  0.851E-04
  0.820E+08  0.111E-03  0.840E+08  0.129E-03  0.860E+08  0.152E-03
  0.880E+08  0.154E-03  0.900E+08  0.172E-03  0.920E+08  0.188E-03
  0.940E+08  0.193E-03  0.960E+08  0.193E-03  0.980E+08  0.192E-03
  0.100E+09  0.191E-03
NB94 
         283
           0
          23
  0.380E+08  0.000E+00  0.580E+08  0.255E-18  0.600E+08  0.402E-15
  0.620E+08  0.369E-13  0.640E+08  0.260E-11  0.660E+08  0.111E-09
  0.680E+08  0.142E-08  0.700E+08  0.128E-07  0.720E+08  0.451E-07
  0.740E+08  0.250E-06  0.760E+08  0.992E-06  0.780E+08  0.321E-05
  0.800E+08  0.676E-05  0.820E+08  0.141E-04  0.840E+08  0.281E-04
  0.860E+08  0.501E-04  0.880E+08  0.789E-04  0.900E+08  0.127E-03
  0.920E+08  0.166E-03  0.940E+08  0.227E-03  0.960E+08  0.286E-03
  0.980E+08  0.348E-03  0.100E+09  0.407E-03
NB93 
         284
           0
          19
  0.453E+08  0.000E+00  0.660E+08  0.238E-17  0.680E+08  0.129E-14
  0.700E+08  0.122E-12  0.720E+08  0.318E-11  0.740E+08  0.129E-09
  0.760E+08  0.181E-08  0.780E+08  0.162E-07  0.800E+08  0.804E-07
  0.820E+08  0.306E-06  0.840E+08  0.127E-05  0.860E+08  0.386E-05
  0.880E+08  0.952E-05  0.900E+08  0.251E-04  0.920E+08  0.431E-04
  0.940E+08  0.728E-04  0.960E+08  0.129E-03  0.980E+08  0.213E-03
  0.100E+09  0.322E-03
NB92 
         285
           0
          15
  0.542E+08  0.000E+00  0.740E+08  0.436E-22  0.760E+08  0.878E-18
  0.780E+08  0.435E-15  0.800E+08  0.443E-13  0.820E+08  0.103E-11
  0.840E+08  0.299E-10  0.860E+08  0.441E-09  0.880E+08  0.373E-08
  0.900E+08  0.349E-07  0.920E+08  0.134E-06  0.940E+08  0.498E-06
  0.960E+08  0.262E-05  0.980E+08  0.770E-05  0.100E+09  0.190E-04
NB91 
         286
           0
          11
  0.622E+08  0.000E+00  0.820E+08  0.186E-24  0.840E+08  0.108E-19
  0.860E+08  0.184E-17  0.880E+08  0.380E-15  0.900E+08  0.358E-13
  0.920E+08  0.131E-11  0.940E+08  0.229E-10  0.960E+08  0.511E-09
  0.980E+08  0.458E-08  0.100E+09  0.301E-07
NB90 
         287
           0
           4
  0.744E+08  0.000E+00  0.960E+08  0.796E-23  0.980E+08  0.120E-19
  0.100E+09  0.168E-17
ZR101
         467
           0
          15
  0.530E+08  0.000E+00  0.740E+08  0.186E-32  0.760E+08  0.379E-29
  0.780E+08  0.968E-27  0.800E+08  0.252E-24  0.820E+08  0.110E-22
  0.840E+08  0.238E-21  0.860E+08  0.380E-20  0.880E+08  0.248E-19
  0.900E+08  0.214E-18  0.920E+08  0.151E-17  0.940E+08  0.509E-17
  0.960E+08  0.206E-16  0.980E+08  0.746E-16  0.100E+09  0.198E-15
ZR100
         468
           0
          14
  0.553E+08  0.000E+00  0.760E+08  0.737E-34  0.780E+08  0.272E-30
  0.800E+08  0.363E-27  0.820E+08  0.883E-25  0.840E+08  0.361E-23
  0.860E+08  0.184E-21  0.880E+08  0.259E-20  0.900E+08  0.509E-19
  0.920E+08  0.694E-18  0.940E+08  0.403E-17  0.960E+08  0.290E-16
  0.980E+08  0.175E-15  0.100E+09  0.745E-15
ZR99 
         469
           0
          23
  0.360E+08  0.000E+00  0.580E+08  0.376E-27  0.600E+08  0.602E-24
  0.620E+08  0.403E-22  0.640E+08  0.345E-20  0.660E+08  0.175E-18
  0.680E+08  0.410E-17  0.700E+08  0.618E-16  0.720E+08  0.630E-15
  0.740E+08  0.554E-14  0.760E+08  0.299E-13  0.780E+08  0.122E-12
  0.800E+08  0.465E-12  0.820E+08  0.122E-11  0.840E+08  0.196E-11
  0.860E+08  0.371E-11  0.880E+08  0.638E-11  0.900E+08  0.990E-11
  0.920E+08  0.135E-10  0.940E+08  0.158E-10  0.960E+08  0.175E-10
  0.980E+08  0.206E-10  0.100E+09  0.215E-10
ZR98 
         470
           0
          22
  0.383E+08  0.000E+00  0.600E+08  0.174E-28  0.620E+08  0.287E-25
  0.640E+08  0.841E-23  0.660E+08  0.144E-20  0.680E+08  0.102E-18
  0.700E+08  0.325E-17  0.720E+08  0.729E-16  0.740E+08  0.153E-14
  0.760E+08  0.165E-13  0.780E+08  0.127E-12  0.800E+08  0.940E-12
  0.820E+08  0.414E-11  0.840E+08  0.110E-10  0.860E+08  0.323E-10
  0.880E+08  0.871E-10  0.900E+08  0.210E-09  0.920E+08  0.398E-09
  0.940E+08  0.640E-09  0.960E+08  0.964E-09  0.980E+08  0.143E-08
  0.100E+09  0.178E-08
ZR97 
         471
           0
          36
  0.185E+08  0.000E+00  0.410E+08  0.526E-24  0.420E+08  0.592E-21
  0.430E+08  0.165E-19  0.440E+08  0.368E-18  0.450E+08  0.419E-17
  0.460E+08  0.517E-16  0.470E+08  0.347E-15  0.480E+08  0.235E-14
  0.490E+08  0.502E-14  0.500E+08  0.219E-13  0.520E+08  0.264E-12
  0.540E+08  0.211E-11  0.560E+08  0.156E-10  0.580E+08  0.117E-09
  0.600E+08  0.484E-09  0.620E+08  0.150E-08  0.640E+08  0.373E-08
  0.660E+08  0.763E-08  0.680E+08  0.145E-07  0.700E+08  0.186E-07
  0.720E+08  0.373E-07  0.740E+08  0.458E-07  0.760E+08  0.346E-07
  0.780E+08  0.395E-07  0.800E+08  0.361E-07  0.820E+08  0.373E-07
  0.840E+08  0.352E-07  0.860E+08  0.344E-07  0.880E+08  0.336E-07
  0.900E+08  0.349E-07  0.920E+08  0.295E-07  0.940E+08  0.304E-07
  0.960E+08  0.315E-07  0.980E+08  0.347E-07  0.100E+09  0.413E-07
ZR96 
         472
           0
          33
  0.219E+08  0.000E+00  0.440E+08  0.476E-25  0.450E+08  0.210E-22
  0.460E+08  0.103E-20  0.470E+08  0.352E-19  0.480E+08  0.650E-18
  0.490E+08  0.968E-17  0.500E+08  0.603E-16  0.520E+08  0.206E-14
  0.540E+08  0.520E-13  0.560E+08  0.887E-12  0.580E+08  0.183E-10
  0.600E+08  0.214E-09  0.620E+08  0.138E-08  0.640E+08  0.664E-08
  0.660E+08  0.254E-07  0.680E+08  0.849E-07  0.700E+08  0.204E-06
  0.720E+08  0.453E-06  0.740E+08  0.896E-06  0.760E+08  0.146E-05
  0.780E+08  0.228E-05  0.800E+08  0.295E-05  0.820E+08  0.378E-05
  0.840E+08  0.408E-05  0.860E+08  0.460E-05  0.880E+08  0.554E-05
  0.900E+08  0.613E-05  0.920E+08  0.591E-05  0.940E+08  0.686E-05
  0.960E+08  0.669E-05  0.980E+08  0.660E-05  0.100E+09  0.663E-05
ZR95 
         473
           0
          50
  0.349E+07  0.000E+00  0.270E+08  0.464E-19  0.280E+08  0.482E-17
  0.290E+08  0.155E-15  0.300E+08  0.197E-14  0.310E+08  0.211E-13
  0.320E+08  0.853E-13  0.330E+08  0.459E-12  0.340E+08  0.208E-11
  0.350E+08  0.835E-11  0.360E+08  0.300E-10  0.370E+08  0.966E-10
  0.380E+08  0.280E-09  0.390E+08  0.611E-09  0.400E+08  0.176E-08
  0.410E+08  0.336E-08  0.420E+08  0.633E-08  0.430E+08  0.132E-07
  0.440E+08  0.223E-07  0.450E+08  0.353E-07  0.460E+08  0.530E-07
  0.470E+08  0.740E-07  0.480E+08  0.977E-07  0.490E+08  0.130E-06
  0.500E+08  0.158E-06  0.520E+08  0.211E-06  0.540E+08  0.248E-06
  0.560E+08  0.244E-06  0.580E+08  0.224E-06  0.600E+08  0.172E-06
  0.620E+08  0.155E-06  0.640E+08  0.139E-06  0.660E+08  0.114E-06
  0.680E+08  0.104E-06  0.700E+08  0.118E-06  0.720E+08  0.150E-06
  0.740E+08  0.296E-06  0.760E+08  0.768E-06  0.780E+08  0.173E-05
  0.800E+08  0.338E-05  0.820E+08  0.587E-05  0.840E+08  0.813E-05
  0.860E+08  0.118E-04  0.880E+08  0.141E-04  0.900E+08  0.187E-04
  0.920E+08  0.222E-04  0.940E+08  0.256E-04  0.960E+08  0.282E-04
  0.980E+08  0.304E-04  0.100E+09  0.321E-04
ZR94 
         474
           0
          43
  0.100E+08  0.000E+00  0.340E+08  0.588E-18  0.350E+08  0.709E-16
  0.360E+08  0.157E-14  0.370E+08  0.189E-13  0.380E+08  0.161E-12
  0.390E+08  0.136E-11  0.400E+08  0.833E-11  0.410E+08  0.264E-10
  0.420E+08  0.978E-10  0.430E+08  0.323E-09  0.440E+08  0.945E-09
  0.450E+08  0.245E-08  0.460E+08  0.578E-08  0.470E+08  0.121E-07
  0.480E+08  0.232E-07  0.490E+08  0.354E-07  0.500E+08  0.595E-07
  0.520E+08  0.142E-06  0.540E+08  0.313E-06  0.560E+08  0.496E-06
  0.580E+08  0.631E-06  0.600E+08  0.911E-06  0.620E+08  0.118E-05
  0.640E+08  0.132E-05  0.660E+08  0.142E-05  0.680E+08  0.153E-05
  0.700E+08  0.143E-05  0.720E+08  0.137E-05  0.740E+08  0.129E-05
  0.760E+08  0.109E-05  0.780E+08  0.111E-05  0.800E+08  0.109E-05
  0.820E+08  0.125E-05  0.840E+08  0.169E-05  0.860E+08  0.269E-05
  0.880E+08  0.429E-05  0.900E+08  0.708E-05  0.920E+08  0.105E-04
  0.940E+08  0.138E-04  0.960E+08  0.185E-04  0.980E+08  0.239E-04
  0.100E+09  0.294E-04
ZR93 
         475
           0
          35
  0.183E+08  0.000E+00  0.420E+08  0.891E-23  0.430E+08  0.295E-18
  0.440E+08  0.153E-16  0.450E+08  0.249E-15  0.460E+08  0.311E-14
  0.470E+08  0.282E-13  0.480E+08  0.191E-12  0.490E+08  0.519E-12
  0.500E+08  0.251E-11  0.520E+08  0.433E-10  0.540E+08  0.895E-09
  0.560E+08  0.598E-08  0.580E+08  0.214E-07  0.600E+08  0.105E-06
  0.620E+08  0.314E-06  0.640E+08  0.859E-06  0.660E+08  0.157E-05
  0.680E+08  0.275E-05  0.700E+08  0.391E-05  0.720E+08  0.526E-05
  0.740E+08  0.661E-05  0.760E+08  0.804E-05  0.780E+08  0.927E-05
  0.800E+08  0.903E-05  0.820E+08  0.919E-05  0.840E+08  0.911E-05
  0.860E+08  0.854E-05  0.880E+08  0.826E-05  0.900E+08  0.742E-05
  0.920E+08  0.739E-05  0.940E+08  0.578E-05  0.960E+08  0.559E-05
  0.980E+08  0.558E-05  0.100E+09  0.602E-05
ZR92 
         476
           0
          28
  0.251E+08  0.000E+00  0.490E+08  0.432E-20  0.500E+08  0.480E-18
  0.520E+08  0.126E-15  0.540E+08  0.381E-13  0.560E+08  0.111E-11
  0.580E+08  0.162E-10  0.600E+08  0.336E-09  0.620E+08  0.318E-08
  0.640E+08  0.286E-07  0.660E+08  0.115E-06  0.680E+08  0.314E-06
  0.700E+08  0.891E-06  0.720E+08  0.213E-05  0.740E+08  0.440E-05
  0.760E+08  0.709E-05  0.780E+08  0.123E-04  0.800E+08  0.162E-04
  0.820E+08  0.231E-04  0.840E+08  0.314E-04  0.860E+08  0.396E-04
  0.880E+08  0.451E-04  0.900E+08  0.486E-04  0.920E+08  0.528E-04
  0.940E+08  0.521E-04  0.960E+08  0.565E-04  0.980E+08  0.544E-04
  0.100E+09  0.526E-04
ZR91 
         477
           0
          23
  0.338E+08  0.000E+00  0.580E+08  0.104E-20  0.600E+08  0.649E-17
  0.620E+08  0.606E-15  0.640E+08  0.354E-13  0.660E+08  0.113E-11
  0.680E+08  0.163E-10  0.700E+08  0.328E-09  0.720E+08  0.303E-08
  0.740E+08  0.191E-07  0.760E+08  0.101E-06  0.780E+08  0.458E-06
  0.800E+08  0.116E-05  0.820E+08  0.288E-05  0.840E+08  0.701E-05
  0.860E+08  0.142E-04  0.880E+08  0.234E-04  0.900E+08  0.361E-04
  0.920E+08  0.503E-04  0.940E+08  0.756E-04  0.960E+08  0.923E-04
  0.980E+08  0.113E-03  0.100E+09  0.132E-03
ZR90 
         478
           0
          19
  0.411E+08  0.000E+00  0.660E+08  0.663E-20  0.680E+08  0.511E-17
  0.700E+08  0.718E-15  0.720E+08  0.403E-13  0.740E+08  0.763E-12
  0.760E+08  0.165E-10  0.780E+08  0.324E-09  0.800E+08  0.315E-08
  0.820E+08  0.986E-08  0.840E+08  0.647E-07  0.860E+08  0.267E-06
  0.880E+08  0.867E-06  0.900E+08  0.247E-05  0.920E+08  0.561E-05
  0.940E+08  0.123E-04  0.960E+08  0.205E-04  0.980E+08  0.384E-04
  0.100E+09  0.630E-04
ZR89 
         479
           0
          13
  0.532E+08  0.000E+00  0.780E+08  0.596E-25  0.800E+08  0.487E-20
  0.820E+08  0.209E-18  0.840E+08  0.412E-16  0.860E+08  0.105E-14
  0.880E+08  0.120E-12  0.900E+08  0.217E-11  0.920E+08  0.327E-10
  0.940E+08  0.546E-09  0.960E+08  0.191E-08  0.980E+08  0.143E-07
  0.100E+09  0.656E-07
ZR88 
         480
           0
           8
  0.626E+08  0.000E+00  0.880E+08  0.266E-26  0.900E+08  0.261E-21
  0.920E+08  0.178E-18  0.940E+08  0.555E-16  0.960E+08  0.207E-14
  0.980E+08  0.984E-13  0.100E+09  0.183E-11
ZR87 
         481
           0
           2
  0.750E+08  0.000E+00  0.100E+09  0.115E-28
Y100 
         573
           0
           7
  0.668E+08  0.000E+00  0.900E+08  0.418E-41  0.920E+08  0.155E-36
  0.940E+08  0.318E-34  0.960E+08  0.109E-31  0.980E+08  0.646E-30
  0.100E+09  0.481E-28
Y99  
         574
           0
           5
  0.692E+08  0.000E+00  0.940E+08  0.296E-39  0.960E+08  0.168E-35
  0.980E+08  0.116E-32  0.100E+09  0.257E-30
Y98  
         575
           0
          15
  0.488E+08  0.000E+00  0.740E+08  0.154E-32  0.760E+08  0.332E-29
  0.780E+08  0.341E-27  0.800E+08  0.117E-24  0.820E+08  0.686E-23
  0.840E+08  0.178E-21  0.860E+08  0.352E-20  0.880E+08  0.308E-19
  0.900E+08  0.655E-18  0.920E+08  0.531E-17  0.940E+08  0.264E-16
  0.960E+08  0.121E-15  0.980E+08  0.561E-15  0.100E+09  0.125E-14
Y97  
         576
           0
          14
  0.508E+08  0.000E+00  0.760E+08  0.180E-33  0.780E+08  0.637E-30
  0.800E+08  0.479E-27  0.820E+08  0.744E-25  0.840E+08  0.429E-23
  0.860E+08  0.236E-21  0.880E+08  0.476E-20  0.900E+08  0.186E-18
  0.920E+08  0.251E-17  0.940E+08  0.211E-16  0.960E+08  0.153E-15
  0.980E+08  0.832E-15  0.100E+09  0.309E-14
Y96  
         577
           0
          24
  0.305E+08  0.000E+00  0.560E+08  0.106E-28  0.580E+08  0.842E-25
  0.600E+08  0.485E-22  0.620E+08  0.342E-20  0.640E+08  0.206E-18
  0.660E+08  0.536E-17  0.680E+08  0.109E-15  0.700E+08  0.138E-14
  0.720E+08  0.141E-13  0.740E+08  0.124E-12  0.760E+08  0.729E-12
  0.780E+08  0.312E-11  0.800E+08  0.114E-10  0.820E+08  0.275E-10
  0.840E+08  0.536E-10  0.860E+08  0.102E-09  0.880E+08  0.154E-09
  0.900E+08  0.257E-09  0.920E+08  0.360E-09  0.940E+08  0.494E-09
  0.960E+08  0.631E-09  0.980E+08  0.646E-09  0.100E+09  0.715E-09
Y95  
         578
           0
          22
  0.335E+08  0.000E+00  0.600E+08  0.122E-26  0.620E+08  0.137E-23
  0.640E+08  0.151E-21  0.660E+08  0.476E-19  0.680E+08  0.217E-17
  0.700E+08  0.342E-16  0.720E+08  0.670E-15  0.740E+08  0.107E-13
  0.760E+08  0.141E-12  0.780E+08  0.117E-11  0.800E+08  0.803E-11
  0.820E+08  0.405E-10  0.840E+08  0.117E-09  0.860E+08  0.364E-09
  0.880E+08  0.880E-09  0.900E+08  0.227E-08  0.920E+08  0.480E-08
  0.940E+08  0.931E-08  0.960E+08  0.164E-07  0.980E+08  0.247E-07
  0.100E+09  0.347E-07
Y94  
         579
           0
          35
  0.142E+08  0.000E+00  0.420E+08  0.583E-23  0.430E+08  0.502E-21
  0.440E+08  0.103E-19  0.450E+08  0.125E-18  0.460E+08  0.150E-17
  0.470E+08  0.102E-16  0.480E+08  0.677E-16  0.490E+08  0.149E-15
  0.500E+08  0.676E-15  0.520E+08  0.931E-14  0.540E+08  0.110E-12
  0.560E+08  0.547E-12  0.580E+08  0.365E-11  0.600E+08  0.248E-10
  0.620E+08  0.888E-10  0.640E+08  0.260E-09  0.660E+08  0.536E-09
  0.680E+08  0.118E-08  0.700E+08  0.207E-08  0.720E+08  0.319E-08
  0.740E+08  0.423E-08  0.760E+08  0.619E-08  0.780E+08  0.768E-08
  0.800E+08  0.856E-08  0.820E+08  0.937E-08  0.840E+08  0.917E-08
  0.860E+08  0.915E-08  0.880E+08  0.775E-08  0.900E+08  0.115E-07
  0.920E+08  0.120E-07  0.940E+08  0.141E-07  0.960E+08  0.193E-07
  0.980E+08  0.300E-07  0.100E+09  0.498E-07
Y93  
         580
           0
          32
  0.182E+08  0.000E+00  0.450E+08  0.148E-25  0.460E+08  0.228E-23
  0.470E+08  0.133E-21  0.480E+08  0.292E-20  0.490E+08  0.723E-20
  0.500E+08  0.813E-19  0.520E+08  0.538E-17  0.540E+08  0.294E-15
  0.560E+08  0.574E-14  0.580E+08  0.115E-12  0.600E+08  0.268E-11
  0.620E+08  0.230E-10  0.640E+08  0.141E-09  0.660E+08  0.595E-09
  0.680E+08  0.240E-08  0.700E+08  0.749E-08  0.720E+08  0.200E-07
  0.740E+08  0.436E-07  0.760E+08  0.786E-07  0.780E+08  0.145E-06
  0.800E+08  0.230E-06  0.820E+08  0.338E-06  0.840E+08  0.363E-06
  0.860E+08  0.444E-06  0.880E+08  0.429E-06  0.900E+08  0.495E-06
  0.920E+08  0.534E-06  0.940E+08  0.650E-06  0.960E+08  0.649E-06
  0.980E+08  0.583E-06  0.100E+09  0.597E-06
Y92  
         581
           0
          25
  0.257E+08  0.000E+00  0.540E+08  0.997E-22  0.560E+08  0.384E-19
  0.580E+08  0.346E-17  0.600E+08  0.156E-15  0.620E+08  0.278E-14
  0.640E+08  0.673E-13  0.660E+08  0.108E-11  0.680E+08  0.140E-10
  0.700E+08  0.125E-09  0.720E+08  0.821E-09  0.740E+08  0.389E-08
  0.760E+08  0.110E-07  0.780E+08  0.367E-07  0.800E+08  0.977E-07
  0.820E+08  0.224E-06  0.840E+08  0.411E-06  0.860E+08  0.749E-06
  0.880E+08  0.953E-06  0.900E+08  0.147E-05  0.920E+08  0.205E-05
  0.940E+08  0.254E-05  0.960E+08  0.308E-05  0.980E+08  0.331E-05
  0.100E+09  0.385E-05
Y91  
         582
           0
          22
  0.323E+08  0.000E+00  0.600E+08  0.257E-23  0.620E+08  0.113E-20
  0.640E+08  0.357E-18  0.660E+08  0.328E-16  0.680E+08  0.134E-14
  0.700E+08  0.338E-13  0.720E+08  0.443E-12  0.740E+08  0.616E-11
  0.760E+08  0.485E-10  0.780E+08  0.343E-09  0.800E+08  0.153E-08
  0.820E+08  0.702E-08  0.840E+08  0.274E-07  0.860E+08  0.720E-07
  0.880E+08  0.193E-06  0.900E+08  0.484E-06  0.920E+08  0.101E-05
  0.940E+08  0.193E-05  0.960E+08  0.328E-05  0.980E+08  0.487E-05
  0.100E+09  0.734E-05
Y90  
         583
           0
          18
  0.404E+08  0.000E+00  0.680E+08  0.186E-23  0.700E+08  0.284E-20
  0.720E+08  0.263E-18  0.740E+08  0.467E-16  0.760E+08  0.181E-14
  0.780E+08  0.417E-13  0.800E+08  0.650E-12  0.820E+08  0.486E-11
  0.840E+08  0.497E-10  0.860E+08  0.339E-09  0.880E+08  0.214E-08
  0.900E+08  0.117E-07  0.920E+08  0.397E-07  0.940E+08  0.977E-07
  0.960E+08  0.272E-06  0.980E+08  0.657E-06  0.100E+09  0.145E-05
Y89  
         584
           0
          14
  0.473E+08  0.000E+00  0.760E+08  0.582E-23  0.780E+08  0.571E-20
  0.800E+08  0.111E-17  0.820E+08  0.346E-16  0.840E+08  0.164E-14
  0.860E+08  0.371E-13  0.880E+08  0.100E-11  0.900E+08  0.173E-10
  0.920E+08  0.106E-09  0.940E+08  0.687E-09  0.960E+08  0.371E-08
  0.980E+08  0.163E-07  0.100E+09  0.579E-07
Y88  
         585
           0
           8
  0.589E+08  0.000E+00  0.880E+08  0.163E-25  0.900E+08  0.545E-22
  0.920E+08  0.594E-20  0.940E+08  0.725E-18  0.960E+08  0.587E-16
  0.980E+08  0.226E-14  0.100E+09  0.445E-13
Y87  
         586
           0
           4
  0.683E+08  0.000E+00  0.960E+08  0.173E-32  0.980E+08  0.105E-26
  0.100E+09  0.236E-23
SR97 
         873
           0
           8
  0.598E+08  0.000E+00  0.880E+08  0.803E-40  0.900E+08  0.236E-35
  0.920E+08  0.103E-32  0.940E+08  0.581E-31  0.960E+08  0.500E-29
  0.980E+08  0.115E-27  0.100E+09  0.255E-26
SR96 
         874
           0
           7
  0.615E+08  0.000E+00  0.900E+08  0.536E-40  0.920E+08  0.202E-36
  0.940E+08  0.108E-33  0.960E+08  0.288E-31  0.980E+08  0.206E-29
  0.100E+09  0.114E-27
SR95 
         875
           0
          17
  0.411E+08  0.000E+00  0.700E+08  0.145E-36  0.720E+08  0.594E-32
  0.740E+08  0.114E-28  0.760E+08  0.394E-26  0.780E+08  0.331E-24
  0.800E+08  0.233E-22  0.820E+08  0.137E-20  0.840E+08  0.126E-19
  0.860E+08  0.175E-18  0.880E+08  0.112E-17  0.900E+08  0.123E-16
  0.920E+08  0.833E-16  0.940E+08  0.415E-15  0.960E+08  0.167E-14
  0.980E+08  0.450E-14  0.100E+09  0.109E-13
SR94 
         876
           0
          16
  0.433E+08  0.000E+00  0.720E+08  0.293E-35  0.740E+08  0.244E-31
  0.760E+08  0.241E-28  0.780E+08  0.626E-26  0.800E+08  0.102E-23
  0.820E+08  0.589E-22  0.840E+08  0.113E-20  0.860E+08  0.287E-19
  0.880E+08  0.452E-18  0.900E+08  0.741E-17  0.920E+08  0.668E-16
  0.940E+08  0.529E-15  0.960E+08  0.317E-14  0.980E+08  0.153E-13
  0.100E+09  0.546E-13
SR93 
         877
           0
          25
  0.238E+08  0.000E+00  0.540E+08  0.231E-31  0.560E+08  0.234E-27
  0.580E+08  0.272E-24  0.600E+08  0.118E-21  0.620E+08  0.639E-20
  0.640E+08  0.164E-18  0.660E+08  0.309E-17  0.680E+08  0.498E-16
  0.700E+08  0.487E-15  0.720E+08  0.372E-14  0.740E+08  0.208E-13
  0.760E+08  0.684E-13  0.780E+08  0.286E-12  0.800E+08  0.908E-12
  0.820E+08  0.238E-11  0.840E+08  0.432E-11  0.860E+08  0.730E-11
  0.880E+08  0.105E-10  0.900E+08  0.185E-10  0.920E+08  0.266E-10
  0.940E+08  0.364E-10  0.960E+08  0.383E-10  0.980E+08  0.424E-10
  0.100E+09  0.529E-10
SR92 
         878
           0
          23
  0.268E+08  0.000E+00  0.580E+08  0.408E-29  0.600E+08  0.152E-25
  0.620E+08  0.361E-23  0.640E+08  0.242E-21  0.660E+08  0.272E-19
  0.680E+08  0.127E-17  0.700E+08  0.273E-16  0.720E+08  0.396E-15
  0.740E+08  0.409E-14  0.760E+08  0.207E-13  0.780E+08  0.155E-12
  0.800E+08  0.900E-12  0.820E+08  0.388E-11  0.840E+08  0.106E-10
  0.860E+08  0.318E-10  0.880E+08  0.710E-10  0.900E+08  0.195E-09
  0.920E+08  0.435E-09  0.940E+08  0.900E-09  0.960E+08  0.134E-08
  0.980E+08  0.210E-08  0.100E+09  0.335E-08
SR91 
         879
           0
          37
  0.795E+07  0.000E+00  0.400E+08  0.140E-24  0.410E+08  0.338E-23
  0.420E+08  0.754E-22  0.430E+08  0.192E-20  0.440E+08  0.176E-19
  0.450E+08  0.128E-18  0.460E+08  0.792E-18  0.470E+08  0.413E-17
  0.480E+08  0.123E-16  0.490E+08  0.441E-16  0.500E+08  0.167E-15
  0.520E+08  0.185E-14  0.540E+08  0.201E-13  0.560E+08  0.117E-12
  0.580E+08  0.383E-12  0.600E+08  0.233E-11  0.620E+08  0.748E-11
  0.640E+08  0.189E-10  0.660E+08  0.429E-10  0.680E+08  0.856E-10
  0.700E+08  0.149E-09  0.720E+08  0.215E-09  0.740E+08  0.240E-09
  0.760E+08  0.267E-09  0.780E+08  0.323E-09  0.800E+08  0.321E-09
  0.820E+08  0.354E-09  0.840E+08  0.346E-09  0.860E+08  0.281E-09
  0.880E+08  0.285E-09  0.900E+08  0.201E-09  0.920E+08  0.275E-09
  0.940E+08  0.503E-09  0.960E+08  0.122E-08  0.980E+08  0.259E-08
  0.100E+09  0.544E-08
SR90 
         880
           0
          32
  0.138E+08  0.000E+00  0.450E+08  0.520E-27  0.460E+08  0.445E-24
  0.470E+08  0.556E-23  0.480E+08  0.140E-21  0.490E+08  0.162E-20
  0.500E+08  0.191E-19  0.520E+08  0.139E-17  0.540E+08  0.105E-15
  0.560E+08  0.210E-14  0.580E+08  0.156E-13  0.600E+08  0.292E-12
  0.620E+08  0.204E-11  0.640E+08  0.788E-11  0.660E+08  0.337E-10
  0.680E+08  0.122E-09  0.700E+08  0.365E-09  0.720E+08  0.891E-09
  0.740E+08  0.172E-08  0.760E+08  0.301E-08  0.780E+08  0.541E-08
  0.800E+08  0.710E-08  0.820E+08  0.105E-07  0.840E+08  0.166E-07
  0.860E+08  0.194E-07  0.880E+08  0.221E-07  0.900E+08  0.219E-07
  0.920E+08  0.241E-07  0.940E+08  0.244E-07  0.960E+08  0.254E-07
  0.980E+08  0.233E-07  0.100E+09  0.245E-07
SR89 
         881
           0
          25
  0.217E+08  0.000E+00  0.540E+08  0.389E-24  0.560E+08  0.225E-21
  0.580E+08  0.376E-19  0.600E+08  0.602E-17  0.620E+08  0.231E-15
  0.640E+08  0.525E-14  0.660E+08  0.768E-13  0.680E+08  0.885E-12
  0.700E+08  0.740E-11  0.720E+08  0.453E-10  0.740E+08  0.200E-09
  0.760E+08  0.696E-09  0.780E+08  0.226E-08  0.800E+08  0.444E-08
  0.820E+08  0.104E-07  0.840E+08  0.180E-07  0.860E+08  0.345E-07
  0.880E+08  0.507E-07  0.900E+08  0.760E-07  0.920E+08  0.104E-06
  0.940E+08  0.134E-06  0.960E+08  0.155E-06  0.980E+08  0.167E-06
  0.100E+09  0.222E-06
SR88 
         882
           0
          22
  0.281E+08  0.000E+00  0.600E+08  0.402E-26  0.620E+08  0.255E-22
  0.640E+08  0.970E-20  0.660E+08  0.752E-18  0.680E+08  0.202E-16
  0.700E+08  0.712E-15  0.720E+08  0.156E-13  0.740E+08  0.222E-12
  0.760E+08  0.235E-11  0.780E+08  0.213E-10  0.800E+08  0.127E-09
  0.820E+08  0.589E-09  0.840E+08  0.212E-08  0.860E+08  0.723E-08
  0.880E+08  0.163E-07  0.900E+08  0.405E-07  0.920E+08  0.784E-07
  0.940E+08  0.163E-06  0.960E+08  0.263E-06  0.980E+08  0.409E-06
  0.100E+09  0.615E-06
SR87 
         883
           0
          16
  0.393E+08  0.000E+00  0.720E+08  0.824E-27  0.740E+08  0.855E-24
  0.760E+08  0.334E-21  0.780E+08  0.854E-19  0.800E+08  0.610E-17
  0.820E+08  0.135E-15  0.840E+08  0.424E-14  0.860E+08  0.592E-13
  0.880E+08  0.346E-12  0.900E+08  0.380E-11  0.920E+08  0.247E-10
  0.940E+08  0.448E-09  0.960E+08  0.171E-08  0.980E+08  0.593E-08
  0.100E+09  0.176E-07
SR86 
         884
           0
          12
  0.478E+08  0.000E+00  0.800E+08  0.156E-28  0.820E+08  0.386E-25
  0.840E+08  0.478E-22  0.860E+08  0.412E-20  0.880E+08  0.248E-18
  0.900E+08  0.129E-16  0.920E+08  0.347E-15  0.940E+08  0.173E-13
  0.960E+08  0.185E-12  0.980E+08  0.221E-11  0.100E+09  0.158E-10
SR85 
         885
           0
           6
  0.594E+08  0.000E+00  0.920E+08  0.339E-31  0.940E+08  0.202E-25
  0.960E+08  0.759E-24  0.980E+08  0.206E-21  0.100E+09  0.133E-19
SR84 
         886
           0
           2
  0.680E+08  0.000E+00  0.100E+09  0.426E-33
