         119
SN122
          16
           0
          79
  0.600E+07  0.000E+00  0.650E+07  0.867E-01  0.700E+07  0.618E+00
  0.750E+07  0.114E+01  0.800E+07  0.151E+01  0.850E+07  0.176E+01
  0.900E+07  0.191E+01  0.950E+07  0.200E+01  0.100E+08  0.206E+01
  0.105E+08  0.209E+01  0.110E+08  0.211E+01  0.115E+08  0.211E+01
  0.120E+08  0.210E+01  0.125E+08  0.210E+01  0.130E+08  0.209E+01
  0.135E+08  0.207E+01  0.140E+08  0.206E+01  0.145E+08  0.205E+01
  0.150E+08  0.204E+01  0.160E+08  0.201E+01  0.170E+08  0.186E+01
  0.180E+08  0.166E+01  0.190E+08  0.135E+01  0.200E+08  0.112E+01
  0.210E+08  0.878E+00  0.220E+08  0.695E+00  0.230E+08  0.564E+00
  0.240E+08  0.472E+00  0.250E+08  0.397E+00  0.260E+08  0.356E+00
  0.270E+08  0.325E+00  0.280E+08  0.302E+00  0.290E+08  0.284E+00
  0.300E+08  0.269E+00  0.310E+08  0.262E+00  0.320E+08  0.239E+00
  0.330E+08  0.230E+00  0.340E+08  0.223E+00  0.350E+08  0.216E+00
  0.360E+08  0.210E+00  0.370E+08  0.205E+00  0.380E+08  0.201E+00
  0.390E+08  0.196E+00  0.400E+08  0.191E+00  0.410E+08  0.187E+00
  0.420E+08  0.183E+00  0.430E+08  0.181E+00  0.440E+08  0.179E+00
  0.450E+08  0.177E+00  0.460E+08  0.174E+00  0.470E+08  0.170E+00
  0.480E+08  0.167E+00  0.490E+08  0.165E+00  0.500E+08  0.162E+00
  0.520E+08  0.156E+00  0.540E+08  0.151E+00  0.560E+08  0.145E+00
  0.580E+08  0.140E+00  0.600E+08  0.135E+00  0.620E+08  0.131E+00
  0.640E+08  0.127E+00  0.660E+08  0.123E+00  0.680E+08  0.119E+00
  0.700E+08  0.111E+00  0.720E+08  0.103E+00  0.740E+08  0.988E-01
  0.760E+08  0.946E-01  0.780E+08  0.920E-01  0.800E+08  0.893E-01
  0.820E+08  0.868E-01  0.840E+08  0.847E-01  0.860E+08  0.824E-01
  0.880E+08  0.810E-01  0.900E+08  0.788E-01  0.920E+08  0.769E-01
  0.940E+08  0.756E-01  0.960E+08  0.736E-01  0.980E+08  0.718E-01
  0.100E+09  0.765E-01
SN121
          17
           0
          61
  0.149E+08  0.000E+00  0.160E+08  0.141E-01  0.170E+08  0.147E+00
  0.180E+08  0.337E+00  0.190E+08  0.634E+00  0.200E+08  0.843E+00
  0.210E+08  0.106E+01  0.220E+08  0.122E+01  0.230E+08  0.133E+01
  0.240E+08  0.136E+01  0.250E+08  0.128E+01  0.260E+08  0.113E+01
  0.270E+08  0.959E+00  0.280E+08  0.790E+00  0.290E+08  0.645E+00
  0.300E+08  0.493E+00  0.310E+08  0.403E+00  0.320E+08  0.334E+00
  0.330E+08  0.289E+00  0.340E+08  0.258E+00  0.350E+08  0.233E+00
  0.360E+08  0.213E+00  0.370E+08  0.197E+00  0.380E+08  0.186E+00
  0.390E+08  0.176E+00  0.400E+08  0.166E+00  0.410E+08  0.159E+00
  0.420E+08  0.152E+00  0.430E+08  0.147E+00  0.440E+08  0.142E+00
  0.450E+08  0.137E+00  0.460E+08  0.133E+00  0.470E+08  0.128E+00
  0.480E+08  0.123E+00  0.490E+08  0.118E+00  0.500E+08  0.115E+00
  0.520E+08  0.109E+00  0.540E+08  0.104E+00  0.560E+08  0.997E-01
  0.580E+08  0.958E-01  0.600E+08  0.923E-01  0.620E+08  0.950E-01
  0.640E+08  0.914E-01  0.660E+08  0.882E-01  0.680E+08  0.853E-01
  0.700E+08  0.835E-01  0.720E+08  0.816E-01  0.740E+08  0.798E-01
  0.760E+08  0.780E-01  0.780E+08  0.770E-01  0.800E+08  0.759E-01
  0.820E+08  0.749E-01  0.840E+08  0.738E-01  0.860E+08  0.728E-01
  0.880E+08  0.700E-01  0.900E+08  0.657E-01  0.920E+08  0.613E-01
  0.940E+08  0.600E-01  0.960E+08  0.586E-01  0.980E+08  0.572E-01
  0.100E+09  0.524E-01
SN120
          37
           0
          54
  0.211E+08  0.000E+00  0.230E+08  0.390E-02  0.240E+08  0.432E-01
  0.250E+08  0.180E+00  0.260E+08  0.351E+00  0.270E+08  0.537E+00
  0.280E+08  0.708E+00  0.290E+08  0.850E+00  0.300E+08  0.997E+00
  0.310E+08  0.107E+01  0.320E+08  0.114E+01  0.330E+08  0.117E+01
  0.340E+08  0.118E+01  0.350E+08  0.118E+01  0.360E+08  0.115E+01
  0.370E+08  0.110E+01  0.380E+08  0.105E+01  0.390E+08  0.976E+00
  0.400E+08  0.897E+00  0.410E+08  0.817E+00  0.420E+08  0.741E+00
  0.430E+08  0.684E+00  0.440E+08  0.631E+00  0.450E+08  0.574E+00
  0.460E+08  0.551E+00  0.470E+08  0.499E+00  0.480E+08  0.459E+00
  0.490E+08  0.412E+00  0.500E+08  0.383E+00  0.520E+08  0.342E+00
  0.540E+08  0.304E+00  0.560E+08  0.275E+00  0.580E+08  0.252E+00
  0.600E+08  0.233E+00  0.620E+08  0.221E+00  0.640E+08  0.215E+00
  0.660E+08  0.202E+00  0.680E+08  0.192E+00  0.700E+08  0.182E+00
  0.720E+08  0.159E+00  0.740E+08  0.152E+00  0.760E+08  0.147E+00
  0.780E+08  0.137E+00  0.800E+08  0.132E+00  0.820E+08  0.128E+00
  0.840E+08  0.124E+00  0.860E+08  0.120E+00  0.880E+08  0.116E+00
  0.900E+08  0.113E+00  0.920E+08  0.111E+00  0.940E+08  0.108E+00
  0.960E+08  0.105E+00  0.980E+08  0.102E+00  0.100E+09  0.995E-01
IN123
         103
           0
          77
  0.365E+07  0.000E+00  0.750E+07  0.100E-04  0.800E+07  0.447E-04
  0.850E+07  0.116E-03  0.900E+07  0.246E-03  0.950E+07  0.426E-03
  0.100E+08  0.730E-03  0.105E+08  0.115E-02  0.110E+08  0.144E-02
  0.115E+08  0.211E-02  0.120E+08  0.295E-02  0.125E+08  0.396E-02
  0.130E+08  0.515E-02  0.135E+08  0.650E-02  0.140E+08  0.802E-02
  0.145E+08  0.916E-02  0.150E+08  0.103E-01  0.160E+08  0.146E-01
  0.170E+08  0.197E-01  0.180E+08  0.248E-01  0.190E+08  0.280E-01
  0.200E+08  0.320E-01  0.210E+08  0.352E-01  0.220E+08  0.377E-01
  0.230E+08  0.398E-01  0.240E+08  0.410E-01  0.250E+08  0.423E-01
  0.260E+08  0.435E-01  0.270E+08  0.443E-01  0.280E+08  0.447E-01
  0.290E+08  0.449E-01  0.300E+08  0.450E-01  0.310E+08  0.452E-01
  0.320E+08  0.453E-01  0.330E+08  0.454E-01  0.340E+08  0.456E-01
  0.350E+08  0.457E-01  0.360E+08  0.452E-01  0.370E+08  0.448E-01
  0.380E+08  0.443E-01  0.390E+08  0.438E-01  0.400E+08  0.432E-01
  0.410E+08  0.427E-01  0.420E+08  0.422E-01  0.430E+08  0.416E-01
  0.440E+08  0.411E-01  0.450E+08  0.406E-01  0.460E+08  0.400E-01
  0.470E+08  0.394E-01  0.480E+08  0.388E-01  0.490E+08  0.380E-01
  0.500E+08  0.371E-01  0.520E+08  0.354E-01  0.540E+08  0.344E-01
  0.560E+08  0.334E-01  0.580E+08  0.324E-01  0.600E+08  0.314E-01
  0.620E+08  0.305E-01  0.640E+08  0.297E-01  0.660E+08  0.294E-01
  0.680E+08  0.292E-01  0.700E+08  0.284E-01  0.720E+08  0.275E-01
  0.740E+08  0.267E-01  0.760E+08  0.260E-01  0.780E+08  0.253E-01
  0.800E+08  0.251E-01  0.820E+08  0.249E-01  0.840E+08  0.248E-01
  0.860E+08  0.246E-01  0.880E+08  0.244E-01  0.900E+08  0.238E-01
  0.920E+08  0.232E-01  0.940E+08  0.227E-01  0.960E+08  0.221E-01
  0.980E+08  0.215E-01  0.100E+09  0.210E-01
CD122
         111
           0
          59
  0.139E+08  0.000E+00  0.180E+08  0.174E-03  0.190E+08  0.264E-03
  0.200E+08  0.395E-03  0.210E+08  0.549E-03  0.220E+08  0.723E-03
  0.230E+08  0.911E-03  0.240E+08  0.101E-02  0.250E+08  0.123E-02
  0.260E+08  0.146E-02  0.270E+08  0.170E-02  0.280E+08  0.195E-02
  0.290E+08  0.221E-02  0.300E+08  0.236E-02  0.310E+08  0.264E-02
  0.320E+08  0.294E-02  0.330E+08  0.326E-02  0.340E+08  0.359E-02
  0.350E+08  0.392E-02  0.360E+08  0.414E-02  0.370E+08  0.448E-02
  0.380E+08  0.482E-02  0.390E+08  0.517E-02  0.400E+08  0.553E-02
  0.410E+08  0.590E-02  0.420E+08  0.627E-02  0.430E+08  0.656E-02
  0.440E+08  0.688E-02  0.450E+08  0.714E-02  0.460E+08  0.736E-02
  0.470E+08  0.753E-02  0.480E+08  0.764E-02  0.490E+08  0.753E-02
  0.500E+08  0.743E-02  0.520E+08  0.722E-02  0.540E+08  0.723E-02
  0.560E+08  0.722E-02  0.580E+08  0.719E-02  0.600E+08  0.717E-02
  0.620E+08  0.713E-02  0.640E+08  0.709E-02  0.660E+08  0.741E-02
  0.680E+08  0.736E-02  0.700E+08  0.733E-02  0.720E+08  0.745E-02
  0.740E+08  0.741E-02  0.760E+08  0.737E-02  0.780E+08  0.735E-02
  0.800E+08  0.731E-02  0.820E+08  0.727E-02  0.840E+08  0.722E-02
  0.860E+08  0.717E-02  0.880E+08  0.713E-02  0.900E+08  0.710E-02
  0.920E+08  0.706E-02  0.940E+08  0.686E-02  0.960E+08  0.681E-02
  0.980E+08  0.677E-02  0.100E+09  0.673E-02
SN119
         121
           0
          46
  0.303E+08  0.000E+00  0.310E+08  0.149E-07  0.320E+08  0.645E-04
  0.330E+08  0.664E-03  0.340E+08  0.749E-02  0.350E+08  0.243E-01
  0.360E+08  0.563E-01  0.370E+08  0.104E+00  0.380E+08  0.151E+00
  0.390E+08  0.219E+00  0.400E+08  0.291E+00  0.410E+08  0.361E+00
  0.420E+08  0.423E+00  0.430E+08  0.459E+00  0.440E+08  0.485E+00
  0.450E+08  0.502E+00  0.460E+08  0.491E+00  0.470E+08  0.488E+00
  0.480E+08  0.486E+00  0.490E+08  0.483E+00  0.500E+08  0.480E+00
  0.520E+08  0.415E+00  0.540E+08  0.362E+00  0.560E+08  0.313E+00
  0.580E+08  0.244E+00  0.600E+08  0.214E+00  0.620E+08  0.195E+00
  0.640E+08  0.162E+00  0.660E+08  0.155E+00  0.680E+08  0.148E+00
  0.700E+08  0.134E+00  0.720E+08  0.129E+00  0.740E+08  0.121E+00
  0.760E+08  0.114E+00  0.780E+08  0.106E+00  0.800E+08  0.101E+00
  0.820E+08  0.956E-01  0.840E+08  0.915E-01  0.860E+08  0.877E-01
  0.880E+08  0.840E-01  0.900E+08  0.863E-01  0.920E+08  0.829E-01
  0.940E+08  0.801E-01  0.960E+08  0.775E-01  0.980E+08  0.750E-01
  0.100E+09  0.728E-01
SN118
         122
           0
          39
  0.368E+08  0.000E+00  0.380E+08  0.782E-07  0.390E+08  0.155E-04
  0.400E+08  0.266E-03  0.410E+08  0.168E-02  0.420E+08  0.620E-02
  0.430E+08  0.134E-01  0.440E+08  0.249E-01  0.450E+08  0.552E-01
  0.460E+08  0.790E-01  0.470E+08  0.117E+00  0.480E+08  0.145E+00
  0.490E+08  0.170E+00  0.500E+08  0.213E+00  0.520E+08  0.295E+00
  0.540E+08  0.363E+00  0.560E+08  0.416E+00  0.580E+08  0.475E+00
  0.600E+08  0.469E+00  0.620E+08  0.450E+00  0.640E+08  0.431E+00
  0.660E+08  0.388E+00  0.680E+08  0.361E+00  0.700E+08  0.335E+00
  0.720E+08  0.312E+00  0.740E+08  0.291E+00  0.760E+08  0.275E+00
  0.780E+08  0.257E+00  0.800E+08  0.240E+00  0.820E+08  0.225E+00
  0.840E+08  0.212E+00  0.860E+08  0.199E+00  0.880E+08  0.194E+00
  0.900E+08  0.190E+00  0.920E+08  0.185E+00  0.940E+08  0.177E+00
  0.960E+08  0.168E+00  0.980E+08  0.161E+00  0.100E+09  0.156E+00
SN117
         123
           0
          28
  0.462E+08  0.000E+00  0.480E+08  0.325E-10  0.500E+08  0.105E-06
  0.520E+08  0.232E-04  0.540E+08  0.431E-03  0.560E+08  0.277E-02
  0.580E+08  0.136E-01  0.600E+08  0.463E-01  0.620E+08  0.662E-01
  0.640E+08  0.105E+00  0.660E+08  0.136E+00  0.680E+08  0.159E+00
  0.700E+08  0.188E+00  0.720E+08  0.206E+00  0.740E+08  0.209E+00
  0.760E+08  0.201E+00  0.780E+08  0.195E+00  0.800E+08  0.187E+00
  0.820E+08  0.164E+00  0.840E+08  0.156E+00  0.860E+08  0.148E+00
  0.880E+08  0.133E+00  0.900E+08  0.126E+00  0.920E+08  0.121E+00
  0.940E+08  0.117E+00  0.960E+08  0.114E+00  0.980E+08  0.112E+00
  0.100E+09  0.109E+00
SN116
         124
           0
          23
  0.532E+08  0.000E+00  0.580E+08  0.288E-06  0.600E+08  0.411E-04
  0.620E+08  0.235E-03  0.640E+08  0.191E-02  0.660E+08  0.595E-02
  0.680E+08  0.137E-01  0.700E+08  0.310E-01  0.720E+08  0.580E-01
  0.740E+08  0.826E-01  0.760E+08  0.109E+00  0.780E+08  0.134E+00
  0.800E+08  0.157E+00  0.820E+08  0.189E+00  0.840E+08  0.201E+00
  0.860E+08  0.210E+00  0.880E+08  0.207E+00  0.900E+08  0.203E+00
  0.920E+08  0.198E+00  0.940E+08  0.193E+00  0.960E+08  0.179E+00
  0.980E+08  0.173E+00  0.100E+09  0.169E+00
SN115
         125
           0
          19
  0.629E+08  0.000E+00  0.660E+08  0.191E-11  0.680E+08  0.500E-08
  0.700E+08  0.834E-06  0.720E+08  0.210E-04  0.740E+08  0.116E-03
  0.760E+08  0.475E-03  0.780E+08  0.144E-02  0.800E+08  0.347E-02
  0.820E+08  0.878E-02  0.840E+08  0.150E-01  0.860E+08  0.232E-01
  0.880E+08  0.376E-01  0.900E+08  0.459E-01  0.920E+08  0.542E-01
  0.940E+08  0.609E-01  0.960E+08  0.694E-01  0.980E+08  0.761E-01
  0.100E+09  0.768E-01
SN114
         126
           0
          15
  0.705E+08  0.000E+00  0.740E+08  0.133E-10  0.760E+08  0.443E-08
  0.780E+08  0.182E-06  0.800E+08  0.319E-05  0.820E+08  0.365E-04
  0.840E+08  0.157E-03  0.860E+08  0.502E-03  0.880E+08  0.141E-02
  0.900E+08  0.231E-02  0.920E+08  0.534E-02  0.940E+08  0.779E-02
  0.960E+08  0.124E-01  0.980E+08  0.181E-01  0.100E+09  0.227E-01
SN113
         127
           0
          10
  0.809E+08  0.000E+00  0.840E+08  0.223E-12  0.860E+08  0.636E-10
  0.880E+08  0.745E-08  0.900E+08  0.284E-07  0.920E+08  0.533E-06
  0.940E+08  0.189E-05  0.960E+08  0.905E-05  0.980E+08  0.332E-04
  0.100E+09  0.749E-04
SN112
         128
           0
           6
  0.887E+08  0.000E+00  0.920E+08  0.188E-14  0.940E+08  0.346E-12
  0.960E+08  0.421E-10  0.980E+08  0.139E-08  0.100E+09  0.260E-07
IN122
         153
           0
          66
  0.938E+07  0.000E+00  0.130E+08  0.270E-08  0.135E+08  0.590E-07
  0.140E+08  0.373E-06  0.145E+08  0.165E-05  0.150E+08  0.566E-05
  0.160E+08  0.416E-02  0.170E+08  0.621E-02  0.180E+08  0.847E-02
  0.190E+08  0.972E-02  0.200E+08  0.125E-01  0.210E+08  0.156E-01
  0.220E+08  0.189E-01  0.230E+08  0.223E-01  0.240E+08  0.253E-01
  0.250E+08  0.321E-01  0.260E+08  0.393E-01  0.270E+08  0.464E-01
  0.280E+08  0.530E-01  0.290E+08  0.591E-01  0.300E+08  0.638E-01
  0.310E+08  0.683E-01  0.320E+08  0.723E-01  0.330E+08  0.748E-01
  0.340E+08  0.743E-01  0.350E+08  0.740E-01  0.360E+08  0.736E-01
  0.370E+08  0.734E-01  0.380E+08  0.732E-01  0.390E+08  0.729E-01
  0.400E+08  0.727E-01  0.410E+08  0.724E-01  0.420E+08  0.722E-01
  0.430E+08  0.719E-01  0.440E+08  0.715E-01  0.450E+08  0.712E-01
  0.460E+08  0.712E-01  0.470E+08  0.711E-01  0.480E+08  0.711E-01
  0.490E+08  0.711E-01  0.500E+08  0.710E-01  0.520E+08  0.710E-01
  0.540E+08  0.709E-01  0.560E+08  0.702E-01  0.580E+08  0.695E-01
  0.600E+08  0.682E-01  0.620E+08  0.669E-01  0.640E+08  0.656E-01
  0.660E+08  0.643E-01  0.680E+08  0.630E-01  0.700E+08  0.617E-01
  0.720E+08  0.611E-01  0.740E+08  0.606E-01  0.760E+08  0.600E-01
  0.780E+08  0.594E-01  0.800E+08  0.589E-01  0.820E+08  0.583E-01
  0.840E+08  0.578E-01  0.860E+08  0.573E-01  0.880E+08  0.567E-01
  0.900E+08  0.619E-01  0.920E+08  0.618E-01  0.940E+08  0.612E-01
  0.960E+08  0.606E-01  0.980E+08  0.601E-01  0.100E+09  0.595E-01
IN121
         154
           0
          58
  0.152E+08  0.000E+00  0.190E+08  0.104E-07  0.200E+08  0.790E-06
  0.210E+08  0.707E-05  0.220E+08  0.506E-04  0.230E+08  0.200E-03
  0.240E+08  0.527E-03  0.250E+08  0.105E-02  0.260E+08  0.211E-02
  0.270E+08  0.382E-02  0.280E+08  0.639E-02  0.290E+08  0.984E-02
  0.300E+08  0.145E-01  0.310E+08  0.200E-01  0.320E+08  0.262E-01
  0.330E+08  0.337E-01  0.340E+08  0.440E-01  0.350E+08  0.521E-01
  0.360E+08  0.611E-01  0.370E+08  0.696E-01  0.380E+08  0.775E-01
  0.390E+08  0.847E-01  0.400E+08  0.907E-01  0.410E+08  0.967E-01
  0.420E+08  0.102E+00  0.430E+08  0.106E+00  0.440E+08  0.110E+00
  0.450E+08  0.114E+00  0.460E+08  0.115E+00  0.470E+08  0.116E+00
  0.480E+08  0.117E+00  0.490E+08  0.118E+00  0.500E+08  0.119E+00
  0.520E+08  0.121E+00  0.540E+08  0.118E+00  0.560E+08  0.114E+00
  0.580E+08  0.111E+00  0.600E+08  0.107E+00  0.620E+08  0.105E+00
  0.640E+08  0.103E+00  0.660E+08  0.101E+00  0.680E+08  0.990E-01
  0.700E+08  0.966E-01  0.720E+08  0.950E-01  0.740E+08  0.934E-01
  0.760E+08  0.918E-01  0.780E+08  0.902E-01  0.800E+08  0.887E-01
  0.820E+08  0.871E-01  0.840E+08  0.855E-01  0.860E+08  0.839E-01
  0.880E+08  0.823E-01  0.900E+08  0.807E-01  0.920E+08  0.796E-01
  0.940E+08  0.789E-01  0.960E+08  0.783E-01  0.980E+08  0.776E-01
  0.100E+09  0.774E-01
IN120
         155
           0
          49
  0.234E+08  0.000E+00  0.280E+08  0.974E-08  0.290E+08  0.475E-06
  0.300E+08  0.611E-05  0.310E+08  0.395E-04  0.320E+08  0.121E-03
  0.330E+08  0.472E-03  0.340E+08  0.125E-02  0.350E+08  0.230E-02
  0.360E+08  0.399E-02  0.370E+08  0.635E-02  0.380E+08  0.940E-02
  0.390E+08  0.131E-01  0.400E+08  0.174E-01  0.410E+08  0.222E-01
  0.420E+08  0.272E-01  0.430E+08  0.324E-01  0.440E+08  0.367E-01
  0.450E+08  0.404E-01  0.460E+08  0.444E-01  0.470E+08  0.485E-01
  0.480E+08  0.525E-01  0.490E+08  0.615E-01  0.500E+08  0.654E-01
  0.520E+08  0.707E-01  0.540E+08  0.790E-01  0.560E+08  0.861E-01
  0.580E+08  0.968E-01  0.600E+08  0.103E+00  0.620E+08  0.106E+00
  0.640E+08  0.107E+00  0.660E+08  0.106E+00  0.680E+08  0.954E-01
  0.700E+08  0.910E-01  0.720E+08  0.866E-01  0.740E+08  0.823E-01
  0.760E+08  0.779E-01  0.780E+08  0.755E-01  0.800E+08  0.734E-01
  0.820E+08  0.720E-01  0.840E+08  0.703E-01  0.860E+08  0.690E-01
  0.880E+08  0.675E-01  0.900E+08  0.663E-01  0.920E+08  0.651E-01
  0.940E+08  0.642E-01  0.960E+08  0.633E-01  0.980E+08  0.625E-01
  0.100E+09  0.661E-01
IN119
         156
           0
          43
  0.296E+08  0.000E+00  0.340E+08  0.130E-08  0.350E+08  0.102E-06
  0.360E+08  0.164E-05  0.370E+08  0.126E-04  0.380E+08  0.577E-04
  0.390E+08  0.150E-03  0.400E+08  0.397E-03  0.410E+08  0.876E-03
  0.420E+08  0.170E-02  0.430E+08  0.298E-02  0.440E+08  0.533E-02
  0.450E+08  0.739E-02  0.460E+08  0.101E-01  0.470E+08  0.138E-01
  0.480E+08  0.186E-01  0.490E+08  0.236E-01  0.500E+08  0.290E-01
  0.520E+08  0.370E-01  0.540E+08  0.483E-01  0.560E+08  0.589E-01
  0.580E+08  0.637E-01  0.600E+08  0.726E-01  0.620E+08  0.786E-01
  0.640E+08  0.852E-01  0.660E+08  0.918E-01  0.680E+08  0.102E+00
  0.700E+08  0.108E+00  0.720E+08  0.114E+00  0.740E+08  0.118E+00
  0.760E+08  0.127E+00  0.780E+08  0.130E+00  0.800E+08  0.134E+00
  0.820E+08  0.138E+00  0.840E+08  0.136E+00  0.860E+08  0.134E+00
  0.880E+08  0.131E+00  0.900E+08  0.128E+00  0.920E+08  0.125E+00
  0.940E+08  0.121E+00  0.960E+08  0.118E+00  0.980E+08  0.115E+00
  0.100E+09  0.113E+00
IN118
         157
           0
          35
  0.380E+08  0.000E+00  0.420E+08  0.700E-18  0.430E+08  0.193E-09
  0.440E+08  0.253E-07  0.450E+08  0.147E-06  0.460E+08  0.145E-05
  0.470E+08  0.842E-05  0.480E+08  0.328E-04  0.490E+08  0.877E-04
  0.500E+08  0.224E-03  0.520E+08  0.105E-02  0.540E+08  0.294E-02
  0.560E+08  0.598E-02  0.580E+08  0.113E-01  0.600E+08  0.202E-01
  0.620E+08  0.284E-01  0.640E+08  0.367E-01  0.660E+08  0.456E-01
  0.680E+08  0.547E-01  0.700E+08  0.579E-01  0.720E+08  0.621E-01
  0.740E+08  0.657E-01  0.760E+08  0.681E-01  0.780E+08  0.705E-01
  0.800E+08  0.729E-01  0.820E+08  0.753E-01  0.840E+08  0.777E-01
  0.860E+08  0.801E-01  0.880E+08  0.842E-01  0.900E+08  0.883E-01
  0.920E+08  0.920E-01  0.940E+08  0.949E-01  0.960E+08  0.969E-01
  0.980E+08  0.978E-01  0.100E+09  0.104E+00
IN117
         158
           0
          26
  0.447E+08  0.000E+00  0.520E+08  0.159E-07  0.540E+08  0.140E-05
  0.560E+08  0.161E-04  0.580E+08  0.123E-03  0.600E+08  0.669E-03
  0.620E+08  0.190E-02  0.640E+08  0.455E-02  0.660E+08  0.704E-02
  0.680E+08  0.137E-01  0.700E+08  0.239E-01  0.720E+08  0.326E-01
  0.740E+08  0.416E-01  0.760E+08  0.502E-01  0.780E+08  0.576E-01
  0.800E+08  0.626E-01  0.820E+08  0.677E-01  0.840E+08  0.722E-01
  0.860E+08  0.755E-01  0.880E+08  0.784E-01  0.900E+08  0.821E-01
  0.920E+08  0.858E-01  0.940E+08  0.886E-01  0.960E+08  0.935E-01
  0.980E+08  0.985E-01  0.100E+09  0.970E-01
IN116
         159
           0
          22
  0.535E+08  0.000E+00  0.600E+08  0.143E-10  0.620E+08  0.884E-08
  0.640E+08  0.756E-06  0.660E+08  0.863E-05  0.680E+08  0.814E-04
  0.700E+08  0.469E-03  0.720E+08  0.126E-02  0.740E+08  0.284E-02
  0.760E+08  0.552E-02  0.780E+08  0.937E-02  0.800E+08  0.138E-01
  0.820E+08  0.193E-01  0.840E+08  0.254E-01  0.860E+08  0.319E-01
  0.880E+08  0.371E-01  0.900E+08  0.411E-01  0.920E+08  0.438E-01
  0.940E+08  0.471E-01  0.960E+08  0.463E-01  0.980E+08  0.482E-01
  0.100E+09  0.479E-01
IN115
         160
           0
          18
  0.603E+08  0.000E+00  0.680E+08  0.769E-10  0.700E+08  0.364E-07
  0.720E+08  0.799E-06  0.740E+08  0.779E-05  0.760E+08  0.447E-04
  0.780E+08  0.173E-03  0.800E+08  0.475E-03  0.820E+08  0.111E-02
  0.840E+08  0.236E-02  0.860E+08  0.437E-02  0.880E+08  0.882E-02
  0.900E+08  0.128E-01  0.920E+08  0.165E-01  0.940E+08  0.216E-01
  0.960E+08  0.280E-01  0.980E+08  0.347E-01  0.100E+09  0.369E-01
IN114
         161
           0
          14
  0.694E+08  0.000E+00  0.760E+08  0.547E-12  0.780E+08  0.170E-09
  0.800E+08  0.654E-08  0.820E+08  0.112E-06  0.840E+08  0.639E-06
  0.860E+08  0.461E-05  0.880E+08  0.339E-04  0.900E+08  0.111E-03
  0.920E+08  0.243E-03  0.940E+08  0.493E-03  0.960E+08  0.105E-02
  0.980E+08  0.199E-02  0.100E+09  0.257E-02
IN113
         162
           0
          11
  0.768E+08  0.000E+00  0.820E+08  0.598E-18  0.840E+08  0.632E-15
  0.860E+08  0.887E-12  0.880E+08  0.353E-09  0.900E+08  0.987E-08
  0.920E+08  0.880E-07  0.940E+08  0.517E-06  0.960E+08  0.307E-05
  0.980E+08  0.133E-04  0.100E+09  0.256E-04
IN112
         163
           0
           6
  0.863E+08  0.000E+00  0.920E+08  0.824E-21  0.940E+08  0.249E-16
  0.960E+08  0.315E-13  0.980E+08  0.447E-11  0.100E+09  0.464E-10
CD121
         174
           0
          50
  0.194E+08  0.000E+00  0.270E+08  0.119E-15  0.280E+08  0.100E-13
  0.290E+08  0.525E-12  0.300E+08  0.147E-10  0.310E+08  0.149E-09
  0.320E+08  0.112E-08  0.330E+08  0.379E-08  0.340E+08  0.101E-07
  0.350E+08  0.235E-07  0.360E+08  0.528E-07  0.370E+08  0.105E-06
  0.380E+08  0.190E-06  0.390E+08  0.313E-06  0.400E+08  0.478E-06
  0.410E+08  0.990E-06  0.420E+08  0.533E-05  0.430E+08  0.261E-04
  0.440E+08  0.860E-04  0.450E+08  0.202E-03  0.460E+08  0.378E-03
  0.470E+08  0.596E-03  0.480E+08  0.872E-03  0.490E+08  0.142E-02
  0.500E+08  0.197E-02  0.520E+08  0.274E-02  0.540E+08  0.350E-02
  0.560E+08  0.416E-02  0.580E+08  0.460E-02  0.600E+08  0.456E-02
  0.620E+08  0.452E-02  0.640E+08  0.452E-02  0.660E+08  0.413E-02
  0.680E+08  0.407E-02  0.700E+08  0.444E-02  0.720E+08  0.431E-02
  0.740E+08  0.418E-02  0.760E+08  0.413E-02  0.780E+08  0.407E-02
  0.800E+08  0.406E-02  0.820E+08  0.403E-02  0.840E+08  0.403E-02
  0.860E+08  0.399E-02  0.880E+08  0.398E-02  0.900E+08  0.427E-02
  0.920E+08  0.426E-02  0.940E+08  0.421E-02  0.960E+08  0.421E-02
  0.980E+08  0.418E-02  0.100E+09  0.418E-02
CD120
         175
           0
          78
  0.100E-04  0.000E+00  0.700E+07  0.367E-08  0.750E+07  0.190E-07
  0.800E+07  0.702E-07  0.850E+07  0.220E-06  0.900E+07  0.621E-06
  0.950E+07  0.160E-05  0.100E+08  0.382E-05  0.105E+08  0.848E-05
  0.110E+08  0.175E-04  0.115E+08  0.336E-04  0.120E+08  0.602E-04
  0.125E+08  0.100E-03  0.130E+08  0.157E-03  0.135E+08  0.234E-03
  0.140E+08  0.330E-03  0.145E+08  0.449E-03  0.150E+08  0.589E-03
  0.160E+08  0.933E-03  0.170E+08  0.137E-02  0.180E+08  0.190E-02
  0.190E+08  0.247E-02  0.200E+08  0.305E-02  0.210E+08  0.355E-02
  0.220E+08  0.391E-02  0.230E+08  0.412E-02  0.240E+08  0.421E-02
  0.250E+08  0.420E-02  0.260E+08  0.404E-02  0.270E+08  0.389E-02
  0.280E+08  0.371E-02  0.290E+08  0.351E-02  0.300E+08  0.329E-02
  0.310E+08  0.307E-02  0.320E+08  0.286E-02  0.330E+08  0.266E-02
  0.340E+08  0.247E-02  0.350E+08  0.230E-02  0.360E+08  0.213E-02
  0.370E+08  0.197E-02  0.380E+08  0.193E-02  0.390E+08  0.178E-02
  0.400E+08  0.163E-02  0.410E+08  0.150E-02  0.420E+08  0.137E-02
  0.430E+08  0.126E-02  0.440E+08  0.116E-02  0.450E+08  0.107E-02
  0.460E+08  0.987E-03  0.470E+08  0.917E-03  0.480E+08  0.852E-03
  0.490E+08  0.727E-03  0.500E+08  0.675E-03  0.520E+08  0.581E-03
  0.540E+08  0.532E-03  0.560E+08  0.622E-03  0.580E+08  0.933E-03
  0.600E+08  0.181E-02  0.620E+08  0.254E-02  0.640E+08  0.332E-02
  0.660E+08  0.415E-02  0.680E+08  0.498E-02  0.700E+08  0.539E-02
  0.720E+08  0.612E-02  0.740E+08  0.670E-02  0.760E+08  0.707E-02
  0.780E+08  0.732E-02  0.800E+08  0.736E-02  0.820E+08  0.741E-02
  0.840E+08  0.732E-02  0.860E+08  0.725E-02  0.880E+08  0.714E-02
  0.900E+08  0.708E-02  0.920E+08  0.693E-02  0.940E+08  0.722E-02
  0.960E+08  0.751E-02  0.980E+08  0.742E-02  0.100E+09  0.672E-02
CD119
         176
           0
          62
  0.636E+07  0.000E+00  0.150E+08  0.307E-08  0.160E+08  0.133E-06
  0.170E+08  0.122E-05  0.180E+08  0.736E-05  0.190E+08  0.344E-04
  0.200E+08  0.125E-03  0.210E+08  0.350E-03  0.220E+08  0.763E-03
  0.230E+08  0.136E-02  0.240E+08  0.212E-02  0.250E+08  0.299E-02
  0.260E+08  0.388E-02  0.270E+08  0.462E-02  0.280E+08  0.515E-02
  0.290E+08  0.546E-02  0.300E+08  0.559E-02  0.310E+08  0.556E-02
  0.320E+08  0.543E-02  0.330E+08  0.522E-02  0.340E+08  0.497E-02
  0.350E+08  0.468E-02  0.360E+08  0.438E-02  0.370E+08  0.409E-02
  0.380E+08  0.384E-02  0.390E+08  0.356E-02  0.400E+08  0.330E-02
  0.410E+08  0.306E-02  0.420E+08  0.283E-02  0.430E+08  0.261E-02
  0.440E+08  0.240E-02  0.450E+08  0.220E-02  0.460E+08  0.201E-02
  0.470E+08  0.183E-02  0.480E+08  0.167E-02  0.490E+08  0.137E-02
  0.500E+08  0.125E-02  0.520E+08  0.107E-02  0.540E+08  0.913E-03
  0.560E+08  0.892E-03  0.580E+08  0.857E-03  0.600E+08  0.737E-03
  0.620E+08  0.628E-03  0.640E+08  0.528E-03  0.660E+08  0.442E-03
  0.680E+08  0.365E-03  0.700E+08  0.344E-03  0.720E+08  0.406E-03
  0.740E+08  0.650E-03  0.760E+08  0.106E-02  0.780E+08  0.166E-02
  0.800E+08  0.238E-02  0.820E+08  0.307E-02  0.840E+08  0.379E-02
  0.860E+08  0.439E-02  0.880E+08  0.461E-02  0.900E+08  0.481E-02
  0.920E+08  0.504E-02  0.940E+08  0.491E-02  0.960E+08  0.479E-02
  0.980E+08  0.478E-02  0.100E+09  0.488E-02
CD118
         177
           0
          56
  0.117E+08  0.000E+00  0.210E+08  0.319E-07  0.220E+08  0.586E-06
  0.230E+08  0.407E-05  0.240E+08  0.201E-04  0.250E+08  0.613E-04
  0.260E+08  0.242E-03  0.270E+08  0.602E-03  0.280E+08  0.121E-02
  0.290E+08  0.207E-02  0.300E+08  0.313E-02  0.310E+08  0.435E-02
  0.320E+08  0.567E-02  0.330E+08  0.706E-02  0.340E+08  0.847E-02
  0.350E+08  0.983E-02  0.360E+08  0.111E-01  0.370E+08  0.121E-01
  0.380E+08  0.128E-01  0.390E+08  0.133E-01  0.400E+08  0.135E-01
  0.410E+08  0.134E-01  0.420E+08  0.132E-01  0.430E+08  0.132E-01
  0.440E+08  0.126E-01  0.450E+08  0.120E-01  0.460E+08  0.114E-01
  0.470E+08  0.107E-01  0.480E+08  0.100E-01  0.490E+08  0.906E-02
  0.500E+08  0.810E-02  0.520E+08  0.619E-02  0.540E+08  0.524E-02
  0.560E+08  0.469E-02  0.580E+08  0.384E-02  0.600E+08  0.325E-02
  0.620E+08  0.282E-02  0.640E+08  0.243E-02  0.660E+08  0.210E-02
  0.680E+08  0.184E-02  0.700E+08  0.169E-02  0.720E+08  0.150E-02
  0.740E+08  0.144E-02  0.760E+08  0.126E-02  0.780E+08  0.114E-02
  0.800E+08  0.102E-02  0.820E+08  0.105E-02  0.840E+08  0.110E-02
  0.860E+08  0.130E-02  0.880E+08  0.183E-02  0.900E+08  0.215E-02
  0.920E+08  0.278E-02  0.940E+08  0.330E-02  0.960E+08  0.406E-02
  0.980E+08  0.490E-02  0.100E+09  0.614E-02
CD117
         178
           0
          48
  0.201E+08  0.000E+00  0.290E+08  0.314E-10  0.300E+08  0.140E-07
  0.310E+08  0.243E-06  0.320E+08  0.188E-05  0.330E+08  0.980E-05
  0.340E+08  0.392E-04  0.350E+08  0.127E-03  0.360E+08  0.335E-03
  0.370E+08  0.737E-03  0.380E+08  0.123E-02  0.390E+08  0.209E-02
  0.400E+08  0.320E-02  0.410E+08  0.450E-02  0.420E+08  0.594E-02
  0.430E+08  0.698E-02  0.440E+08  0.829E-02  0.450E+08  0.945E-02
  0.460E+08  0.103E-01  0.470E+08  0.112E-01  0.480E+08  0.115E-01
  0.490E+08  0.119E-01  0.500E+08  0.122E-01  0.520E+08  0.114E-01
  0.540E+08  0.102E-01  0.560E+08  0.931E-02  0.580E+08  0.808E-02
  0.600E+08  0.696E-02  0.620E+08  0.589E-02  0.640E+08  0.500E-02
  0.660E+08  0.424E-02  0.680E+08  0.317E-02  0.700E+08  0.282E-02
  0.720E+08  0.244E-02  0.740E+08  0.204E-02  0.760E+08  0.183E-02
  0.780E+08  0.168E-02  0.800E+08  0.153E-02  0.820E+08  0.148E-02
  0.840E+08  0.140E-02  0.860E+08  0.130E-02  0.880E+08  0.118E-02
  0.900E+08  0.114E-02  0.920E+08  0.111E-02  0.940E+08  0.109E-02
  0.960E+08  0.107E-02  0.980E+08  0.118E-02  0.100E+09  0.119E-02
CD116
         179
           0
          42
  0.259E+08  0.000E+00  0.350E+08  0.486E-10  0.360E+08  0.800E-08
  0.370E+08  0.126E-06  0.380E+08  0.672E-06  0.390E+08  0.392E-05
  0.400E+08  0.173E-04  0.410E+08  0.610E-04  0.420E+08  0.142E-03
  0.430E+08  0.359E-03  0.440E+08  0.755E-03  0.450E+08  0.141E-02
  0.460E+08  0.234E-02  0.470E+08  0.324E-02  0.480E+08  0.464E-02
  0.490E+08  0.591E-02  0.500E+08  0.804E-02  0.520E+08  0.123E-01
  0.540E+08  0.158E-01  0.560E+08  0.179E-01  0.580E+08  0.199E-01
  0.600E+08  0.207E-01  0.620E+08  0.205E-01  0.640E+08  0.201E-01
  0.660E+08  0.197E-01  0.680E+08  0.173E-01  0.700E+08  0.157E-01
  0.720E+08  0.140E-01  0.740E+08  0.124E-01  0.760E+08  0.109E-01
  0.780E+08  0.100E-01  0.800E+08  0.912E-02  0.820E+08  0.830E-02
  0.840E+08  0.743E-02  0.860E+08  0.673E-02  0.880E+08  0.612E-02
  0.900E+08  0.586E-02  0.920E+08  0.558E-02  0.940E+08  0.525E-02
  0.960E+08  0.448E-02  0.980E+08  0.455E-02  0.100E+09  0.449E-02
CD115
         180
           0
          33
  0.347E+08  0.000E+00  0.440E+08  0.397E-14  0.450E+08  0.162E-10
  0.460E+08  0.451E-09  0.470E+08  0.768E-08  0.480E+08  0.738E-07
  0.490E+08  0.123E-05  0.500E+08  0.105E-04  0.520E+08  0.933E-04
  0.540E+08  0.428E-03  0.560E+08  0.105E-02  0.580E+08  0.254E-02
  0.600E+08  0.485E-02  0.620E+08  0.776E-02  0.640E+08  0.113E-01
  0.660E+08  0.135E-01  0.680E+08  0.156E-01  0.700E+08  0.167E-01
  0.720E+08  0.163E-01  0.740E+08  0.162E-01  0.760E+08  0.156E-01
  0.780E+08  0.144E-01  0.800E+08  0.132E-01  0.820E+08  0.119E-01
  0.840E+08  0.107E-01  0.860E+08  0.956E-02  0.880E+08  0.843E-02
  0.900E+08  0.748E-02  0.920E+08  0.678E-02  0.940E+08  0.611E-02
  0.960E+08  0.569E-02  0.980E+08  0.556E-02  0.100E+09  0.532E-02
CD114
         181
           0
          26
  0.409E+08  0.000E+00  0.520E+08  0.261E-09  0.540E+08  0.327E-07
  0.560E+08  0.535E-06  0.580E+08  0.828E-05  0.600E+08  0.372E-04
  0.620E+08  0.189E-03  0.640E+08  0.751E-03  0.660E+08  0.145E-02
  0.680E+08  0.359E-02  0.700E+08  0.600E-02  0.720E+08  0.104E-01
  0.740E+08  0.147E-01  0.760E+08  0.189E-01  0.780E+08  0.228E-01
  0.800E+08  0.259E-01  0.820E+08  0.279E-01  0.840E+08  0.299E-01
  0.860E+08  0.307E-01  0.880E+08  0.310E-01  0.900E+08  0.303E-01
  0.920E+08  0.295E-01  0.940E+08  0.276E-01  0.960E+08  0.252E-01
  0.980E+08  0.237E-01  0.100E+09  0.222E-01
CD113
         182
           0
          21
  0.500E+08  0.000E+00  0.620E+08  0.280E-11  0.640E+08  0.130E-08
  0.660E+08  0.222E-07  0.680E+08  0.749E-06  0.700E+08  0.788E-05
  0.720E+08  0.695E-04  0.740E+08  0.251E-03  0.760E+08  0.696E-03
  0.780E+08  0.157E-02  0.800E+08  0.281E-02  0.820E+08  0.436E-02
  0.840E+08  0.589E-02  0.860E+08  0.839E-02  0.880E+08  0.109E-01
  0.900E+08  0.134E-01  0.920E+08  0.159E-01  0.940E+08  0.184E-01
  0.960E+08  0.201E-01  0.980E+08  0.205E-01  0.100E+09  0.208E-01
CD112
         183
           0
          18
  0.566E+08  0.000E+00  0.680E+08  0.109E-12  0.700E+08  0.937E-10
  0.720E+08  0.132E-07  0.740E+08  0.235E-06  0.760E+08  0.232E-05
  0.780E+08  0.146E-04  0.800E+08  0.382E-04  0.820E+08  0.121E-03
  0.840E+08  0.260E-03  0.860E+08  0.650E-03  0.880E+08  0.151E-02
  0.900E+08  0.275E-02  0.920E+08  0.481E-02  0.940E+08  0.667E-02
  0.960E+08  0.979E-02  0.980E+08  0.129E-01  0.100E+09  0.163E-01
CD111
         184
           0
          14
  0.661E+08  0.000E+00  0.760E+08  0.223E-17  0.780E+08  0.169E-13
  0.800E+08  0.783E-12  0.820E+08  0.578E-10  0.840E+08  0.796E-09
  0.860E+08  0.135E-07  0.880E+08  0.148E-06  0.900E+08  0.886E-06
  0.920E+08  0.582E-05  0.940E+08  0.169E-04  0.960E+08  0.708E-04
  0.980E+08  0.156E-03  0.100E+09  0.313E-03
CD110
         185
           0
          10
  0.731E+08  0.000E+00  0.840E+08  0.363E-17  0.860E+08  0.343E-14
  0.880E+08  0.367E-12  0.900E+08  0.532E-11  0.920E+08  0.337E-09
  0.940E+08  0.294E-08  0.960E+08  0.524E-07  0.980E+08  0.296E-06
  0.100E+09  0.131E-05
CD109
         186
           0
           5
  0.831E+08  0.000E+00  0.940E+08  0.746E-22  0.960E+08  0.105E-17
  0.980E+08  0.360E-15  0.100E+09  0.147E-13
AG121
         219
           0
          39
  0.269E+08  0.000E+00  0.380E+08  0.199E-21  0.390E+08  0.315E-19
  0.400E+08  0.758E-18  0.410E+08  0.879E-17  0.420E+08  0.659E-16
  0.430E+08  0.366E-15  0.440E+08  0.125E-14  0.450E+08  0.444E-14
  0.460E+08  0.148E-13  0.470E+08  0.521E-13  0.480E+08  0.140E-12
  0.490E+08  0.487E-12  0.500E+08  0.109E-11  0.520E+08  0.369E-11
  0.540E+08  0.967E-11  0.560E+08  0.193E-10  0.580E+08  0.313E-10
  0.600E+08  0.434E-10  0.620E+08  0.552E-10  0.640E+08  0.664E-10
  0.660E+08  0.115E-09  0.680E+08  0.176E-09  0.700E+08  0.330E-09
  0.720E+08  0.668E-09  0.740E+08  0.137E-08  0.760E+08  0.249E-08
  0.780E+08  0.437E-08  0.800E+08  0.532E-08  0.820E+08  0.669E-08
  0.840E+08  0.774E-08  0.860E+08  0.842E-08  0.880E+08  0.895E-08
  0.900E+08  0.101E-07  0.920E+08  0.891E-08  0.940E+08  0.893E-08
  0.960E+08  0.903E-08  0.980E+08  0.624E-08  0.100E+09  0.634E-08
AG120
         220
           0
          34
  0.319E+08  0.000E+00  0.430E+08  0.202E-22  0.440E+08  0.770E-20
  0.450E+08  0.318E-18  0.460E+08  0.111E-16  0.470E+08  0.137E-15
  0.480E+08  0.175E-14  0.490E+08  0.369E-13  0.500E+08  0.103E-12
  0.520E+08  0.128E-11  0.540E+08  0.902E-11  0.560E+08  0.396E-10
  0.580E+08  0.127E-09  0.600E+08  0.313E-09  0.620E+08  0.595E-09
  0.640E+08  0.853E-09  0.660E+08  0.141E-08  0.680E+08  0.188E-08
  0.700E+08  0.232E-08  0.720E+08  0.264E-08  0.740E+08  0.365E-08
  0.760E+08  0.388E-08  0.780E+08  0.563E-08  0.800E+08  0.809E-08
  0.820E+08  0.141E-07  0.840E+08  0.250E-07  0.860E+08  0.410E-07
  0.880E+08  0.616E-07  0.900E+08  0.921E-07  0.920E+08  0.107E-06
  0.940E+08  0.134E-06  0.960E+08  0.151E-06  0.980E+08  0.144E-06
  0.100E+09  0.179E-06
AG119
         221
           0
          54
  0.110E+08  0.000E+00  0.230E+08  0.857E-17  0.240E+08  0.218E-14
  0.250E+08  0.388E-13  0.260E+08  0.438E-12  0.270E+08  0.251E-11
  0.280E+08  0.113E-10  0.290E+08  0.379E-10  0.300E+08  0.107E-09
  0.310E+08  0.306E-09  0.320E+08  0.786E-09  0.330E+08  0.185E-08
  0.340E+08  0.400E-08  0.350E+08  0.779E-08  0.360E+08  0.144E-07
  0.370E+08  0.242E-07  0.380E+08  0.377E-07  0.390E+08  0.534E-07
  0.400E+08  0.700E-07  0.410E+08  0.858E-07  0.420E+08  0.861E-07
  0.430E+08  0.842E-07  0.440E+08  0.102E-06  0.450E+08  0.107E-06
  0.460E+08  0.111E-06  0.470E+08  0.118E-06  0.480E+08  0.120E-06
  0.490E+08  0.156E-06  0.500E+08  0.158E-06  0.520E+08  0.155E-06
  0.540E+08  0.160E-06  0.560E+08  0.157E-06  0.580E+08  0.159E-06
  0.600E+08  0.145E-06  0.620E+08  0.142E-06  0.640E+08  0.154E-06
  0.660E+08  0.171E-06  0.680E+08  0.127E-06  0.700E+08  0.144E-06
  0.720E+08  0.165E-06  0.740E+08  0.178E-06  0.760E+08  0.206E-06
  0.780E+08  0.238E-06  0.800E+08  0.243E-06  0.820E+08  0.257E-06
  0.840E+08  0.262E-06  0.860E+08  0.253E-06  0.880E+08  0.257E-06
  0.900E+08  0.284E-06  0.920E+08  0.303E-06  0.940E+08  0.364E-06
  0.960E+08  0.457E-06  0.980E+08  0.593E-06  0.100E+09  0.769E-06
AG118
         222
           0
          49
  0.159E+08  0.000E+00  0.280E+08  0.568E-18  0.290E+08  0.454E-15
  0.300E+08  0.120E-13  0.310E+08  0.194E-12  0.320E+08  0.260E-11
  0.330E+08  0.238E-10  0.340E+08  0.150E-09  0.350E+08  0.619E-09
  0.360E+08  0.235E-08  0.370E+08  0.747E-08  0.380E+08  0.194E-07
  0.390E+08  0.461E-07  0.400E+08  0.967E-07  0.410E+08  0.183E-06
  0.420E+08  0.284E-06  0.430E+08  0.465E-06  0.440E+08  0.684E-06
  0.450E+08  0.956E-06  0.460E+08  0.126E-05  0.470E+08  0.164E-05
  0.480E+08  0.200E-05  0.490E+08  0.238E-05  0.500E+08  0.261E-05
  0.520E+08  0.296E-05  0.540E+08  0.325E-05  0.560E+08  0.326E-05
  0.580E+08  0.324E-05  0.600E+08  0.291E-05  0.620E+08  0.330E-05
  0.640E+08  0.311E-05  0.660E+08  0.312E-05  0.680E+08  0.254E-05
  0.700E+08  0.248E-05  0.720E+08  0.237E-05  0.740E+08  0.210E-05
  0.760E+08  0.199E-05  0.780E+08  0.209E-05  0.800E+08  0.205E-05
  0.820E+08  0.210E-05  0.840E+08  0.214E-05  0.860E+08  0.204E-05
  0.880E+08  0.202E-05  0.900E+08  0.217E-05  0.920E+08  0.217E-05
  0.940E+08  0.176E-05  0.960E+08  0.176E-05  0.980E+08  0.164E-05
  0.100E+09  0.159E-05
AG117
         223
           0
          43
  0.213E+08  0.000E+00  0.340E+08  0.596E-14  0.350E+08  0.207E-12
  0.360E+08  0.275E-11  0.370E+08  0.215E-10  0.380E+08  0.916E-10
  0.390E+08  0.432E-09  0.400E+08  0.172E-08  0.410E+08  0.603E-08
  0.420E+08  0.181E-07  0.430E+08  0.538E-07  0.440E+08  0.119E-06
  0.450E+08  0.270E-06  0.460E+08  0.564E-06  0.470E+08  0.109E-05
  0.480E+08  0.200E-05  0.490E+08  0.310E-05  0.500E+08  0.468E-05
  0.520E+08  0.954E-05  0.540E+08  0.168E-04  0.560E+08  0.249E-04
  0.580E+08  0.339E-04  0.600E+08  0.396E-04  0.620E+08  0.459E-04
  0.640E+08  0.487E-04  0.660E+08  0.517E-04  0.680E+08  0.553E-04
  0.700E+08  0.560E-04  0.720E+08  0.550E-04  0.740E+08  0.511E-04
  0.760E+08  0.482E-04  0.780E+08  0.493E-04  0.800E+08  0.483E-04
  0.820E+08  0.484E-04  0.840E+08  0.478E-04  0.860E+08  0.454E-04
  0.880E+08  0.430E-04  0.900E+08  0.447E-04  0.920E+08  0.439E-04
  0.940E+08  0.445E-04  0.960E+08  0.439E-04  0.980E+08  0.418E-04
  0.100E+09  0.346E-04
AG116
         224
           0
          35
  0.290E+08  0.000E+00  0.420E+08  0.475E-14  0.430E+08  0.177E-12
  0.440E+08  0.352E-11  0.450E+08  0.367E-10  0.460E+08  0.275E-09
  0.470E+08  0.137E-08  0.480E+08  0.583E-08  0.490E+08  0.331E-07
  0.500E+08  0.925E-07  0.520E+08  0.560E-06  0.540E+08  0.233E-05
  0.560E+08  0.677E-05  0.580E+08  0.174E-04  0.600E+08  0.366E-04
  0.620E+08  0.592E-04  0.640E+08  0.902E-04  0.660E+08  0.126E-03
  0.680E+08  0.160E-03  0.700E+08  0.189E-03  0.720E+08  0.211E-03
  0.740E+08  0.219E-03  0.760E+08  0.220E-03  0.780E+08  0.230E-03
  0.800E+08  0.227E-03  0.820E+08  0.226E-03  0.840E+08  0.222E-03
  0.860E+08  0.186E-03  0.880E+08  0.177E-03  0.900E+08  0.184E-03
  0.920E+08  0.184E-03  0.940E+08  0.168E-03  0.960E+08  0.169E-03
  0.980E+08  0.166E-03  0.100E+09  0.153E-03
AG115
         225
           0
          29
  0.349E+08  0.000E+00  0.480E+08  0.235E-15  0.490E+08  0.144E-11
  0.500E+08  0.175E-10  0.520E+08  0.354E-09  0.540E+08  0.829E-08
  0.560E+08  0.425E-07  0.580E+08  0.356E-06  0.600E+08  0.216E-05
  0.620E+08  0.716E-05  0.640E+08  0.203E-04  0.660E+08  0.457E-04
  0.680E+08  0.858E-04  0.700E+08  0.152E-03  0.720E+08  0.246E-03
  0.740E+08  0.356E-03  0.760E+08  0.482E-03  0.780E+08  0.628E-03
  0.800E+08  0.726E-03  0.820E+08  0.841E-03  0.840E+08  0.930E-03
  0.860E+08  0.937E-03  0.880E+08  0.937E-03  0.900E+08  0.970E-03
  0.920E+08  0.968E-03  0.940E+08  0.936E-03  0.960E+08  0.929E-03
  0.980E+08  0.918E-03  0.100E+09  0.862E-03
AG114
         226
           0
          24
  0.430E+08  0.000E+00  0.560E+08  0.460E-16  0.580E+08  0.146E-12
  0.600E+08  0.288E-10  0.620E+08  0.120E-08  0.640E+08  0.244E-07
  0.660E+08  0.196E-06  0.680E+08  0.998E-06  0.700E+08  0.431E-05
  0.720E+08  0.147E-04  0.740E+08  0.403E-04  0.760E+08  0.752E-04
  0.780E+08  0.154E-03  0.800E+08  0.257E-03  0.820E+08  0.425E-03
  0.840E+08  0.618E-03  0.860E+08  0.863E-03  0.880E+08  0.106E-02
  0.900E+08  0.125E-02  0.920E+08  0.141E-02  0.940E+08  0.154E-02
  0.960E+08  0.162E-02  0.980E+08  0.164E-02  0.100E+09  0.160E-02
AG113
         227
           0
          21
  0.490E+08  0.000E+00  0.620E+08  0.411E-17  0.640E+08  0.357E-13
  0.660E+08  0.443E-11  0.680E+08  0.236E-09  0.700E+08  0.552E-08
  0.720E+08  0.374E-07  0.740E+08  0.320E-06  0.760E+08  0.125E-05
  0.780E+08  0.533E-05  0.800E+08  0.165E-04  0.820E+08  0.479E-04
  0.840E+08  0.111E-03  0.860E+08  0.253E-03  0.880E+08  0.449E-03
  0.900E+08  0.708E-03  0.920E+08  0.105E-02  0.940E+08  0.147E-02
  0.960E+08  0.195E-02  0.980E+08  0.243E-02  0.100E+09  0.275E-02
AG112
         228
           0
          16
  0.576E+08  0.000E+00  0.720E+08  0.303E-16  0.740E+08  0.216E-13
  0.760E+08  0.171E-11  0.780E+08  0.666E-10  0.800E+08  0.109E-08
  0.820E+08  0.155E-07  0.840E+08  0.132E-06  0.860E+08  0.106E-05
  0.880E+08  0.467E-05  0.900E+08  0.152E-04  0.920E+08  0.410E-04
  0.940E+08  0.928E-04  0.960E+08  0.189E-03  0.980E+08  0.343E-03
  0.100E+09  0.685E-03
AG111
         229
           0
          13
  0.641E+08  0.000E+00  0.780E+08  0.754E-19  0.800E+08  0.127E-15
  0.820E+08  0.221E-13  0.840E+08  0.188E-11  0.860E+08  0.880E-10
  0.880E+08  0.177E-08  0.900E+08  0.200E-07  0.920E+08  0.153E-06
  0.940E+08  0.717E-06  0.960E+08  0.315E-05  0.980E+08  0.104E-04
  0.100E+09  0.367E-04
AG110
         230
           0
           8
  0.730E+08  0.000E+00  0.880E+08  0.284E-19  0.900E+08  0.376E-16
  0.920E+08  0.572E-14  0.940E+08  0.200E-12  0.960E+08  0.812E-11
  0.980E+08  0.166E-09  0.100E+09  0.306E-08
AG109
         231
           0
           5
  0.799E+08  0.000E+00  0.940E+08  0.360E-27  0.960E+08  0.197E-20
  0.980E+08  0.373E-17  0.100E+09  0.756E-15
PD120
         254
           0
          25
  0.387E+08  0.000E+00  0.540E+08  0.294E-26  0.560E+08  0.240E-23
  0.580E+08  0.224E-21  0.600E+08  0.750E-20  0.620E+08  0.149E-18
  0.640E+08  0.761E-18  0.660E+08  0.454E-17  0.680E+08  0.312E-16
  0.700E+08  0.157E-15  0.720E+08  0.582E-15  0.740E+08  0.165E-14
  0.760E+08  0.331E-14  0.780E+08  0.690E-14  0.800E+08  0.128E-13
  0.820E+08  0.133E-13  0.840E+08  0.179E-13  0.860E+08  0.226E-13
  0.880E+08  0.240E-13  0.900E+08  0.305E-13  0.920E+08  0.340E-13
  0.940E+08  0.405E-13  0.960E+08  0.483E-13  0.980E+08  0.601E-13
  0.100E+09  0.762E-13
PD119
         255
           0
          23
  0.432E+08  0.000E+00  0.580E+08  0.158E-27  0.600E+08  0.185E-23
  0.620E+08  0.485E-21  0.640E+08  0.206E-19  0.660E+08  0.356E-18
  0.680E+08  0.747E-17  0.700E+08  0.937E-16  0.720E+08  0.721E-15
  0.740E+08  0.378E-14  0.760E+08  0.143E-13  0.780E+08  0.492E-13
  0.800E+08  0.888E-13  0.820E+08  0.183E-12  0.840E+08  0.338E-12
  0.860E+08  0.547E-12  0.880E+08  0.739E-12  0.900E+08  0.107E-11
  0.920E+08  0.123E-11  0.940E+08  0.147E-11  0.960E+08  0.164E-11
  0.980E+08  0.168E-11  0.100E+09  0.170E-11
PD118
         256
           0
          39
  0.215E+08  0.000E+00  0.380E+08  0.636E-22  0.390E+08  0.297E-20
  0.400E+08  0.515E-19  0.410E+08  0.531E-18  0.420E+08  0.381E-17
  0.430E+08  0.252E-16  0.440E+08  0.114E-15  0.450E+08  0.360E-15
  0.460E+08  0.138E-14  0.470E+08  0.517E-14  0.480E+08  0.191E-13
  0.490E+08  0.599E-13  0.500E+08  0.165E-12  0.520E+08  0.704E-12
  0.540E+08  0.296E-11  0.560E+08  0.831E-11  0.580E+08  0.180E-10
  0.600E+08  0.306E-10  0.620E+08  0.442E-10  0.640E+08  0.509E-10
  0.660E+08  0.666E-10  0.680E+08  0.772E-10  0.700E+08  0.953E-10
  0.720E+08  0.134E-09  0.740E+08  0.204E-09  0.760E+08  0.297E-09
  0.780E+08  0.542E-09  0.800E+08  0.854E-09  0.820E+08  0.877E-09
  0.840E+08  0.110E-08  0.860E+08  0.131E-08  0.880E+08  0.129E-08
  0.900E+08  0.155E-08  0.920E+08  0.170E-08  0.940E+08  0.186E-08
  0.960E+08  0.202E-08  0.980E+08  0.280E-08  0.100E+09  0.262E-08
PD117
         257
           0
          35
  0.268E+08  0.000E+00  0.420E+08  0.190E-24  0.430E+08  0.809E-22
  0.440E+08  0.444E-20  0.450E+08  0.956E-19  0.460E+08  0.188E-17
  0.470E+08  0.248E-16  0.480E+08  0.320E-15  0.490E+08  0.341E-14
  0.500E+08  0.110E-13  0.520E+08  0.162E-12  0.540E+08  0.177E-11
  0.560E+08  0.111E-10  0.580E+08  0.498E-10  0.600E+08  0.167E-09
  0.620E+08  0.427E-09  0.640E+08  0.771E-09  0.660E+08  0.145E-08
  0.680E+08  0.225E-08  0.700E+08  0.300E-08  0.720E+08  0.359E-08
  0.740E+08  0.393E-08  0.760E+08  0.391E-08  0.780E+08  0.443E-08
  0.800E+08  0.484E-08  0.820E+08  0.532E-08  0.840E+08  0.767E-08
  0.860E+08  0.114E-07  0.880E+08  0.172E-07  0.900E+08  0.242E-07
  0.920E+08  0.329E-07  0.940E+08  0.433E-07  0.960E+08  0.508E-07
  0.980E+08  0.559E-07  0.100E+09  0.543E-07
PD116
         258
           0
          55
  0.453E+07  0.000E+00  0.220E+08  0.927E-17  0.230E+08  0.271E-15
  0.240E+08  0.290E-14  0.250E+08  0.207E-13  0.260E+08  0.174E-12
  0.270E+08  0.765E-12  0.280E+08  0.221E-11  0.290E+08  0.746E-11
  0.300E+08  0.226E-10  0.310E+08  0.621E-10  0.320E+08  0.157E-09
  0.330E+08  0.369E-09  0.340E+08  0.805E-09  0.350E+08  0.162E-08
  0.360E+08  0.302E-08  0.370E+08  0.514E-08  0.380E+08  0.815E-08
  0.390E+08  0.118E-07  0.400E+08  0.135E-07  0.410E+08  0.169E-07
  0.420E+08  0.199E-07  0.430E+08  0.224E-07  0.440E+08  0.200E-07
  0.450E+08  0.209E-07  0.460E+08  0.214E-07  0.470E+08  0.254E-07
  0.480E+08  0.254E-07  0.490E+08  0.334E-07  0.500E+08  0.330E-07
  0.520E+08  0.317E-07  0.540E+08  0.329E-07  0.560E+08  0.322E-07
  0.580E+08  0.198E-07  0.600E+08  0.180E-07  0.620E+08  0.192E-07
  0.640E+08  0.214E-07  0.660E+08  0.273E-07  0.680E+08  0.349E-07
  0.700E+08  0.483E-07  0.720E+08  0.644E-07  0.740E+08  0.886E-07
  0.760E+08  0.114E-06  0.780E+08  0.151E-06  0.800E+08  0.171E-06
  0.820E+08  0.191E-06  0.840E+08  0.203E-06  0.860E+08  0.204E-06
  0.880E+08  0.198E-06  0.900E+08  0.219E-06  0.920E+08  0.226E-06
  0.940E+08  0.249E-06  0.960E+08  0.286E-06  0.980E+08  0.330E-06
  0.100E+09  0.387E-06
PD115
         259
           0
          48
  0.123E+08  0.000E+00  0.290E+08  0.147E-15  0.300E+08  0.193E-13
  0.310E+08  0.281E-12  0.320E+08  0.231E-11  0.330E+08  0.138E-10
  0.340E+08  0.638E-10  0.350E+08  0.253E-09  0.360E+08  0.850E-09
  0.370E+08  0.247E-08  0.380E+08  0.579E-08  0.390E+08  0.135E-07
  0.400E+08  0.249E-07  0.410E+08  0.474E-07  0.420E+08  0.830E-07
  0.430E+08  0.135E-06  0.440E+08  0.202E-06  0.450E+08  0.279E-06
  0.460E+08  0.379E-06  0.470E+08  0.463E-06  0.480E+08  0.543E-06
  0.490E+08  0.706E-06  0.500E+08  0.765E-06  0.520E+08  0.101E-05
  0.540E+08  0.101E-05  0.560E+08  0.957E-06  0.580E+08  0.759E-06
  0.600E+08  0.604E-06  0.620E+08  0.527E-06  0.640E+08  0.457E-06
  0.660E+08  0.389E-06  0.680E+08  0.333E-06  0.700E+08  0.319E-06
  0.720E+08  0.258E-06  0.740E+08  0.240E-06  0.760E+08  0.250E-06
  0.780E+08  0.299E-06  0.800E+08  0.365E-06  0.820E+08  0.524E-06
  0.840E+08  0.598E-06  0.860E+08  0.730E-06  0.880E+08  0.860E-06
  0.900E+08  0.918E-06  0.920E+08  0.101E-05  0.940E+08  0.110E-05
  0.960E+08  0.116E-05  0.980E+08  0.112E-05  0.100E+09  0.110E-05
PD114
         260
           0
          42
  0.173E+08  0.000E+00  0.350E+08  0.505E-14  0.360E+08  0.174E-12
  0.370E+08  0.214E-11  0.380E+08  0.124E-10  0.390E+08  0.769E-10
  0.400E+08  0.343E-09  0.410E+08  0.139E-08  0.420E+08  0.483E-08
  0.430E+08  0.145E-07  0.440E+08  0.433E-07  0.450E+08  0.987E-07
  0.460E+08  0.185E-06  0.470E+08  0.353E-06  0.480E+08  0.617E-06
  0.490E+08  0.102E-05  0.500E+08  0.158E-05  0.520E+08  0.309E-05
  0.540E+08  0.556E-05  0.560E+08  0.885E-05  0.580E+08  0.126E-04
  0.600E+08  0.142E-04  0.620E+08  0.158E-04  0.640E+08  0.164E-04
  0.660E+08  0.161E-04  0.680E+08  0.156E-04  0.700E+08  0.156E-04
  0.720E+08  0.159E-04  0.740E+08  0.142E-04  0.760E+08  0.126E-04
  0.780E+08  0.110E-04  0.800E+08  0.100E-04  0.820E+08  0.925E-05
  0.840E+08  0.688E-05  0.860E+08  0.644E-05  0.880E+08  0.648E-05
  0.900E+08  0.697E-05  0.920E+08  0.796E-05  0.940E+08  0.955E-05
  0.960E+08  0.110E-04  0.980E+08  0.121E-04  0.100E+09  0.134E-04
PD113
         261
           0
          34
  0.253E+08  0.000E+00  0.430E+08  0.634E-16  0.440E+08  0.184E-13
  0.450E+08  0.366E-12  0.460E+08  0.271E-11  0.470E+08  0.222E-10
  0.480E+08  0.138E-09  0.490E+08  0.198E-08  0.500E+08  0.767E-08
  0.520E+08  0.498E-07  0.540E+08  0.318E-06  0.560E+08  0.952E-06
  0.580E+08  0.382E-05  0.600E+08  0.817E-05  0.620E+08  0.150E-04
  0.640E+08  0.231E-04  0.660E+08  0.336E-04  0.680E+08  0.405E-04
  0.700E+08  0.470E-04  0.720E+08  0.522E-04  0.740E+08  0.535E-04
  0.760E+08  0.531E-04  0.780E+08  0.510E-04  0.800E+08  0.550E-04
  0.820E+08  0.522E-04  0.840E+08  0.408E-04  0.860E+08  0.356E-04
  0.880E+08  0.310E-04  0.900E+08  0.274E-04  0.920E+08  0.240E-04
  0.940E+08  0.229E-04  0.960E+08  0.221E-04  0.980E+08  0.218E-04
  0.100E+09  0.226E-04
PD112
         262
           0
          29
  0.308E+08  0.000E+00  0.480E+08  0.173E-18  0.490E+08  0.863E-14
  0.500E+08  0.230E-12  0.520E+08  0.130E-10  0.540E+08  0.436E-09
  0.560E+08  0.560E-08  0.580E+08  0.887E-07  0.600E+08  0.526E-06
  0.620E+08  0.222E-05  0.640E+08  0.701E-05  0.660E+08  0.139E-04
  0.680E+08  0.294E-04  0.700E+08  0.491E-04  0.720E+08  0.738E-04
  0.740E+08  0.114E-03  0.760E+08  0.162E-03  0.780E+08  0.214E-03
  0.800E+08  0.269E-03  0.820E+08  0.324E-03  0.840E+08  0.359E-03
  0.860E+08  0.388E-03  0.880E+08  0.413E-03  0.900E+08  0.447E-03
  0.920E+08  0.447E-03  0.940E+08  0.442E-03  0.960E+08  0.416E-03
  0.980E+08  0.389E-03  0.100E+09  0.355E-03
PD111
         263
           0
          23
  0.393E+08  0.000E+00  0.580E+08  0.707E-15  0.600E+08  0.180E-12
  0.620E+08  0.111E-10  0.640E+08  0.397E-09  0.660E+08  0.530E-08
  0.680E+08  0.523E-07  0.700E+08  0.258E-06  0.720E+08  0.958E-06
  0.740E+08  0.348E-05  0.760E+08  0.977E-05  0.780E+08  0.234E-04
  0.800E+08  0.341E-04  0.820E+08  0.614E-04  0.840E+08  0.108E-03
  0.860E+08  0.161E-03  0.880E+08  0.228E-03  0.900E+08  0.282E-03
  0.920E+08  0.335E-03  0.940E+08  0.383E-03  0.960E+08  0.412E-03
  0.980E+08  0.435E-03  0.100E+09  0.443E-03
PD110
         264
           0
          20
  0.451E+08  0.000E+00  0.640E+08  0.153E-16  0.660E+08  0.667E-14
  0.680E+08  0.101E-11  0.700E+08  0.384E-10  0.720E+08  0.725E-09
  0.740E+08  0.164E-07  0.760E+08  0.113E-06  0.780E+08  0.595E-06
  0.800E+08  0.189E-05  0.820E+08  0.548E-05  0.840E+08  0.163E-04
  0.860E+08  0.371E-04  0.880E+08  0.764E-04  0.900E+08  0.121E-03
  0.920E+08  0.199E-03  0.940E+08  0.289E-03  0.960E+08  0.399E-03
  0.980E+08  0.528E-03  0.100E+09  0.688E-03
PD109
         265
           0
          16
  0.539E+08  0.000E+00  0.720E+08  0.203E-20  0.740E+08  0.213E-16
  0.760E+08  0.485E-14  0.780E+08  0.295E-12  0.800E+08  0.672E-11
  0.820E+08  0.101E-09  0.840E+08  0.862E-09  0.860E+08  0.692E-08
  0.880E+08  0.510E-07  0.900E+08  0.204E-06  0.920E+08  0.900E-06
  0.940E+08  0.235E-05  0.960E+08  0.681E-05  0.980E+08  0.138E-04
  0.100E+09  0.299E-04
PD108
         266
           0
          13
  0.601E+08  0.000E+00  0.780E+08  0.261E-20  0.800E+08  0.286E-17
  0.820E+08  0.750E-15  0.840E+08  0.197E-13  0.860E+08  0.760E-12
  0.880E+08  0.188E-10  0.900E+08  0.193E-09  0.920E+08  0.256E-08
  0.940E+08  0.115E-07  0.960E+08  0.459E-07  0.980E+08  0.164E-06
  0.100E+09  0.578E-06
PD107
         267
           0
           8
  0.694E+08  0.000E+00  0.880E+08  0.460E-24  0.900E+08  0.360E-21
  0.920E+08  0.157E-17  0.940E+08  0.667E-16  0.960E+08  0.507E-14
  0.980E+08  0.111E-12  0.100E+09  0.127E-11
PD106
         268
           0
           4
  0.760E+08  0.000E+00  0.960E+08  0.122E-23  0.980E+08  0.292E-20
  0.100E+09  0.271E-18
RH119
         275
           0
          15
  0.531E+08  0.000E+00  0.740E+08  0.740E-31  0.760E+08  0.424E-28
  0.780E+08  0.569E-26  0.800E+08  0.113E-24  0.820E+08  0.602E-23
  0.840E+08  0.929E-22  0.860E+08  0.101E-20  0.880E+08  0.772E-20
  0.900E+08  0.429E-19  0.920E+08  0.210E-18  0.940E+08  0.104E-17
  0.960E+08  0.297E-17  0.980E+08  0.841E-17  0.100E+09  0.165E-16
RH118
         276
           0
          14
  0.573E+08  0.000E+00  0.760E+08  0.450E-33  0.780E+08  0.619E-29
  0.800E+08  0.728E-27  0.820E+08  0.719E-25  0.840E+08  0.428E-23
  0.860E+08  0.834E-22  0.880E+08  0.176E-20  0.900E+08  0.222E-19
  0.920E+08  0.186E-18  0.940E+08  0.163E-17  0.960E+08  0.740E-17
  0.980E+08  0.335E-16  0.100E+09  0.924E-16
RH117
         277
           0
          24
  0.352E+08  0.000E+00  0.560E+08  0.214E-25  0.580E+08  0.568E-23
  0.600E+08  0.390E-21  0.620E+08  0.125E-19  0.640E+08  0.119E-18
  0.660E+08  0.116E-17  0.680E+08  0.141E-16  0.700E+08  0.103E-15
  0.720E+08  0.594E-15  0.740E+08  0.244E-14  0.760E+08  0.759E-14
  0.780E+08  0.207E-13  0.800E+08  0.312E-13  0.820E+08  0.598E-13
  0.840E+08  0.939E-13  0.860E+08  0.138E-12  0.880E+08  0.173E-12
  0.900E+08  0.223E-12  0.920E+08  0.221E-12  0.940E+08  0.256E-12
  0.960E+08  0.299E-12  0.980E+08  0.357E-12  0.100E+09  0.421E-12
RH116
         278
           0
          22
  0.398E+08  0.000E+00  0.600E+08  0.666E-26  0.620E+08  0.511E-23
  0.640E+08  0.535E-21  0.660E+08  0.183E-19  0.680E+08  0.720E-18
  0.700E+08  0.985E-17  0.720E+08  0.196E-15  0.740E+08  0.172E-14
  0.760E+08  0.107E-13  0.780E+08  0.527E-13  0.800E+08  0.128E-12
  0.820E+08  0.433E-12  0.840E+08  0.993E-12  0.860E+08  0.203E-11
  0.880E+08  0.342E-11  0.900E+08  0.555E-11  0.920E+08  0.690E-11
  0.940E+08  0.919E-11  0.960E+08  0.143E-10  0.980E+08  0.169E-10
  0.100E+09  0.185E-10
RH115
         279
           0
          39
  0.184E+08  0.000E+00  0.380E+08  0.228E-24  0.390E+08  0.365E-22
  0.400E+08  0.122E-20  0.410E+08  0.189E-19  0.420E+08  0.187E-18
  0.430E+08  0.148E-17  0.440E+08  0.118E-16  0.450E+08  0.583E-16
  0.460E+08  0.251E-15  0.470E+08  0.106E-14  0.480E+08  0.378E-14
  0.490E+08  0.864E-14  0.500E+08  0.258E-13  0.520E+08  0.172E-12
  0.540E+08  0.915E-12  0.560E+08  0.332E-11  0.580E+08  0.106E-10
  0.600E+08  0.211E-10  0.620E+08  0.357E-10  0.640E+08  0.734E-10
  0.660E+08  0.102E-09  0.680E+08  0.121E-09  0.700E+08  0.118E-09
  0.720E+08  0.123E-09  0.740E+08  0.122E-09  0.760E+08  0.134E-09
  0.780E+08  0.145E-09  0.800E+08  0.151E-09  0.820E+08  0.153E-09
  0.840E+08  0.183E-09  0.860E+08  0.233E-09  0.880E+08  0.260E-09
  0.900E+08  0.392E-09  0.920E+08  0.552E-09  0.940E+08  0.741E-09
  0.960E+08  0.973E-09  0.980E+08  0.123E-08  0.100E+09  0.161E-08
RH114
         280
           0
          34
  0.221E+08  0.000E+00  0.430E+08  0.710E-24  0.440E+08  0.390E-21
  0.450E+08  0.145E-19  0.460E+08  0.283E-18  0.470E+08  0.346E-17
  0.480E+08  0.321E-16  0.490E+08  0.396E-15  0.500E+08  0.217E-14
  0.520E+08  0.390E-13  0.540E+08  0.520E-12  0.560E+08  0.414E-11
  0.580E+08  0.270E-10  0.600E+08  0.118E-09  0.620E+08  0.369E-09
  0.640E+08  0.840E-09  0.660E+08  0.178E-08  0.680E+08  0.319E-08
  0.700E+08  0.453E-08  0.720E+08  0.613E-08  0.740E+08  0.731E-08
  0.760E+08  0.760E-08  0.780E+08  0.838E-08  0.800E+08  0.124E-07
  0.820E+08  0.126E-07  0.840E+08  0.122E-07  0.860E+08  0.114E-07
  0.880E+08  0.132E-07  0.900E+08  0.129E-07  0.920E+08  0.123E-07
  0.940E+08  0.118E-07  0.960E+08  0.116E-07  0.980E+08  0.113E-07
  0.100E+09  0.106E-07
RH113
         281
           0
          29
  0.274E+08  0.000E+00  0.480E+08  0.332E-21  0.490E+08  0.247E-19
  0.500E+08  0.963E-18  0.520E+08  0.177E-15  0.540E+08  0.965E-14
  0.560E+08  0.335E-12  0.580E+08  0.547E-11  0.600E+08  0.526E-10
  0.620E+08  0.308E-09  0.640E+08  0.128E-08  0.660E+08  0.444E-08
  0.680E+08  0.135E-07  0.700E+08  0.317E-07  0.720E+08  0.699E-07
  0.740E+08  0.127E-06  0.760E+08  0.198E-06  0.780E+08  0.306E-06
  0.800E+08  0.402E-06  0.820E+08  0.538E-06  0.840E+08  0.648E-06
  0.860E+08  0.721E-06  0.880E+08  0.800E-06  0.900E+08  0.873E-06
  0.920E+08  0.896E-06  0.940E+08  0.916E-06  0.960E+08  0.913E-06
  0.980E+08  0.867E-06  0.100E+09  0.803E-06
RH112
         282
           0
          24
  0.344E+08  0.000E+00  0.560E+08  0.597E-19  0.580E+08  0.541E-16
  0.600E+08  0.597E-14  0.620E+08  0.983E-13  0.640E+08  0.217E-11
  0.660E+08  0.248E-10  0.680E+08  0.198E-09  0.700E+08  0.109E-08
  0.720E+08  0.517E-08  0.740E+08  0.248E-07  0.760E+08  0.684E-07
  0.780E+08  0.163E-06  0.800E+08  0.331E-06  0.820E+08  0.657E-06
  0.840E+08  0.117E-05  0.860E+08  0.192E-05  0.880E+08  0.280E-05
  0.900E+08  0.382E-05  0.920E+08  0.495E-05  0.940E+08  0.607E-05
  0.960E+08  0.677E-05  0.980E+08  0.702E-05  0.100E+09  0.734E-05
RH111
         283
           0
          21
  0.400E+08  0.000E+00  0.620E+08  0.296E-18  0.640E+08  0.353E-16
  0.660E+08  0.243E-14  0.680E+08  0.846E-13  0.700E+08  0.196E-11
  0.720E+08  0.297E-10  0.740E+08  0.458E-09  0.760E+08  0.305E-08
  0.780E+08  0.143E-07  0.800E+08  0.530E-07  0.820E+08  0.186E-06
  0.840E+08  0.555E-06  0.860E+08  0.117E-05  0.880E+08  0.267E-05
  0.900E+08  0.478E-05  0.920E+08  0.826E-05  0.940E+08  0.130E-04
  0.960E+08  0.181E-04  0.980E+08  0.239E-04  0.100E+09  0.312E-04
RH110
         284
           0
          18
  0.475E+08  0.000E+00  0.680E+08  0.483E-22  0.700E+08  0.392E-19
  0.720E+08  0.202E-16  0.740E+08  0.308E-14  0.760E+08  0.142E-12
  0.780E+08  0.263E-11  0.800E+08  0.336E-10  0.820E+08  0.406E-09
  0.840E+08  0.348E-08  0.860E+08  0.210E-07  0.880E+08  0.750E-07
  0.900E+08  0.251E-06  0.920E+08  0.719E-06  0.940E+08  0.171E-05
  0.960E+08  0.353E-05  0.980E+08  0.689E-05  0.100E+09  0.127E-04
RH109
         285
           0
          15
  0.535E+08  0.000E+00  0.740E+08  0.177E-25  0.760E+08  0.891E-20
  0.780E+08  0.270E-17  0.800E+08  0.212E-15  0.820E+08  0.156E-13
  0.840E+08  0.581E-12  0.860E+08  0.162E-10  0.880E+08  0.147E-09
  0.900E+08  0.128E-08  0.920E+08  0.810E-08  0.940E+08  0.227E-07
  0.960E+08  0.897E-07  0.980E+08  0.304E-06  0.100E+09  0.911E-06
RH108
         286
           0
          10
  0.616E+08  0.000E+00  0.840E+08  0.199E-22  0.860E+08  0.846E-19
  0.880E+08  0.172E-16  0.900E+08  0.139E-14  0.920E+08  0.587E-13
  0.940E+08  0.277E-12  0.960E+08  0.515E-11  0.980E+08  0.609E-10
  0.100E+09  0.545E-09
RH107
         287
           0
           7
  0.679E+08  0.000E+00  0.900E+08  0.102E-23  0.920E+08  0.458E-20
  0.940E+08  0.177E-18  0.960E+08  0.305E-17  0.980E+08  0.237E-15
  0.100E+09  0.114E-13
RH106
         288
           0
           2
  0.766E+08  0.000E+00  0.100E+09  0.344E-25
RU118
         467
           0
           7
  0.661E+08  0.000E+00  0.900E+08  0.182E-40  0.920E+08  0.250E-36
  0.940E+08  0.443E-33  0.960E+08  0.350E-31  0.980E+08  0.411E-29
  0.100E+09  0.116E-27
RU117
         468
           0
           5
  0.700E+08  0.000E+00  0.940E+08  0.608E-37  0.960E+08  0.122E-33
  0.980E+08  0.664E-31  0.100E+09  0.465E-29
RU116
         469
           0
          16
  0.475E+08  0.000E+00  0.720E+08  0.126E-33  0.740E+08  0.263E-30
  0.760E+08  0.554E-28  0.780E+08  0.355E-26  0.800E+08  0.553E-25
  0.820E+08  0.265E-23  0.840E+08  0.479E-22  0.860E+08  0.583E-21
  0.880E+08  0.492E-20  0.900E+08  0.285E-19  0.920E+08  0.135E-18
  0.940E+08  0.653E-18  0.960E+08  0.216E-17  0.980E+08  0.605E-17
  0.100E+09  0.132E-16
RU115
         470
           0
          14
  0.515E+08  0.000E+00  0.760E+08  0.277E-32  0.780E+08  0.473E-29
  0.800E+08  0.402E-27  0.820E+08  0.508E-25  0.840E+08  0.253E-23
  0.860E+08  0.834E-22  0.880E+08  0.166E-20  0.900E+08  0.228E-19
  0.920E+08  0.196E-18  0.940E+08  0.177E-17  0.960E+08  0.863E-17
  0.980E+08  0.393E-16  0.100E+09  0.148E-15
RU114
         471
           0
          25
  0.292E+08  0.000E+00  0.540E+08  0.417E-28  0.560E+08  0.448E-25
  0.580E+08  0.659E-23  0.600E+08  0.418E-21  0.620E+08  0.132E-19
  0.640E+08  0.129E-18  0.660E+08  0.221E-17  0.680E+08  0.311E-16
  0.700E+08  0.227E-15  0.720E+08  0.149E-14  0.740E+08  0.659E-14
  0.760E+08  0.187E-13  0.780E+08  0.551E-13  0.800E+08  0.109E-12
  0.820E+08  0.225E-12  0.840E+08  0.383E-12  0.860E+08  0.612E-12
  0.880E+08  0.772E-12  0.900E+08  0.120E-11  0.920E+08  0.165E-11
  0.940E+08  0.216E-11  0.960E+08  0.273E-11  0.980E+08  0.344E-11
  0.100E+09  0.532E-11
RU113
         472
           0
          23
  0.339E+08  0.000E+00  0.580E+08  0.136E-27  0.600E+08  0.125E-24
  0.620E+08  0.332E-22  0.640E+08  0.232E-20  0.660E+08  0.104E-18
  0.680E+08  0.631E-17  0.700E+08  0.102E-15  0.720E+08  0.138E-14
  0.740E+08  0.124E-13  0.760E+08  0.737E-13  0.780E+08  0.410E-12
  0.800E+08  0.140E-11  0.820E+08  0.517E-11  0.840E+08  0.141E-10
  0.860E+08  0.326E-10  0.880E+08  0.643E-10  0.900E+08  0.112E-09
  0.920E+08  0.170E-09  0.940E+08  0.163E-09  0.960E+08  0.199E-09
  0.980E+08  0.233E-09  0.100E+09  0.345E-09
RU112
         473
           0
          40
  0.109E+08  0.000E+00  0.370E+08  0.799E-23  0.380E+08  0.176E-21
  0.390E+08  0.325E-20  0.400E+08  0.338E-19  0.410E+08  0.286E-18
  0.420E+08  0.195E-17  0.430E+08  0.833E-17  0.440E+08  0.566E-16
  0.450E+08  0.252E-15  0.460E+08  0.101E-14  0.470E+08  0.414E-14
  0.480E+08  0.139E-13  0.490E+08  0.345E-13  0.500E+08  0.999E-13
  0.520E+08  0.674E-12  0.540E+08  0.374E-11  0.560E+08  0.140E-10
  0.580E+08  0.618E-10  0.600E+08  0.124E-09  0.620E+08  0.180E-09
  0.640E+08  0.258E-09  0.660E+08  0.354E-09  0.680E+08  0.405E-09
  0.700E+08  0.454E-09  0.720E+08  0.469E-09  0.740E+08  0.414E-09
  0.760E+08  0.418E-09  0.780E+08  0.452E-09  0.800E+08  0.247E-09
  0.820E+08  0.269E-09  0.840E+08  0.302E-09  0.860E+08  0.349E-09
  0.880E+08  0.581E-09  0.900E+08  0.109E-08  0.920E+08  0.199E-08
  0.940E+08  0.331E-08  0.960E+08  0.500E-08  0.980E+08  0.714E-08
  0.100E+09  0.103E-07
RU111
         474
           0
          33
  0.181E+08  0.000E+00  0.440E+08  0.590E-20  0.450E+08  0.217E-18
  0.460E+08  0.338E-17  0.470E+08  0.378E-16  0.480E+08  0.289E-15
  0.490E+08  0.125E-14  0.500E+08  0.662E-14  0.520E+08  0.121E-12
  0.540E+08  0.154E-11  0.560E+08  0.121E-10  0.580E+08  0.859E-10
  0.600E+08  0.323E-09  0.620E+08  0.867E-09  0.640E+08  0.204E-08
  0.660E+08  0.417E-08  0.680E+08  0.659E-08  0.700E+08  0.895E-08
  0.720E+08  0.107E-07  0.740E+08  0.143E-07  0.760E+08  0.157E-07
  0.780E+08  0.172E-07  0.800E+08  0.135E-07  0.820E+08  0.181E-07
  0.840E+08  0.155E-07  0.860E+08  0.128E-07  0.880E+08  0.115E-07
  0.900E+08  0.108E-07  0.920E+08  0.986E-08  0.940E+08  0.101E-07
  0.960E+08  0.109E-07  0.980E+08  0.133E-07  0.100E+09  0.179E-07
RU110
         475
           0
          28
  0.230E+08  0.000E+00  0.490E+08  0.299E-20  0.500E+08  0.145E-18
  0.520E+08  0.759E-16  0.540E+08  0.444E-14  0.560E+08  0.118E-12
  0.580E+08  0.367E-11  0.600E+08  0.336E-10  0.620E+08  0.205E-09
  0.640E+08  0.989E-09  0.660E+08  0.381E-08  0.680E+08  0.110E-07
  0.700E+08  0.231E-07  0.720E+08  0.479E-07  0.740E+08  0.835E-07
  0.760E+08  0.145E-06  0.780E+08  0.234E-06  0.800E+08  0.316E-06
  0.820E+08  0.447E-06  0.840E+08  0.511E-06  0.860E+08  0.549E-06
  0.880E+08  0.589E-06  0.900E+08  0.622E-06  0.920E+08  0.617E-06
  0.940E+08  0.611E-06  0.960E+08  0.571E-06  0.980E+08  0.639E-06
  0.100E+09  0.567E-06
RU109
         476
           0
          24
  0.307E+08  0.000E+00  0.560E+08  0.283E-27  0.580E+08  0.523E-18
  0.600E+08  0.862E-16  0.620E+08  0.192E-14  0.640E+08  0.723E-13
  0.660E+08  0.357E-11  0.680E+08  0.424E-10  0.700E+08  0.238E-09
  0.720E+08  0.141E-08  0.740E+08  0.654E-08  0.760E+08  0.243E-07
  0.780E+08  0.735E-07  0.800E+08  0.190E-06  0.820E+08  0.353E-06
  0.840E+08  0.664E-06  0.860E+08  0.112E-05  0.880E+08  0.172E-05
  0.900E+08  0.233E-05  0.920E+08  0.298E-05  0.940E+08  0.339E-05
  0.960E+08  0.364E-05  0.980E+08  0.395E-05  0.100E+09  0.499E-05
RU108
         477
           0
          21
  0.359E+08  0.000E+00  0.620E+08  0.364E-21  0.640E+08  0.538E-18
  0.660E+08  0.276E-15  0.680E+08  0.142E-13  0.700E+08  0.237E-12
  0.720E+08  0.375E-11  0.740E+08  0.529E-10  0.760E+08  0.511E-09
  0.780E+08  0.357E-08  0.800E+08  0.194E-07  0.820E+08  0.617E-07
  0.840E+08  0.242E-06  0.860E+08  0.557E-06  0.880E+08  0.150E-05
  0.900E+08  0.314E-05  0.920E+08  0.613E-05  0.940E+08  0.956E-05
  0.960E+08  0.141E-04  0.980E+08  0.206E-04  0.100E+09  0.289E-04
RU107
         478
           0
          17
  0.440E+08  0.000E+00  0.700E+08  0.222E-23  0.720E+08  0.147E-19
  0.740E+08  0.491E-17  0.760E+08  0.474E-15  0.780E+08  0.220E-13
  0.800E+08  0.411E-12  0.820E+08  0.558E-11  0.840E+08  0.106E-09
  0.860E+08  0.611E-09  0.880E+08  0.585E-08  0.900E+08  0.323E-07
  0.920E+08  0.144E-06  0.940E+08  0.487E-06  0.960E+08  0.125E-05
  0.980E+08  0.303E-05  0.100E+09  0.726E-05
RU106
         479
           0
          14
  0.495E+08  0.000E+00  0.760E+08  0.518E-24  0.780E+08  0.344E-20
  0.800E+08  0.433E-18  0.820E+08  0.363E-16  0.840E+08  0.315E-14
  0.860E+08  0.145E-12  0.880E+08  0.439E-11  0.900E+08  0.624E-10
  0.920E+08  0.641E-09  0.940E+08  0.616E-08  0.960E+08  0.288E-07
  0.980E+08  0.123E-06  0.100E+09  0.350E-06
RU105
         480
           0
          10
  0.581E+08  0.000E+00  0.840E+08  0.424E-31  0.860E+08  0.181E-24
  0.880E+08  0.510E-21  0.900E+08  0.114E-18  0.920E+08  0.550E-16
  0.940E+08  0.351E-14  0.960E+08  0.812E-13  0.980E+08  0.142E-11
  0.100E+09  0.242E-10
RU104
         481
           0
           6
  0.640E+08  0.000E+00  0.920E+08  0.108E-24  0.940E+08  0.609E-22
  0.960E+08  0.987E-19  0.980E+08  0.618E-17  0.100E+09  0.350E-15
RU103
         482
           0
           2
  0.730E+08  0.000E+00  0.100E+09  0.520E-30
TC115
         575
           0
           6
  0.624E+08  0.000E+00  0.920E+08  0.206E-37  0.940E+08  0.585E-34
  0.960E+08  0.107E-31  0.980E+08  0.128E-29  0.100E+09  0.498E-28
TC114
         576
           0
           5
  0.659E+08  0.000E+00  0.940E+08  0.199E-37  0.960E+08  0.905E-34
  0.980E+08  0.644E-31  0.100E+09  0.720E-29
TC113
         577
           0
          16
  0.431E+08  0.000E+00  0.720E+08  0.117E-32  0.740E+08  0.193E-29
  0.760E+08  0.450E-27  0.780E+08  0.393E-25  0.800E+08  0.962E-24
  0.820E+08  0.348E-22  0.840E+08  0.530E-21  0.860E+08  0.704E-20
  0.880E+08  0.833E-19  0.900E+08  0.633E-18  0.920E+08  0.327E-17
  0.940E+08  0.154E-16  0.960E+08  0.434E-16  0.980E+08  0.130E-15
  0.100E+09  0.304E-15
TC112
         578
           0
          14
  0.470E+08  0.000E+00  0.760E+08  0.826E-32  0.780E+08  0.167E-28
  0.800E+08  0.203E-26  0.820E+08  0.280E-24  0.840E+08  0.155E-22
  0.860E+08  0.484E-21  0.880E+08  0.171E-19  0.900E+08  0.284E-18
  0.920E+08  0.276E-17  0.940E+08  0.271E-16  0.960E+08  0.127E-15
  0.980E+08  0.595E-15  0.100E+09  0.212E-14
TC111
         579
           0
          25
  0.250E+08  0.000E+00  0.540E+08  0.149E-28  0.560E+08  0.114E-25
  0.580E+08  0.417E-23  0.600E+08  0.201E-21  0.620E+08  0.454E-20
  0.640E+08  0.928E-19  0.660E+08  0.142E-17  0.680E+08  0.163E-16
  0.700E+08  0.941E-16  0.720E+08  0.741E-15  0.740E+08  0.366E-14
  0.760E+08  0.187E-13  0.780E+08  0.763E-13  0.800E+08  0.167E-12
  0.820E+08  0.394E-12  0.840E+08  0.803E-12  0.860E+08  0.119E-11
  0.880E+08  0.212E-11  0.900E+08  0.320E-11  0.920E+08  0.438E-11
  0.940E+08  0.557E-11  0.960E+08  0.729E-11  0.980E+08  0.809E-11
  0.100E+09  0.118E-10
TC110
         580
           0
          23
  0.283E+08  0.000E+00  0.580E+08  0.283E-28  0.600E+08  0.203E-25
  0.620E+08  0.332E-23  0.640E+08  0.286E-21  0.660E+08  0.152E-19
  0.680E+08  0.591E-18  0.700E+08  0.820E-17  0.720E+08  0.161E-15
  0.740E+08  0.195E-14  0.760E+08  0.213E-13  0.780E+08  0.173E-12
  0.800E+08  0.951E-12  0.820E+08  0.411E-11  0.840E+08  0.144E-10
  0.860E+08  0.367E-10  0.880E+08  0.109E-09  0.900E+08  0.223E-09
  0.920E+08  0.384E-09  0.940E+08  0.569E-09  0.960E+08  0.756E-09
  0.980E+08  0.861E-09  0.100E+09  0.115E-08
TC109
         581
           0
          21
  0.332E+08  0.000E+00  0.620E+08  0.235E-28  0.640E+08  0.473E-25
  0.660E+08  0.882E-23  0.680E+08  0.846E-21  0.700E+08  0.136E-19
  0.720E+08  0.678E-18  0.740E+08  0.226E-16  0.760E+08  0.595E-15
  0.780E+08  0.108E-13  0.800E+08  0.153E-12  0.820E+08  0.127E-11
  0.840E+08  0.804E-11  0.860E+08  0.357E-10  0.880E+08  0.197E-09
  0.900E+08  0.630E-09  0.920E+08  0.166E-08  0.940E+08  0.367E-08
  0.960E+08  0.684E-08  0.980E+08  0.113E-07  0.100E+09  0.213E-07
TC108
         582
           0
          18
  0.406E+08  0.000E+00  0.680E+08  0.135E-29  0.700E+08  0.163E-27
  0.720E+08  0.339E-24  0.740E+08  0.565E-22  0.760E+08  0.540E-20
  0.780E+08  0.268E-18  0.800E+08  0.134E-16  0.820E+08  0.385E-15
  0.840E+08  0.766E-14  0.860E+08  0.106E-12  0.880E+08  0.181E-11
  0.900E+08  0.141E-10  0.920E+08  0.810E-10  0.940E+08  0.360E-09
  0.960E+08  0.111E-08  0.980E+08  0.315E-08  0.100E+09  0.987E-08
TC107
         583
           0
          15
  0.458E+08  0.000E+00  0.740E+08  0.464E-35  0.760E+08  0.321E-26
  0.780E+08  0.244E-23  0.800E+08  0.528E-21  0.820E+08  0.546E-19
  0.840E+08  0.288E-17  0.860E+08  0.992E-16  0.880E+08  0.252E-14
  0.900E+08  0.431E-13  0.920E+08  0.534E-12  0.940E+08  0.316E-11
  0.960E+08  0.169E-10  0.980E+08  0.952E-10  0.100E+09  0.555E-09
TC106
         584
           0
          11
  0.532E+08  0.000E+00  0.820E+08  0.348E-35  0.840E+08  0.110E-26
  0.860E+08  0.151E-23  0.880E+08  0.416E-21  0.900E+08  0.337E-19
  0.920E+08  0.198E-17  0.940E+08  0.372E-16  0.960E+08  0.615E-15
  0.980E+08  0.114E-13  0.100E+09  0.205E-12
TC105
         585
           0
           8
  0.589E+08  0.000E+00  0.880E+08  0.202E-30  0.900E+08  0.206E-26
  0.920E+08  0.183E-23  0.940E+08  0.312E-22  0.960E+08  0.305E-20
  0.980E+08  0.229E-18  0.100E+09  0.174E-16
TC104
         586
           0
           4
  0.666E+08  0.000E+00  0.960E+08  0.346E-37  0.980E+08  0.795E-31
  0.100E+09  0.126E-26
MO112
         875
           0
           8
  0.557E+08  0.000E+00  0.880E+08  0.300E-40  0.900E+08  0.685E-37
  0.920E+08  0.277E-34  0.940E+08  0.725E-32  0.960E+08  0.488E-30
  0.980E+08  0.298E-28  0.100E+09  0.693E-27
MO111
         876
           0
           7
  0.591E+08  0.000E+00  0.900E+08  0.322E-43  0.920E+08  0.172E-38
  0.940E+08  0.793E-35  0.960E+08  0.208E-32  0.980E+08  0.587E-30
  0.100E+09  0.464E-28
MO110
         877
           0
          17
  0.363E+08  0.000E+00  0.700E+08  0.153E-34  0.720E+08  0.289E-31
  0.740E+08  0.792E-29  0.760E+08  0.935E-27  0.780E+08  0.559E-25
  0.800E+08  0.211E-23  0.820E+08  0.421E-22  0.840E+08  0.786E-21
  0.860E+08  0.979E-20  0.880E+08  0.172E-18  0.900E+08  0.131E-17
  0.920E+08  0.873E-17  0.940E+08  0.331E-16  0.960E+08  0.116E-15
  0.980E+08  0.337E-15  0.100E+09  0.106E-14
MO109
         878
           0
          15
  0.406E+08  0.000E+00  0.740E+08  0.653E-34  0.760E+08  0.227E-30
  0.780E+08  0.476E-28  0.800E+08  0.135E-25  0.820E+08  0.102E-23
  0.840E+08  0.506E-22  0.860E+08  0.143E-20  0.880E+08  0.591E-19
  0.900E+08  0.812E-18  0.920E+08  0.654E-17  0.940E+08  0.443E-16
  0.960E+08  0.226E-15  0.980E+08  0.102E-14  0.100E+09  0.506E-14
MO108
         879
           0
          26
  0.173E+08  0.000E+00  0.520E+08  0.162E-30  0.540E+08  0.187E-27
  0.560E+08  0.296E-25  0.580E+08  0.600E-23  0.600E+08  0.148E-21
  0.620E+08  0.308E-20  0.640E+08  0.499E-19  0.660E+08  0.642E-18
  0.680E+08  0.594E-17  0.700E+08  0.288E-16  0.720E+08  0.173E-15
  0.740E+08  0.834E-15  0.760E+08  0.335E-14  0.780E+08  0.112E-13
  0.800E+08  0.347E-13  0.820E+08  0.721E-13  0.840E+08  0.107E-12
  0.860E+08  0.152E-12  0.880E+08  0.201E-12  0.900E+08  0.258E-12
  0.920E+08  0.292E-12  0.940E+08  0.334E-12  0.960E+08  0.307E-12
  0.980E+08  0.311E-12  0.100E+09  0.299E-12
MO107
         880
           0
          23
  0.242E+08  0.000E+00  0.580E+08  0.106E-27  0.600E+08  0.863E-25
  0.620E+08  0.121E-22  0.640E+08  0.748E-21  0.660E+08  0.272E-19
  0.680E+08  0.584E-18  0.700E+08  0.495E-17  0.720E+08  0.395E-16
  0.740E+08  0.358E-15  0.760E+08  0.250E-14  0.780E+08  0.138E-13
  0.800E+08  0.802E-13  0.820E+08  0.254E-12  0.840E+08  0.588E-12
  0.860E+08  0.120E-11  0.880E+08  0.219E-11  0.900E+08  0.364E-11
  0.920E+08  0.517E-11  0.940E+08  0.680E-11  0.960E+08  0.732E-11
  0.980E+08  0.845E-11  0.100E+09  0.909E-11
MO106
         881
           0
          21
  0.294E+08  0.000E+00  0.620E+08  0.708E-29  0.640E+08  0.278E-25
  0.660E+08  0.679E-23  0.680E+08  0.542E-21  0.700E+08  0.109E-19
  0.720E+08  0.175E-18  0.740E+08  0.392E-17  0.760E+08  0.596E-16
  0.780E+08  0.666E-15  0.800E+08  0.544E-14  0.820E+08  0.304E-13
  0.840E+08  0.144E-12  0.860E+08  0.541E-12  0.880E+08  0.177E-11
  0.900E+08  0.487E-11  0.920E+08  0.115E-10  0.940E+08  0.231E-10
  0.960E+08  0.381E-10  0.980E+08  0.705E-10  0.100E+09  0.129E-09
MO105
         882
           0
          17
  0.368E+08  0.000E+00  0.700E+08  0.163E-29  0.720E+08  0.843E-27
  0.740E+08  0.593E-24  0.760E+08  0.932E-22  0.780E+08  0.640E-20
  0.800E+08  0.145E-18  0.820E+08  0.247E-17  0.840E+08  0.693E-16
  0.860E+08  0.100E-14  0.880E+08  0.123E-13  0.900E+08  0.918E-13
  0.920E+08  0.553E-12  0.940E+08  0.219E-11  0.960E+08  0.699E-11
  0.980E+08  0.250E-10  0.100E+09  0.852E-10
MO104
         883
           0
          14
  0.416E+08  0.000E+00  0.760E+08  0.315E-28  0.780E+08  0.586E-25
  0.800E+08  0.643E-23  0.820E+08  0.429E-21  0.840E+08  0.379E-19
  0.860E+08  0.143E-17  0.880E+08  0.464E-16  0.900E+08  0.406E-15
  0.920E+08  0.537E-14  0.940E+08  0.395E-13  0.960E+08  0.235E-12
  0.980E+08  0.102E-11  0.100E+09  0.685E-11
MO103
         884
           0
          10
  0.496E+08  0.000E+00  0.840E+08  0.265E-32  0.860E+08  0.114E-27
  0.880E+08  0.143E-24  0.900E+08  0.102E-22  0.920E+08  0.392E-20
  0.940E+08  0.117E-18  0.960E+08  0.261E-17  0.980E+08  0.596E-16
  0.100E+09  0.147E-14
MO102
         885
           0
           7
  0.548E+08  0.000E+00  0.900E+08  0.548E-34  0.920E+08  0.534E-28
  0.940E+08  0.262E-25  0.960E+08  0.424E-23  0.980E+08  0.362E-21
  0.100E+09  0.905E-19
MO101
         886
           0
           3
  0.629E+08  0.000E+00  0.980E+08  0.380E-33  0.100E+09  0.669E-29
