         120
TE129
          16
           0
          74
  0.848E+07  0.000E+00  0.900E+07  0.140E-01  0.950E+07  0.188E+00
  0.100E+08  0.517E+00  0.105E+08  0.873E+00  0.110E+08  0.118E+01
  0.115E+08  0.141E+01  0.120E+08  0.158E+01  0.125E+08  0.170E+01
  0.130E+08  0.179E+01  0.135E+08  0.188E+01  0.140E+08  0.191E+01
  0.145E+08  0.194E+01  0.150E+08  0.196E+01  0.160E+08  0.191E+01
  0.170E+08  0.164E+01  0.180E+08  0.125E+01  0.190E+08  0.900E+00
  0.200E+08  0.643E+00  0.210E+08  0.474E+00  0.220E+08  0.368E+00
  0.230E+08  0.302E+00  0.240E+08  0.260E+00  0.250E+08  0.218E+00
  0.260E+08  0.198E+00  0.270E+08  0.184E+00  0.280E+08  0.178E+00
  0.290E+08  0.172E+00  0.300E+08  0.164E+00  0.310E+08  0.158E+00
  0.320E+08  0.152E+00  0.330E+08  0.147E+00  0.340E+08  0.143E+00
  0.350E+08  0.139E+00  0.360E+08  0.135E+00  0.370E+08  0.131E+00
  0.380E+08  0.128E+00  0.390E+08  0.125E+00  0.400E+08  0.123E+00
  0.410E+08  0.121E+00  0.420E+08  0.118E+00  0.430E+08  0.116E+00
  0.440E+08  0.113E+00  0.450E+08  0.111E+00  0.460E+08  0.109E+00
  0.470E+08  0.107E+00  0.480E+08  0.105E+00  0.490E+08  0.104E+00
  0.500E+08  0.102E+00  0.520E+08  0.993E-01  0.540E+08  0.957E-01
  0.560E+08  0.924E-01  0.580E+08  0.899E-01  0.600E+08  0.860E-01
  0.620E+08  0.831E-01  0.640E+08  0.803E-01  0.660E+08  0.785E-01
  0.680E+08  0.766E-01  0.700E+08  0.742E-01  0.720E+08  0.712E-01
  0.740E+08  0.693E-01  0.760E+08  0.673E-01  0.780E+08  0.654E-01
  0.800E+08  0.635E-01  0.820E+08  0.617E-01  0.840E+08  0.599E-01
  0.860E+08  0.571E-01  0.880E+08  0.542E-01  0.900E+08  0.527E-01
  0.920E+08  0.513E-01  0.940E+08  0.499E-01  0.960E+08  0.486E-01
  0.980E+08  0.469E-01  0.100E+09  0.462E-01
TE128
          17
           0
          62
  0.146E+08  0.000E+00  0.150E+08  0.759E-03  0.160E+08  0.493E-01
  0.170E+08  0.326E+00  0.180E+08  0.717E+00  0.190E+08  0.106E+01
  0.200E+08  0.130E+01  0.210E+08  0.145E+01  0.220E+08  0.153E+01
  0.230E+08  0.158E+01  0.240E+08  0.161E+01  0.250E+08  0.163E+01
  0.260E+08  0.161E+01  0.270E+08  0.156E+01  0.280E+08  0.144E+01
  0.290E+08  0.130E+01  0.300E+08  0.119E+01  0.310E+08  0.104E+01
  0.320E+08  0.898E+00  0.330E+08  0.777E+00  0.340E+08  0.676E+00
  0.350E+08  0.594E+00  0.360E+08  0.527E+00  0.370E+08  0.472E+00
  0.380E+08  0.436E+00  0.390E+08  0.398E+00  0.400E+08  0.350E+00
  0.410E+08  0.325E+00  0.420E+08  0.305E+00  0.430E+08  0.288E+00
  0.440E+08  0.279E+00  0.450E+08  0.266E+00  0.460E+08  0.255E+00
  0.470E+08  0.244E+00  0.480E+08  0.235E+00  0.490E+08  0.231E+00
  0.500E+08  0.227E+00  0.520E+08  0.218E+00  0.540E+08  0.205E+00
  0.560E+08  0.195E+00  0.580E+08  0.186E+00  0.600E+08  0.177E+00
  0.620E+08  0.170E+00  0.640E+08  0.166E+00  0.660E+08  0.157E+00
  0.680E+08  0.149E+00  0.700E+08  0.140E+00  0.720E+08  0.132E+00
  0.740E+08  0.122E+00  0.760E+08  0.119E+00  0.780E+08  0.116E+00
  0.800E+08  0.112E+00  0.820E+08  0.109E+00  0.840E+08  0.106E+00
  0.860E+08  0.103E+00  0.880E+08  0.101E+00  0.900E+08  0.993E-01
  0.920E+08  0.969E-01  0.940E+08  0.945E-01  0.960E+08  0.922E-01
  0.980E+08  0.900E-01  0.100E+09  0.922E-01
TE127
          37
           0
          52
  0.235E+08  0.000E+00  0.250E+08  0.147E-02  0.260E+08  0.180E-01
  0.270E+08  0.710E-01  0.280E+08  0.170E+00  0.290E+08  0.301E+00
  0.300E+08  0.399E+00  0.310E+08  0.535E+00  0.320E+08  0.657E+00
  0.330E+08  0.755E+00  0.340E+08  0.820E+00  0.350E+08  0.845E+00
  0.360E+08  0.832E+00  0.370E+08  0.788E+00  0.380E+08  0.737E+00
  0.390E+08  0.669E+00  0.400E+08  0.610E+00  0.410E+08  0.542E+00
  0.420E+08  0.481E+00  0.430E+08  0.405E+00  0.440E+08  0.355E+00
  0.450E+08  0.334E+00  0.460E+08  0.301E+00  0.470E+08  0.274E+00
  0.480E+08  0.250E+00  0.490E+08  0.226E+00  0.500E+08  0.205E+00
  0.520E+08  0.179E+00  0.540E+08  0.159E+00  0.560E+08  0.143E+00
  0.580E+08  0.131E+00  0.600E+08  0.121E+00  0.620E+08  0.113E+00
  0.640E+08  0.114E+00  0.660E+08  0.115E+00  0.680E+08  0.115E+00
  0.700E+08  0.110E+00  0.720E+08  0.105E+00  0.740E+08  0.101E+00
  0.760E+08  0.959E-01  0.780E+08  0.925E-01  0.800E+08  0.894E-01
  0.820E+08  0.864E-01  0.840E+08  0.836E-01  0.860E+08  0.812E-01
  0.880E+08  0.788E-01  0.900E+08  0.752E-01  0.920E+08  0.713E-01
  0.940E+08  0.675E-01  0.960E+08  0.636E-01  0.980E+08  0.620E-01
  0.100E+09  0.605E-01
SB130
         103
           0
          76
  0.424E+07  0.000E+00  0.800E+07  0.267E-05  0.850E+07  0.278E-04
  0.900E+07  0.875E-04  0.950E+07  0.209E-03  0.100E+08  0.427E-03
  0.105E+08  0.677E-03  0.110E+08  0.114E-02  0.115E+08  0.179E-02
  0.120E+08  0.265E-02  0.125E+08  0.371E-02  0.130E+08  0.500E-02
  0.135E+08  0.651E-02  0.140E+08  0.825E-02  0.145E+08  0.972E-02
  0.150E+08  0.112E-01  0.160E+08  0.156E-01  0.170E+08  0.204E-01
  0.180E+08  0.246E-01  0.190E+08  0.268E-01  0.200E+08  0.296E-01
  0.210E+08  0.318E-01  0.220E+08  0.339E-01  0.230E+08  0.356E-01
  0.240E+08  0.363E-01  0.250E+08  0.371E-01  0.260E+08  0.370E-01
  0.270E+08  0.371E-01  0.280E+08  0.371E-01  0.290E+08  0.369E-01
  0.300E+08  0.366E-01  0.310E+08  0.365E-01  0.320E+08  0.364E-01
  0.330E+08  0.362E-01  0.340E+08  0.359E-01  0.350E+08  0.354E-01
  0.360E+08  0.349E-01  0.370E+08  0.344E-01  0.380E+08  0.339E-01
  0.390E+08  0.337E-01  0.400E+08  0.334E-01  0.410E+08  0.332E-01
  0.420E+08  0.330E-01  0.430E+08  0.328E-01  0.440E+08  0.325E-01
  0.450E+08  0.323E-01  0.460E+08  0.321E-01  0.470E+08  0.316E-01
  0.480E+08  0.311E-01  0.490E+08  0.303E-01  0.500E+08  0.295E-01
  0.520E+08  0.286E-01  0.540E+08  0.278E-01  0.560E+08  0.270E-01
  0.580E+08  0.261E-01  0.600E+08  0.253E-01  0.620E+08  0.245E-01
  0.640E+08  0.238E-01  0.660E+08  0.231E-01  0.680E+08  0.224E-01
  0.700E+08  0.218E-01  0.720E+08  0.217E-01  0.740E+08  0.216E-01
  0.760E+08  0.215E-01  0.780E+08  0.214E-01  0.800E+08  0.213E-01
  0.820E+08  0.212E-01  0.840E+08  0.206E-01  0.860E+08  0.201E-01
  0.880E+08  0.196E-01  0.900E+08  0.190E-01  0.920E+08  0.186E-01
  0.940E+08  0.181E-01  0.960E+08  0.176E-01  0.980E+08  0.172E-01
  0.100E+09  0.168E-01
SN129
         111
           0
          59
  0.133E+08  0.000E+00  0.180E+08  0.215E-03  0.190E+08  0.296E-03
  0.200E+08  0.438E-03  0.210E+08  0.606E-03  0.220E+08  0.796E-03
  0.230E+08  0.100E-02  0.240E+08  0.113E-02  0.250E+08  0.136E-02
  0.260E+08  0.161E-02  0.270E+08  0.187E-02  0.280E+08  0.214E-02
  0.290E+08  0.231E-02  0.300E+08  0.262E-02  0.310E+08  0.294E-02
  0.320E+08  0.328E-02  0.330E+08  0.363E-02  0.340E+08  0.399E-02
  0.350E+08  0.422E-02  0.360E+08  0.458E-02  0.370E+08  0.495E-02
  0.380E+08  0.530E-02  0.390E+08  0.558E-02  0.400E+08  0.585E-02
  0.410E+08  0.606E-02  0.420E+08  0.624E-02  0.430E+08  0.635E-02
  0.440E+08  0.643E-02  0.450E+08  0.648E-02  0.460E+08  0.650E-02
  0.470E+08  0.652E-02  0.480E+08  0.652E-02  0.490E+08  0.626E-02
  0.500E+08  0.601E-02  0.520E+08  0.601E-02  0.540E+08  0.601E-02
  0.560E+08  0.599E-02  0.580E+08  0.595E-02  0.600E+08  0.593E-02
  0.620E+08  0.610E-02  0.640E+08  0.609E-02  0.660E+08  0.606E-02
  0.680E+08  0.603E-02  0.700E+08  0.601E-02  0.720E+08  0.597E-02
  0.740E+08  0.593E-02  0.760E+08  0.590E-02  0.780E+08  0.588E-02
  0.800E+08  0.585E-02  0.820E+08  0.582E-02  0.840E+08  0.578E-02
  0.860E+08  0.575E-02  0.880E+08  0.624E-02  0.900E+08  0.621E-02
  0.920E+08  0.618E-02  0.940E+08  0.613E-02  0.960E+08  0.609E-02
  0.980E+08  0.605E-02  0.100E+09  0.601E-02
TE126
         121
           0
          46
  0.298E+08  0.000E+00  0.310E+08  0.830E-05  0.320E+08  0.663E-03
  0.330E+08  0.643E-02  0.340E+08  0.262E-01  0.350E+08  0.676E-01
  0.360E+08  0.131E+00  0.370E+08  0.211E+00  0.380E+08  0.276E+00
  0.390E+08  0.364E+00  0.400E+08  0.449E+00  0.410E+08  0.523E+00
  0.420E+08  0.588E+00  0.430E+08  0.664E+00  0.440E+08  0.706E+00
  0.450E+08  0.720E+00  0.460E+08  0.742E+00  0.470E+08  0.754E+00
  0.480E+08  0.756E+00  0.490E+08  0.748E+00  0.500E+08  0.733E+00
  0.520E+08  0.704E+00  0.540E+08  0.645E+00  0.560E+08  0.580E+00
  0.580E+08  0.467E+00  0.600E+08  0.414E+00  0.620E+08  0.370E+00
  0.640E+08  0.347E+00  0.660E+08  0.290E+00  0.680E+08  0.264E+00
  0.700E+08  0.241E+00  0.720E+08  0.223E+00  0.740E+08  0.206E+00
  0.760E+08  0.196E+00  0.780E+08  0.182E+00  0.800E+08  0.172E+00
  0.820E+08  0.163E+00  0.840E+08  0.156E+00  0.860E+08  0.149E+00
  0.880E+08  0.142E+00  0.900E+08  0.146E+00  0.920E+08  0.140E+00
  0.940E+08  0.135E+00  0.960E+08  0.131E+00  0.980E+08  0.126E+00
  0.100E+09  0.123E+00
TE125
         122
           0
          37
  0.390E+08  0.000E+00  0.400E+08  0.746E-10  0.410E+08  0.301E-06
  0.420E+08  0.149E-04  0.430E+08  0.232E-03  0.440E+08  0.848E-03
  0.450E+08  0.307E-02  0.460E+08  0.816E-02  0.470E+08  0.175E-01
  0.480E+08  0.321E-01  0.490E+08  0.434E-01  0.500E+08  0.533E-01
  0.520E+08  0.105E+00  0.540E+08  0.164E+00  0.560E+08  0.214E+00
  0.580E+08  0.288E+00  0.600E+08  0.300E+00  0.620E+08  0.302E+00
  0.640E+08  0.285E+00  0.660E+08  0.267E+00  0.680E+08  0.248E+00
  0.700E+08  0.228E+00  0.720E+08  0.209E+00  0.740E+08  0.191E+00
  0.760E+08  0.181E+00  0.780E+08  0.170E+00  0.800E+08  0.158E+00
  0.820E+08  0.146E+00  0.840E+08  0.136E+00  0.860E+08  0.126E+00
  0.880E+08  0.119E+00  0.900E+08  0.111E+00  0.920E+08  0.104E+00
  0.940E+08  0.996E-01  0.960E+08  0.934E-01  0.980E+08  0.891E-01
  0.100E+09  0.861E-01
TE124
         123
           0
          30
  0.456E+08  0.000E+00  0.470E+08  0.464E-09  0.480E+08  0.185E-06
  0.490E+08  0.577E-06  0.500E+08  0.129E-04  0.520E+08  0.485E-03
  0.540E+08  0.394E-02  0.560E+08  0.152E-01  0.580E+08  0.483E-01
  0.600E+08  0.866E-01  0.620E+08  0.135E+00  0.640E+08  0.168E+00
  0.660E+08  0.248E+00  0.680E+08  0.289E+00  0.700E+08  0.322E+00
  0.720E+08  0.344E+00  0.740E+08  0.356E+00  0.760E+08  0.353E+00
  0.780E+08  0.347E+00  0.800E+08  0.342E+00  0.820E+08  0.329E+00
  0.840E+08  0.314E+00  0.860E+08  0.298E+00  0.880E+08  0.283E+00
  0.900E+08  0.273E+00  0.920E+08  0.259E+00  0.940E+08  0.246E+00
  0.960E+08  0.234E+00  0.980E+08  0.223E+00  0.100E+09  0.196E+00
TE123
         124
           0
          23
  0.551E+08  0.000E+00  0.580E+08  0.239E-08  0.600E+08  0.997E-06
  0.620E+08  0.313E-04  0.640E+08  0.161E-03  0.660E+08  0.132E-02
  0.680E+08  0.448E-02  0.700E+08  0.112E-01  0.720E+08  0.227E-01
  0.740E+08  0.389E-01  0.760E+08  0.492E-01  0.780E+08  0.758E-01
  0.800E+08  0.958E-01  0.820E+08  0.113E+00  0.840E+08  0.125E+00
  0.860E+08  0.134E+00  0.880E+08  0.137E+00  0.900E+08  0.131E+00
  0.920E+08  0.128E+00  0.940E+08  0.124E+00  0.960E+08  0.121E+00
  0.980E+08  0.116E+00  0.100E+09  0.122E+00
TE122
         125
           0
          19
  0.621E+08  0.000E+00  0.660E+08  0.900E-08  0.680E+08  0.990E-06
  0.700E+08  0.201E-04  0.720E+08  0.164E-03  0.740E+08  0.786E-03
  0.760E+08  0.127E-02  0.780E+08  0.470E-02  0.800E+08  0.103E-01
  0.820E+08  0.190E-01  0.840E+08  0.311E-01  0.860E+08  0.457E-01
  0.880E+08  0.626E-01  0.900E+08  0.742E-01  0.920E+08  0.920E-01
  0.940E+08  0.109E+00  0.960E+08  0.131E+00  0.980E+08  0.142E+00
  0.100E+09  0.149E+00
TE121
         126
           0
          15
  0.720E+08  0.000E+00  0.740E+08  0.185E-13  0.760E+08  0.254E-11
  0.780E+08  0.367E-08  0.800E+08  0.625E-07  0.820E+08  0.108E-05
  0.840E+08  0.509E-05  0.860E+08  0.310E-04  0.880E+08  0.130E-03
  0.900E+08  0.307E-03  0.920E+08  0.837E-03  0.940E+08  0.176E-02
  0.960E+08  0.418E-02  0.980E+08  0.718E-02  0.100E+09  0.102E-01
TE120
         127
           0
          11
  0.793E+08  0.000E+00  0.820E+08  0.220E-14  0.840E+08  0.239E-11
  0.860E+08  0.628E-09  0.880E+08  0.273E-07  0.900E+08  0.219E-06
  0.920E+08  0.217E-05  0.940E+08  0.133E-04  0.960E+08  0.813E-04
  0.980E+08  0.254E-03  0.100E+09  0.530E-03
TE119
         128
           0
           5
  0.896E+08  0.000E+00  0.940E+08  0.611E-18  0.960E+08  0.398E-13
  0.980E+08  0.660E-11  0.100E+09  0.123E-09
SB129
         153
           0
          68
  0.784E+07  0.000E+00  0.120E+08  0.329E-07  0.125E+08  0.235E-06
  0.130E+08  0.111E-05  0.135E+08  0.408E-05  0.140E+08  0.231E-02
  0.145E+08  0.333E-02  0.150E+08  0.434E-02  0.160E+08  0.637E-02
  0.170E+08  0.840E-02  0.180E+08  0.104E-01  0.190E+08  0.125E-01
  0.200E+08  0.145E-01  0.210E+08  0.181E-01  0.220E+08  0.249E-01
  0.230E+08  0.329E-01  0.240E+08  0.410E-01  0.250E+08  0.501E-01
  0.260E+08  0.599E-01  0.270E+08  0.688E-01  0.280E+08  0.771E-01
  0.290E+08  0.840E-01  0.300E+08  0.907E-01  0.310E+08  0.966E-01
  0.320E+08  0.102E+00  0.330E+08  0.106E+00  0.340E+08  0.110E+00
  0.350E+08  0.112E+00  0.360E+08  0.113E+00  0.370E+08  0.112E+00
  0.380E+08  0.111E+00  0.390E+08  0.111E+00  0.400E+08  0.110E+00
  0.410E+08  0.109E+00  0.420E+08  0.108E+00  0.430E+08  0.107E+00
  0.440E+08  0.106E+00  0.450E+08  0.105E+00  0.460E+08  0.104E+00
  0.470E+08  0.104E+00  0.480E+08  0.103E+00  0.490E+08  0.102E+00
  0.500E+08  0.101E+00  0.520E+08  0.986E-01  0.540E+08  0.964E-01
  0.560E+08  0.953E-01  0.580E+08  0.942E-01  0.600E+08  0.933E-01
  0.620E+08  0.923E-01  0.640E+08  0.914E-01  0.660E+08  0.905E-01
  0.680E+08  0.895E-01  0.700E+08  0.886E-01  0.720E+08  0.875E-01
  0.740E+08  0.865E-01  0.760E+08  0.856E-01  0.780E+08  0.852E-01
  0.800E+08  0.847E-01  0.820E+08  0.839E-01  0.840E+08  0.830E-01
  0.860E+08  0.825E-01  0.880E+08  0.817E-01  0.900E+08  0.809E-01
  0.920E+08  0.806E-01  0.940E+08  0.805E-01  0.960E+08  0.803E-01
  0.980E+08  0.802E-01  0.100E+09  0.794E-01
SB128
         154
           0
          56
  0.160E+08  0.000E+00  0.210E+08  0.528E-06  0.220E+08  0.863E-05
  0.230E+08  0.617E-04  0.240E+08  0.253E-03  0.250E+08  0.711E-03
  0.260E+08  0.172E-02  0.270E+08  0.336E-02  0.280E+08  0.583E-02
  0.290E+08  0.935E-02  0.300E+08  0.138E-01  0.310E+08  0.193E-01
  0.320E+08  0.254E-01  0.330E+08  0.319E-01  0.340E+08  0.383E-01
  0.350E+08  0.449E-01  0.360E+08  0.526E-01  0.370E+08  0.608E-01
  0.380E+08  0.681E-01  0.390E+08  0.722E-01  0.400E+08  0.779E-01
  0.410E+08  0.828E-01  0.420E+08  0.867E-01  0.430E+08  0.902E-01
  0.440E+08  0.931E-01  0.450E+08  0.957E-01  0.460E+08  0.979E-01
  0.470E+08  0.996E-01  0.480E+08  0.101E+00  0.490E+08  0.103E+00
  0.500E+08  0.101E+00  0.520E+08  0.930E-01  0.540E+08  0.849E-01
  0.560E+08  0.803E-01  0.580E+08  0.756E-01  0.600E+08  0.710E-01
  0.620E+08  0.692E-01  0.640E+08  0.738E-01  0.660E+08  0.731E-01
  0.680E+08  0.718E-01  0.700E+08  0.708E-01  0.720E+08  0.695E-01
  0.740E+08  0.682E-01  0.760E+08  0.675E-01  0.780E+08  0.664E-01
  0.800E+08  0.654E-01  0.820E+08  0.648E-01  0.840E+08  0.643E-01
  0.860E+08  0.643E-01  0.880E+08  0.643E-01  0.900E+08  0.644E-01
  0.920E+08  0.644E-01  0.940E+08  0.644E-01  0.960E+08  0.644E-01
  0.980E+08  0.637E-01  0.100E+09  0.631E-01
SB127
         155
           0
          50
  0.220E+08  0.000E+00  0.270E+08  0.140E-06  0.280E+08  0.289E-05
  0.290E+08  0.248E-04  0.300E+08  0.121E-03  0.310E+08  0.321E-03
  0.320E+08  0.845E-03  0.330E+08  0.183E-02  0.340E+08  0.345E-02
  0.350E+08  0.587E-02  0.360E+08  0.917E-02  0.370E+08  0.134E-01
  0.380E+08  0.185E-01  0.390E+08  0.242E-01  0.400E+08  0.309E-01
  0.410E+08  0.382E-01  0.420E+08  0.457E-01  0.430E+08  0.533E-01
  0.440E+08  0.608E-01  0.450E+08  0.681E-01  0.460E+08  0.749E-01
  0.470E+08  0.821E-01  0.480E+08  0.891E-01  0.490E+08  0.972E-01
  0.500E+08  0.105E+00  0.520E+08  0.122E+00  0.540E+08  0.132E+00
  0.560E+08  0.132E+00  0.580E+08  0.132E+00  0.600E+08  0.133E+00
  0.620E+08  0.133E+00  0.640E+08  0.134E+00  0.660E+08  0.132E+00
  0.680E+08  0.129E+00  0.700E+08  0.126E+00  0.720E+08  0.123E+00
  0.740E+08  0.119E+00  0.760E+08  0.116E+00  0.780E+08  0.113E+00
  0.800E+08  0.110E+00  0.820E+08  0.107E+00  0.840E+08  0.105E+00
  0.860E+08  0.103E+00  0.880E+08  0.101E+00  0.900E+08  0.104E+00
  0.920E+08  0.102E+00  0.940E+08  0.101E+00  0.960E+08  0.994E-01
  0.980E+08  0.979E-01  0.100E+09  0.966E-01
SB126
         156
           0
          42
  0.305E+08  0.000E+00  0.350E+08  0.185E-10  0.360E+08  0.124E-07
  0.370E+08  0.343E-06  0.380E+08  0.371E-05  0.390E+08  0.309E-04
  0.400E+08  0.114E-03  0.410E+08  0.320E-03  0.420E+08  0.651E-03
  0.430E+08  0.158E-02  0.440E+08  0.283E-02  0.450E+08  0.464E-02
  0.460E+08  0.709E-02  0.470E+08  0.100E-01  0.480E+08  0.137E-01
  0.490E+08  0.167E-01  0.500E+08  0.197E-01  0.520E+08  0.332E-01
  0.540E+08  0.437E-01  0.560E+08  0.586E-01  0.580E+08  0.669E-01
  0.600E+08  0.733E-01  0.620E+08  0.786E-01  0.640E+08  0.840E-01
  0.660E+08  0.906E-01  0.680E+08  0.961E-01  0.700E+08  0.102E+00
  0.720E+08  0.101E+00  0.740E+08  0.100E+00  0.760E+08  0.994E-01
  0.780E+08  0.986E-01  0.800E+08  0.978E-01  0.820E+08  0.970E-01
  0.840E+08  0.962E-01  0.860E+08  0.943E-01  0.880E+08  0.911E-01
  0.900E+08  0.888E-01  0.920E+08  0.865E-01  0.940E+08  0.829E-01
  0.960E+08  0.801E-01  0.980E+08  0.777E-01  0.100E+09  0.757E-01
SB125
         157
           0
          35
  0.367E+08  0.000E+00  0.420E+08  0.159E-09  0.430E+08  0.257E-07
  0.440E+08  0.413E-06  0.450E+08  0.336E-05  0.460E+08  0.242E-04
  0.470E+08  0.842E-04  0.480E+08  0.229E-03  0.490E+08  0.255E-03
  0.500E+08  0.568E-03  0.520E+08  0.190E-02  0.540E+08  0.483E-02
  0.560E+08  0.117E-01  0.580E+08  0.196E-01  0.600E+08  0.294E-01
  0.620E+08  0.395E-01  0.640E+08  0.508E-01  0.660E+08  0.641E-01
  0.680E+08  0.730E-01  0.700E+08  0.803E-01  0.720E+08  0.877E-01
  0.740E+08  0.924E-01  0.760E+08  0.975E-01  0.780E+08  0.106E+00
  0.800E+08  0.111E+00  0.820E+08  0.117E+00  0.840E+08  0.122E+00
  0.860E+08  0.125E+00  0.880E+08  0.129E+00  0.900E+08  0.135E+00
  0.920E+08  0.139E+00  0.940E+08  0.143E+00  0.960E+08  0.146E+00
  0.980E+08  0.148E+00  0.100E+09  0.148E+00
SB124
         158
           0
          26
  0.455E+08  0.000E+00  0.520E+08  0.549E-09  0.540E+08  0.155E-06
  0.560E+08  0.108E-04  0.580E+08  0.923E-04  0.600E+08  0.433E-03
  0.620E+08  0.117E-02  0.640E+08  0.296E-02  0.660E+08  0.746E-02
  0.680E+08  0.129E-01  0.700E+08  0.197E-01  0.720E+08  0.285E-01
  0.740E+08  0.361E-01  0.760E+08  0.426E-01  0.780E+08  0.465E-01
  0.800E+08  0.515E-01  0.820E+08  0.523E-01  0.840E+08  0.526E-01
  0.860E+08  0.529E-01  0.880E+08  0.531E-01  0.900E+08  0.534E-01
  0.920E+08  0.545E-01  0.940E+08  0.594E-01  0.960E+08  0.609E-01
  0.980E+08  0.629E-01  0.100E+09  0.654E-01
SB123
         159
           0
          23
  0.520E+08  0.000E+00  0.580E+08  0.403E-11  0.600E+08  0.437E-08
  0.620E+08  0.172E-06  0.640E+08  0.403E-05  0.660E+08  0.608E-04
  0.680E+08  0.277E-03  0.700E+08  0.886E-03  0.720E+08  0.266E-02
  0.740E+08  0.535E-02  0.760E+08  0.942E-02  0.780E+08  0.134E-01
  0.800E+08  0.199E-01  0.820E+08  0.304E-01  0.840E+08  0.388E-01
  0.860E+08  0.451E-01  0.880E+08  0.517E-01  0.900E+08  0.564E-01
  0.920E+08  0.621E-01  0.940E+08  0.627E-01  0.960E+08  0.661E-01
  0.980E+08  0.704E-01  0.100E+09  0.722E-01
SB122
         160
           0
          18
  0.611E+08  0.000E+00  0.680E+08  0.116E-11  0.700E+08  0.586E-09
  0.720E+08  0.893E-07  0.740E+08  0.148E-05  0.760E+08  0.120E-04
  0.780E+08  0.448E-04  0.800E+08  0.170E-03  0.820E+08  0.658E-03
  0.840E+08  0.151E-02  0.860E+08  0.259E-02  0.880E+08  0.606E-02
  0.900E+08  0.863E-02  0.920E+08  0.126E-01  0.940E+08  0.172E-01
  0.960E+08  0.225E-01  0.980E+08  0.256E-01  0.100E+09  0.286E-01
SB121
         161
           0
          15
  0.679E+08  0.000E+00  0.740E+08  0.322E-15  0.760E+08  0.261E-11
  0.780E+08  0.260E-09  0.800E+08  0.139E-07  0.820E+08  0.531E-06
  0.840E+08  0.437E-05  0.860E+08  0.198E-04  0.880E+08  0.110E-03
  0.900E+08  0.264E-03  0.920E+08  0.858E-03  0.940E+08  0.175E-02
  0.960E+08  0.327E-02  0.980E+08  0.535E-02  0.100E+09  0.774E-02
SB120
         162
           0
          10
  0.772E+08  0.000E+00  0.840E+08  0.903E-16  0.860E+08  0.205E-12
  0.880E+08  0.110E-09  0.900E+08  0.276E-08  0.920E+08  0.466E-07
  0.940E+08  0.428E-06  0.960E+08  0.279E-05  0.980E+08  0.123E-04
  0.100E+09  0.318E-04
SB119
         163
           0
           6
  0.843E+08  0.000E+00  0.920E+08  0.217E-14  0.940E+08  0.783E-12
  0.960E+08  0.779E-10  0.980E+08  0.207E-08  0.100E+09  0.132E-07
SB118
         164
           0
           2
  0.939E+08  0.000E+00  0.100E+09  0.410E-21
SN128
         174
           0
          52
  0.165E+08  0.000E+00  0.250E+08  0.432E-14  0.260E+08  0.305E-12
  0.270E+08  0.945E-11  0.280E+08  0.117E-09  0.290E+08  0.789E-09
  0.300E+08  0.345E-08  0.310E+08  0.112E-07  0.320E+08  0.293E-07
  0.330E+08  0.649E-07  0.340E+08  0.127E-06  0.350E+08  0.227E-06
  0.360E+08  0.700E-06  0.370E+08  0.588E-05  0.380E+08  0.314E-04
  0.390E+08  0.102E-03  0.400E+08  0.238E-03  0.410E+08  0.443E-03
  0.420E+08  0.591E-03  0.430E+08  0.889E-03  0.440E+08  0.123E-02
  0.450E+08  0.161E-02  0.460E+08  0.200E-02  0.470E+08  0.242E-02
  0.480E+08  0.284E-02  0.490E+08  0.347E-02  0.500E+08  0.409E-02
  0.520E+08  0.497E-02  0.540E+08  0.581E-02  0.560E+08  0.648E-02
  0.580E+08  0.690E-02  0.600E+08  0.713E-02  0.620E+08  0.700E-02
  0.640E+08  0.697E-02  0.660E+08  0.691E-02  0.680E+08  0.684E-02
  0.700E+08  0.681E-02  0.720E+08  0.670E-02  0.740E+08  0.662E-02
  0.760E+08  0.657E-02  0.780E+08  0.651E-02  0.800E+08  0.648E-02
  0.820E+08  0.604E-02  0.840E+08  0.602E-02  0.860E+08  0.598E-02
  0.880E+08  0.542E-02  0.900E+08  0.541E-02  0.920E+08  0.540E-02
  0.940E+08  0.540E-02  0.960E+08  0.539E-02  0.980E+08  0.537E-02
  0.100E+09  0.533E-02
SN127
         175
           0
          78
  0.100E-04  0.000E+00  0.700E+07  0.519E-09  0.750E+07  0.208E-07
  0.800E+07  0.668E-07  0.850E+07  0.202E-06  0.900E+07  0.538E-06
  0.950E+07  0.133E-05  0.100E+08  0.311E-05  0.105E+08  0.687E-05
  0.110E+08  0.143E-04  0.115E+08  0.282E-04  0.120E+08  0.521E-04
  0.125E+08  0.905E-04  0.130E+08  0.148E-03  0.135E+08  0.228E-03
  0.140E+08  0.333E-03  0.145E+08  0.466E-03  0.150E+08  0.628E-03
  0.160E+08  0.102E-02  0.170E+08  0.149E-02  0.180E+08  0.196E-02
  0.190E+08  0.234E-02  0.200E+08  0.257E-02  0.210E+08  0.267E-02
  0.220E+08  0.269E-02  0.230E+08  0.266E-02  0.240E+08  0.259E-02
  0.250E+08  0.249E-02  0.260E+08  0.252E-02  0.270E+08  0.237E-02
  0.280E+08  0.222E-02  0.290E+08  0.207E-02  0.300E+08  0.192E-02
  0.310E+08  0.177E-02  0.320E+08  0.153E-02  0.330E+08  0.141E-02
  0.340E+08  0.131E-02  0.350E+08  0.121E-02  0.360E+08  0.112E-02
  0.370E+08  0.103E-02  0.380E+08  0.945E-03  0.390E+08  0.868E-03
  0.400E+08  0.840E-03  0.410E+08  0.767E-03  0.420E+08  0.700E-03
  0.430E+08  0.641E-03  0.440E+08  0.588E-03  0.450E+08  0.543E-03
  0.460E+08  0.506E-03  0.470E+08  0.472E-03  0.480E+08  0.439E-03
  0.490E+08  0.426E-03  0.500E+08  0.397E-03  0.520E+08  0.346E-03
  0.540E+08  0.354E-03  0.560E+08  0.530E-03  0.580E+08  0.942E-03
  0.600E+08  0.158E-02  0.620E+08  0.237E-02  0.640E+08  0.322E-02
  0.660E+08  0.401E-02  0.680E+08  0.469E-02  0.700E+08  0.512E-02
  0.720E+08  0.540E-02  0.740E+08  0.552E-02  0.760E+08  0.554E-02
  0.780E+08  0.596E-02  0.800E+08  0.585E-02  0.820E+08  0.574E-02
  0.840E+08  0.564E-02  0.860E+08  0.553E-02  0.880E+08  0.542E-02
  0.900E+08  0.532E-02  0.920E+08  0.524E-02  0.940E+08  0.513E-02
  0.960E+08  0.505E-02  0.980E+08  0.498E-02  0.100E+09  0.495E-02
SN126
         176
           0
          66
  0.378E+07  0.000E+00  0.130E+08  0.548E-07  0.135E+08  0.273E-06
  0.140E+08  0.808E-06  0.145E+08  0.206E-05  0.150E+08  0.481E-05
  0.160E+08  0.199E-04  0.170E+08  0.786E-04  0.180E+08  0.249E-03
  0.190E+08  0.611E-03  0.200E+08  0.120E-02  0.210E+08  0.198E-02
  0.220E+08  0.291E-02  0.230E+08  0.396E-02  0.240E+08  0.510E-02
  0.250E+08  0.630E-02  0.260E+08  0.738E-02  0.270E+08  0.855E-02
  0.280E+08  0.953E-02  0.290E+08  0.103E-01  0.300E+08  0.107E-01
  0.310E+08  0.108E-01  0.320E+08  0.106E-01  0.330E+08  0.103E-01
  0.340E+08  0.993E-02  0.350E+08  0.945E-02  0.360E+08  0.892E-02
  0.370E+08  0.837E-02  0.380E+08  0.762E-02  0.390E+08  0.687E-02
  0.400E+08  0.647E-02  0.410E+08  0.606E-02  0.420E+08  0.566E-02
  0.430E+08  0.522E-02  0.440E+08  0.481E-02  0.450E+08  0.443E-02
  0.460E+08  0.407E-02  0.470E+08  0.373E-02  0.480E+08  0.342E-02
  0.490E+08  0.322E-02  0.500E+08  0.294E-02  0.520E+08  0.247E-02
  0.540E+08  0.209E-02  0.560E+08  0.178E-02  0.580E+08  0.152E-02
  0.600E+08  0.143E-02  0.620E+08  0.122E-02  0.640E+08  0.105E-02
  0.660E+08  0.994E-03  0.680E+08  0.110E-02  0.700E+08  0.143E-02
  0.720E+08  0.196E-02  0.740E+08  0.268E-02  0.760E+08  0.346E-02
  0.780E+08  0.385E-02  0.800E+08  0.478E-02  0.820E+08  0.610E-02
  0.840E+08  0.684E-02  0.860E+08  0.741E-02  0.880E+08  0.786E-02
  0.900E+08  0.820E-02  0.920E+08  0.838E-02  0.940E+08  0.843E-02
  0.960E+08  0.840E-02  0.980E+08  0.837E-02  0.100E+09  0.826E-02
SN125
         177
           0
          55
  0.120E+08  0.000E+00  0.220E+08  0.833E-07  0.230E+08  0.102E-05
  0.240E+08  0.611E-05  0.250E+08  0.211E-04  0.260E+08  0.617E-04
  0.270E+08  0.202E-03  0.280E+08  0.515E-03  0.290E+08  0.110E-02
  0.300E+08  0.197E-02  0.310E+08  0.312E-02  0.320E+08  0.472E-02
  0.330E+08  0.616E-02  0.340E+08  0.753E-02  0.350E+08  0.887E-02
  0.360E+08  0.988E-02  0.370E+08  0.106E-01  0.380E+08  0.110E-01
  0.390E+08  0.107E-01  0.400E+08  0.105E-01  0.410E+08  0.102E-01
  0.420E+08  0.980E-02  0.430E+08  0.931E-02  0.440E+08  0.877E-02
  0.450E+08  0.821E-02  0.460E+08  0.766E-02  0.470E+08  0.711E-02
  0.480E+08  0.660E-02  0.490E+08  0.621E-02  0.500E+08  0.582E-02
  0.520E+08  0.504E-02  0.540E+08  0.426E-02  0.560E+08  0.358E-02
  0.580E+08  0.298E-02  0.600E+08  0.238E-02  0.620E+08  0.202E-02
  0.640E+08  0.173E-02  0.660E+08  0.150E-02  0.680E+08  0.131E-02
  0.700E+08  0.113E-02  0.720E+08  0.965E-03  0.740E+08  0.872E-03
  0.760E+08  0.739E-03  0.780E+08  0.584E-03  0.800E+08  0.481E-03
  0.820E+08  0.448E-03  0.840E+08  0.506E-03  0.860E+08  0.886E-03
  0.880E+08  0.131E-02  0.900E+08  0.184E-02  0.920E+08  0.250E-02
  0.940E+08  0.329E-02  0.960E+08  0.406E-02  0.980E+08  0.471E-02
  0.100E+09  0.536E-02
SN124
         178
           0
          50
  0.178E+08  0.000E+00  0.270E+08  0.865E-11  0.280E+08  0.158E-07
  0.290E+08  0.293E-06  0.300E+08  0.210E-05  0.310E+08  0.103E-04
  0.320E+08  0.488E-04  0.330E+08  0.155E-03  0.340E+08  0.402E-03
  0.350E+08  0.758E-03  0.360E+08  0.147E-02  0.370E+08  0.249E-02
  0.380E+08  0.409E-02  0.390E+08  0.608E-02  0.400E+08  0.754E-02
  0.410E+08  0.935E-02  0.420E+08  0.112E-01  0.430E+08  0.131E-01
  0.440E+08  0.148E-01  0.450E+08  0.164E-01  0.460E+08  0.178E-01
  0.470E+08  0.187E-01  0.480E+08  0.190E-01  0.490E+08  0.191E-01
  0.500E+08  0.192E-01  0.520E+08  0.183E-01  0.540E+08  0.174E-01
  0.560E+08  0.165E-01  0.580E+08  0.149E-01  0.600E+08  0.133E-01
  0.620E+08  0.117E-01  0.640E+08  0.101E-01  0.660E+08  0.847E-02
  0.680E+08  0.686E-02  0.700E+08  0.596E-02  0.720E+08  0.511E-02
  0.740E+08  0.461E-02  0.760E+08  0.402E-02  0.780E+08  0.338E-02
  0.800E+08  0.298E-02  0.820E+08  0.265E-02  0.840E+08  0.239E-02
  0.860E+08  0.216E-02  0.880E+08  0.165E-02  0.900E+08  0.148E-02
  0.920E+08  0.137E-02  0.940E+08  0.124E-02  0.960E+08  0.133E-02
  0.980E+08  0.143E-02  0.100E+09  0.164E-02
SN123
         179
           0
          41
  0.264E+08  0.000E+00  0.360E+08  0.163E-11  0.370E+08  0.809E-09
  0.380E+08  0.283E-07  0.390E+08  0.398E-06  0.400E+08  0.166E-05
  0.410E+08  0.748E-05  0.420E+08  0.275E-04  0.430E+08  0.840E-04
  0.440E+08  0.217E-03  0.450E+08  0.480E-03  0.460E+08  0.915E-03
  0.470E+08  0.157E-02  0.480E+08  0.250E-02  0.490E+08  0.344E-02
  0.500E+08  0.478E-02  0.520E+08  0.869E-02  0.540E+08  0.110E-01
  0.560E+08  0.134E-01  0.580E+08  0.150E-01  0.600E+08  0.157E-01
  0.620E+08  0.155E-01  0.640E+08  0.146E-01  0.660E+08  0.134E-01
  0.680E+08  0.120E-01  0.700E+08  0.105E-01  0.720E+08  0.915E-02
  0.740E+08  0.822E-02  0.760E+08  0.710E-02  0.780E+08  0.585E-02
  0.800E+08  0.501E-02  0.820E+08  0.436E-02  0.840E+08  0.378E-02
  0.860E+08  0.340E-02  0.880E+08  0.303E-02  0.900E+08  0.248E-02
  0.920E+08  0.228E-02  0.940E+08  0.209E-02  0.960E+08  0.183E-02
  0.980E+08  0.170E-02  0.100E+09  0.159E-02
SN122
         180
           0
          35
  0.324E+08  0.000E+00  0.420E+08  0.285E-12  0.430E+08  0.161E-09
  0.440E+08  0.482E-08  0.450E+08  0.552E-07  0.460E+08  0.345E-06
  0.470E+08  0.172E-05  0.480E+08  0.954E-05  0.490E+08  0.179E-04
  0.500E+08  0.541E-04  0.520E+08  0.449E-03  0.540E+08  0.106E-02
  0.560E+08  0.206E-02  0.580E+08  0.421E-02  0.600E+08  0.724E-02
  0.620E+08  0.109E-01  0.640E+08  0.147E-01  0.660E+08  0.185E-01
  0.680E+08  0.216E-01  0.700E+08  0.238E-01  0.720E+08  0.251E-01
  0.740E+08  0.254E-01  0.760E+08  0.252E-01  0.780E+08  0.237E-01
  0.800E+08  0.219E-01  0.820E+08  0.200E-01  0.840E+08  0.181E-01
  0.860E+08  0.164E-01  0.880E+08  0.144E-01  0.900E+08  0.123E-01
  0.920E+08  0.109E-01  0.940E+08  0.973E-02  0.960E+08  0.840E-02
  0.980E+08  0.706E-02  0.100E+09  0.657E-02
SN121
         181
           0
          26
  0.412E+08  0.000E+00  0.520E+08  0.303E-10  0.540E+08  0.207E-08
  0.560E+08  0.444E-07  0.580E+08  0.103E-05  0.600E+08  0.117E-04
  0.620E+08  0.486E-04  0.640E+08  0.147E-03  0.660E+08  0.559E-03
  0.680E+08  0.141E-02  0.700E+08  0.286E-02  0.720E+08  0.493E-02
  0.740E+08  0.696E-02  0.760E+08  0.925E-02  0.780E+08  0.122E-01
  0.800E+08  0.138E-01  0.820E+08  0.150E-01  0.840E+08  0.155E-01
  0.860E+08  0.155E-01  0.880E+08  0.160E-01  0.900E+08  0.149E-01
  0.920E+08  0.138E-01  0.940E+08  0.126E-01  0.960E+08  0.115E-01
  0.980E+08  0.104E-01  0.100E+09  0.945E-02
SN120
         182
           0
          23
  0.475E+08  0.000E+00  0.580E+08  0.472E-15  0.600E+08  0.215E-10
  0.620E+08  0.312E-08  0.640E+08  0.429E-07  0.660E+08  0.129E-05
  0.680E+08  0.110E-04  0.700E+08  0.606E-04  0.720E+08  0.233E-03
  0.740E+08  0.595E-03  0.760E+08  0.137E-02  0.780E+08  0.315E-02
  0.800E+08  0.523E-02  0.820E+08  0.793E-02  0.840E+08  0.111E-01
  0.860E+08  0.143E-01  0.880E+08  0.175E-01  0.900E+08  0.215E-01
  0.920E+08  0.243E-01  0.940E+08  0.262E-01  0.960E+08  0.279E-01
  0.980E+08  0.267E-01  0.100E+09  0.262E-01
SN119
         183
           0
          18
  0.566E+08  0.000E+00  0.680E+08  0.210E-14  0.700E+08  0.237E-11
  0.720E+08  0.212E-09  0.740E+08  0.607E-08  0.760E+08  0.789E-07
  0.780E+08  0.117E-05  0.800E+08  0.718E-05  0.820E+08  0.320E-04
  0.840E+08  0.106E-03  0.860E+08  0.279E-03  0.880E+08  0.618E-03
  0.900E+08  0.145E-02  0.920E+08  0.218E-02  0.940E+08  0.347E-02
  0.960E+08  0.571E-02  0.980E+08  0.908E-02  0.100E+09  0.107E-01
SN118
         184
           0
          15
  0.632E+08  0.000E+00  0.740E+08  0.704E-18  0.760E+08  0.622E-14
  0.780E+08  0.694E-11  0.800E+08  0.347E-09  0.820E+08  0.781E-08
  0.840E+08  0.181E-06  0.860E+08  0.126E-05  0.880E+08  0.629E-05
  0.900E+08  0.341E-04  0.920E+08  0.764E-04  0.940E+08  0.207E-03
  0.960E+08  0.613E-03  0.980E+08  0.146E-02  0.100E+09  0.222E-02
SN117
         185
           0
          10
  0.726E+08  0.000E+00  0.840E+08  0.291E-19  0.860E+08  0.246E-14
  0.880E+08  0.352E-12  0.900E+08  0.245E-10  0.920E+08  0.646E-09
  0.940E+08  0.947E-08  0.960E+08  0.168E-06  0.980E+08  0.156E-05
  0.100E+09  0.458E-05
SN116
         186
           0
           6
  0.796E+08  0.000E+00  0.920E+08  0.455E-18  0.940E+08  0.634E-15
  0.960E+08  0.371E-12  0.980E+08  0.374E-10  0.100E+09  0.303E-09
IN128
         219
           0
          38
  0.268E+08  0.000E+00  0.390E+08  0.574E-20  0.400E+08  0.474E-18
  0.410E+08  0.870E-17  0.420E+08  0.934E-16  0.430E+08  0.601E-15
  0.440E+08  0.289E-14  0.450E+08  0.112E-13  0.460E+08  0.361E-13
  0.470E+08  0.101E-12  0.480E+08  0.208E-12  0.490E+08  0.797E-12
  0.500E+08  0.145E-11  0.520E+08  0.374E-11  0.540E+08  0.731E-11
  0.560E+08  0.989E-11  0.580E+08  0.125E-10  0.600E+08  0.164E-10
  0.620E+08  0.247E-10  0.640E+08  0.530E-10  0.660E+08  0.149E-09
  0.680E+08  0.334E-09  0.700E+08  0.740E-09  0.720E+08  0.136E-08
  0.740E+08  0.210E-08  0.760E+08  0.306E-08  0.780E+08  0.465E-08
  0.800E+08  0.679E-08  0.820E+08  0.658E-08  0.840E+08  0.687E-08
  0.860E+08  0.707E-08  0.880E+08  0.770E-08  0.900E+08  0.763E-08
  0.920E+08  0.761E-08  0.940E+08  0.649E-08  0.960E+08  0.637E-08
  0.980E+08  0.624E-08  0.100E+09  0.612E-08
IN127
         220
           0
          35
  0.296E+08  0.000E+00  0.420E+08  0.793E-21  0.430E+08  0.544E-19
  0.440E+08  0.128E-17  0.450E+08  0.211E-16  0.460E+08  0.276E-15
  0.470E+08  0.228E-14  0.480E+08  0.149E-13  0.490E+08  0.163E-12
  0.500E+08  0.511E-12  0.520E+08  0.330E-11  0.540E+08  0.143E-10
  0.560E+08  0.425E-10  0.580E+08  0.105E-09  0.600E+08  0.244E-09
  0.620E+08  0.481E-09  0.640E+08  0.773E-09  0.660E+08  0.109E-08
  0.680E+08  0.130E-08  0.700E+08  0.151E-08  0.720E+08  0.171E-08
  0.740E+08  0.273E-08  0.760E+08  0.531E-08  0.780E+08  0.870E-08
  0.800E+08  0.143E-07  0.820E+08  0.226E-07  0.840E+08  0.361E-07
  0.860E+08  0.564E-07  0.880E+08  0.861E-07  0.900E+08  0.113E-06
  0.920E+08  0.139E-06  0.940E+08  0.149E-06  0.960E+08  0.166E-06
  0.980E+08  0.178E-06  0.100E+09  0.188E-06
IN126
         221
           0
          52
  0.113E+08  0.000E+00  0.250E+08  0.121E-13  0.260E+08  0.297E-12
  0.270E+08  0.245E-11  0.280E+08  0.127E-10  0.290E+08  0.524E-10
  0.300E+08  0.156E-09  0.310E+08  0.453E-09  0.320E+08  0.123E-08
  0.330E+08  0.274E-08  0.340E+08  0.547E-08  0.350E+08  0.959E-08
  0.360E+08  0.157E-07  0.370E+08  0.234E-07  0.380E+08  0.319E-07
  0.390E+08  0.406E-07  0.400E+08  0.462E-07  0.410E+08  0.521E-07
  0.420E+08  0.610E-07  0.430E+08  0.586E-07  0.440E+08  0.605E-07
  0.450E+08  0.614E-07  0.460E+08  0.615E-07  0.470E+08  0.634E-07
  0.480E+08  0.597E-07  0.490E+08  0.840E-07  0.500E+08  0.738E-07
  0.520E+08  0.698E-07  0.540E+08  0.522E-07  0.560E+08  0.472E-07
  0.580E+08  0.455E-07  0.600E+08  0.459E-07  0.620E+08  0.440E-07
  0.640E+08  0.383E-07  0.660E+08  0.383E-07  0.680E+08  0.390E-07
  0.700E+08  0.408E-07  0.720E+08  0.454E-07  0.740E+08  0.486E-07
  0.760E+08  0.561E-07  0.780E+08  0.580E-07  0.800E+08  0.615E-07
  0.820E+08  0.606E-07  0.840E+08  0.602E-07  0.860E+08  0.638E-07
  0.880E+08  0.706E-07  0.900E+08  0.805E-07  0.920E+08  0.110E-06
  0.940E+08  0.154E-06  0.960E+08  0.223E-06  0.980E+08  0.311E-06
  0.100E+09  0.407E-06
IN125
         222
           0
          49
  0.145E+08  0.000E+00  0.280E+08  0.186E-15  0.290E+08  0.505E-14
  0.300E+08  0.269E-12  0.310E+08  0.401E-11  0.320E+08  0.336E-10
  0.330E+08  0.177E-09  0.340E+08  0.724E-09  0.350E+08  0.202E-08
  0.360E+08  0.592E-08  0.370E+08  0.149E-07  0.380E+08  0.330E-07
  0.390E+08  0.624E-07  0.400E+08  0.120E-06  0.410E+08  0.202E-06
  0.420E+08  0.318E-06  0.430E+08  0.453E-06  0.440E+08  0.656E-06
  0.450E+08  0.906E-06  0.460E+08  0.119E-05  0.470E+08  0.147E-05
  0.480E+08  0.170E-05  0.490E+08  0.216E-05  0.500E+08  0.225E-05
  0.520E+08  0.257E-05  0.540E+08  0.249E-05  0.560E+08  0.241E-05
  0.580E+08  0.239E-05  0.600E+08  0.242E-05  0.620E+08  0.230E-05
  0.640E+08  0.206E-05  0.660E+08  0.197E-05  0.680E+08  0.211E-05
  0.700E+08  0.243E-05  0.720E+08  0.248E-05  0.740E+08  0.239E-05
  0.760E+08  0.238E-05  0.780E+08  0.231E-05  0.800E+08  0.234E-05
  0.820E+08  0.223E-05  0.840E+08  0.222E-05  0.860E+08  0.232E-05
  0.880E+08  0.228E-05  0.900E+08  0.212E-05  0.920E+08  0.207E-05
  0.940E+08  0.195E-05  0.960E+08  0.194E-05  0.980E+08  0.195E-05
  0.100E+09  0.162E-05
IN124
         223
           0
          42
  0.220E+08  0.000E+00  0.350E+08  0.871E-15  0.360E+08  0.617E-13
  0.370E+08  0.104E-11  0.380E+08  0.101E-10  0.390E+08  0.696E-10
  0.400E+08  0.364E-09  0.410E+08  0.154E-08  0.420E+08  0.470E-08
  0.430E+08  0.144E-07  0.440E+08  0.407E-07  0.450E+08  0.102E-06
  0.460E+08  0.227E-06  0.470E+08  0.490E-06  0.480E+08  0.853E-06
  0.490E+08  0.170E-05  0.500E+08  0.251E-05  0.520E+08  0.508E-05
  0.540E+08  0.867E-05  0.560E+08  0.120E-04  0.580E+08  0.154E-04
  0.600E+08  0.187E-04  0.620E+08  0.178E-04  0.640E+08  0.175E-04
  0.660E+08  0.173E-04  0.680E+08  0.177E-04  0.700E+08  0.165E-04
  0.720E+08  0.168E-04  0.740E+08  0.162E-04  0.760E+08  0.158E-04
  0.780E+08  0.152E-04  0.800E+08  0.153E-04  0.820E+08  0.144E-04
  0.840E+08  0.140E-04  0.860E+08  0.143E-04  0.880E+08  0.139E-04
  0.900E+08  0.131E-04  0.920E+08  0.127E-04  0.940E+08  0.118E-04
  0.960E+08  0.133E-04  0.980E+08  0.133E-04  0.100E+09  0.118E-04
IN123
         224
           0
          36
  0.278E+08  0.000E+00  0.410E+08  0.100E-14  0.420E+08  0.503E-13
  0.430E+08  0.101E-11  0.440E+08  0.118E-10  0.450E+08  0.894E-10
  0.460E+08  0.496E-09  0.470E+08  0.271E-08  0.480E+08  0.921E-08
  0.490E+08  0.201E-07  0.500E+08  0.572E-07  0.520E+08  0.353E-06
  0.540E+08  0.158E-05  0.560E+08  0.451E-05  0.580E+08  0.106E-04
  0.600E+08  0.213E-04  0.620E+08  0.376E-04  0.640E+08  0.536E-04
  0.660E+08  0.732E-04  0.680E+08  0.930E-04  0.700E+08  0.109E-03
  0.720E+08  0.125E-03  0.740E+08  0.132E-03  0.760E+08  0.136E-03
  0.780E+08  0.137E-03  0.800E+08  0.140E-03  0.820E+08  0.133E-03
  0.840E+08  0.131E-03  0.860E+08  0.132E-03  0.880E+08  0.130E-03
  0.900E+08  0.125E-03  0.920E+08  0.124E-03  0.940E+08  0.120E-03
  0.960E+08  0.127E-03  0.980E+08  0.131E-03  0.100E+09  0.110E-03
IN122
         225
           0
          28
  0.357E+08  0.000E+00  0.490E+08  0.263E-15  0.500E+08  0.253E-13
  0.520E+08  0.972E-11  0.540E+08  0.207E-09  0.560E+08  0.491E-08
  0.580E+08  0.575E-07  0.600E+08  0.404E-06  0.620E+08  0.220E-05
  0.640E+08  0.690E-05  0.660E+08  0.189E-04  0.680E+08  0.308E-04
  0.700E+08  0.560E-04  0.720E+08  0.877E-04  0.740E+08  0.122E-03
  0.760E+08  0.157E-03  0.780E+08  0.208E-03  0.800E+08  0.260E-03
  0.820E+08  0.284E-03  0.840E+08  0.305E-03  0.860E+08  0.326E-03
  0.880E+08  0.330E-03  0.900E+08  0.325E-03  0.920E+08  0.320E-03
  0.940E+08  0.305E-03  0.960E+08  0.308E-03  0.980E+08  0.310E-03
  0.100E+09  0.285E-03
IN121
         226
           0
          24
  0.416E+08  0.000E+00  0.560E+08  0.951E-14  0.580E+08  0.325E-11
  0.600E+08  0.200E-09  0.620E+08  0.572E-08  0.640E+08  0.668E-07
  0.660E+08  0.593E-06  0.680E+08  0.182E-05  0.700E+08  0.634E-05
  0.720E+08  0.170E-04  0.740E+08  0.365E-04  0.760E+08  0.701E-04
  0.780E+08  0.114E-03  0.800E+08  0.165E-03  0.820E+08  0.250E-03
  0.840E+08  0.354E-03  0.860E+08  0.478E-03  0.880E+08  0.592E-03
  0.900E+08  0.690E-03  0.920E+08  0.780E-03  0.940E+08  0.839E-03
  0.960E+08  0.893E-03  0.980E+08  0.940E-03  0.100E+09  0.915E-03
IN120
         227
           0
          20
  0.498E+08  0.000E+00  0.640E+08  0.997E-17  0.660E+08  0.666E-13
  0.680E+08  0.381E-11  0.700E+08  0.178E-09  0.720E+08  0.889E-08
  0.740E+08  0.765E-07  0.760E+08  0.480E-06  0.780E+08  0.231E-05
  0.800E+08  0.569E-05  0.820E+08  0.162E-04  0.840E+08  0.388E-04
  0.860E+08  0.808E-04  0.880E+08  0.145E-03  0.900E+08  0.234E-03
  0.920E+08  0.358E-03  0.940E+08  0.501E-03  0.960E+08  0.644E-03
  0.980E+08  0.809E-03  0.100E+09  0.993E-03
IN119
         228
           0
          17
  0.560E+08  0.000E+00  0.700E+08  0.363E-18  0.720E+08  0.212E-13
  0.740E+08  0.213E-11  0.760E+08  0.928E-10  0.780E+08  0.222E-08
  0.800E+08  0.152E-07  0.820E+08  0.123E-06  0.840E+08  0.685E-06
  0.860E+08  0.281E-05  0.880E+08  0.886E-05  0.900E+08  0.172E-04
  0.920E+08  0.419E-04  0.940E+08  0.882E-04  0.960E+08  0.159E-03
  0.980E+08  0.268E-03  0.100E+09  0.468E-03
IN118
         229
           0
          12
  0.644E+08  0.000E+00  0.800E+08  0.102E-16  0.820E+08  0.626E-14
  0.840E+08  0.622E-12  0.860E+08  0.221E-10  0.880E+08  0.477E-09
  0.900E+08  0.284E-08  0.920E+08  0.258E-07  0.940E+08  0.168E-06
  0.960E+08  0.769E-06  0.980E+08  0.272E-05  0.100E+09  0.951E-05
IN117
         230
           0
           9
  0.710E+08  0.000E+00  0.860E+08  0.709E-19  0.880E+08  0.138E-15
  0.900E+08  0.240E-14  0.920E+08  0.216E-12  0.940E+08  0.764E-11
  0.960E+08  0.164E-09  0.980E+08  0.183E-08  0.100E+09  0.150E-07
IN116
         231
           0
           5
  0.798E+08  0.000E+00  0.940E+08  0.171E-25  0.960E+08  0.606E-20
  0.980E+08  0.418E-17  0.100E+09  0.142E-15
CD127
         254
           0
          25
  0.390E+08  0.000E+00  0.540E+08  0.231E-27  0.560E+08  0.696E-24
  0.580E+08  0.958E-22  0.600E+08  0.428E-20  0.620E+08  0.900E-19
  0.640E+08  0.100E-17  0.660E+08  0.777E-17  0.680E+08  0.332E-16
  0.700E+08  0.871E-16  0.720E+08  0.208E-15  0.740E+08  0.516E-15
  0.760E+08  0.110E-14  0.780E+08  0.206E-14  0.800E+08  0.261E-14
  0.820E+08  0.337E-14  0.840E+08  0.406E-14  0.860E+08  0.499E-14
  0.880E+08  0.589E-14  0.900E+08  0.633E-14  0.920E+08  0.720E-14
  0.940E+08  0.604E-14  0.960E+08  0.614E-14  0.980E+08  0.717E-14
  0.100E+09  0.705E-14
CD126
         255
           0
          23
  0.415E+08  0.000E+00  0.580E+08  0.215E-26  0.600E+08  0.797E-23
  0.620E+08  0.174E-20  0.640E+08  0.868E-19  0.660E+08  0.198E-17
  0.680E+08  0.147E-16  0.700E+08  0.728E-16  0.720E+08  0.316E-15
  0.740E+08  0.155E-14  0.760E+08  0.612E-14  0.780E+08  0.198E-13
  0.800E+08  0.400E-13  0.820E+08  0.861E-13  0.840E+08  0.155E-12
  0.860E+08  0.279E-12  0.880E+08  0.448E-12  0.900E+08  0.628E-12
  0.920E+08  0.864E-12  0.940E+08  0.916E-12  0.960E+08  0.102E-11
  0.980E+08  0.141E-11  0.100E+09  0.136E-11
CD125
         256
           0
          38
  0.217E+08  0.000E+00  0.390E+08  0.148E-21  0.400E+08  0.847E-20
  0.410E+08  0.148E-18  0.420E+08  0.157E-17  0.430E+08  0.110E-16
  0.440E+08  0.607E-16  0.450E+08  0.277E-15  0.460E+08  0.108E-14
  0.470E+08  0.364E-14  0.480E+08  0.113E-13  0.490E+08  0.501E-13
  0.500E+08  0.117E-12  0.520E+08  0.503E-12  0.540E+08  0.173E-11
  0.560E+08  0.396E-11  0.580E+08  0.600E-11  0.600E+08  0.949E-11
  0.620E+08  0.130E-10  0.640E+08  0.104E-10  0.660E+08  0.135E-10
  0.680E+08  0.221E-10  0.700E+08  0.440E-10  0.720E+08  0.772E-10
  0.740E+08  0.154E-09  0.760E+08  0.291E-09  0.780E+08  0.439E-09
  0.800E+08  0.587E-09  0.820E+08  0.708E-09  0.840E+08  0.661E-09
  0.860E+08  0.711E-09  0.880E+08  0.798E-09  0.900E+08  0.808E-09
  0.920E+08  0.823E-09  0.940E+08  0.819E-09  0.960E+08  0.823E-09
  0.980E+08  0.104E-08  0.100E+09  0.150E-08
CD124
         257
           0
          36
  0.255E+08  0.000E+00  0.410E+08  0.244E-25  0.420E+08  0.107E-22
  0.430E+08  0.555E-21  0.440E+08  0.392E-19  0.450E+08  0.116E-17
  0.460E+08  0.161E-16  0.470E+08  0.138E-15  0.480E+08  0.878E-15
  0.490E+08  0.564E-14  0.500E+08  0.228E-13  0.520E+08  0.248E-12
  0.540E+08  0.191E-11  0.560E+08  0.934E-11  0.580E+08  0.301E-10
  0.600E+08  0.964E-10  0.620E+08  0.251E-09  0.640E+08  0.491E-09
  0.660E+08  0.857E-09  0.680E+08  0.133E-08  0.700E+08  0.172E-08
  0.720E+08  0.195E-08  0.740E+08  0.229E-08  0.760E+08  0.276E-08
  0.780E+08  0.343E-08  0.800E+08  0.467E-08  0.820E+08  0.686E-08
  0.840E+08  0.942E-08  0.860E+08  0.150E-07  0.880E+08  0.248E-07
  0.900E+08  0.358E-07  0.920E+08  0.446E-07  0.940E+08  0.566E-07
  0.960E+08  0.674E-07  0.980E+08  0.783E-07  0.100E+09  0.855E-07
CD123
         258
           0
          52
  0.686E+07  0.000E+00  0.250E+08  0.112E-17  0.260E+08  0.577E-16
  0.270E+08  0.728E-15  0.280E+08  0.531E-14  0.290E+08  0.311E-13
  0.300E+08  0.149E-12  0.310E+08  0.609E-12  0.320E+08  0.224E-11
  0.330E+08  0.691E-11  0.340E+08  0.189E-10  0.350E+08  0.454E-10
  0.360E+08  0.993E-10  0.370E+08  0.195E-09  0.380E+08  0.346E-09
  0.390E+08  0.603E-09  0.400E+08  0.823E-09  0.410E+08  0.110E-08
  0.420E+08  0.137E-08  0.430E+08  0.160E-08  0.440E+08  0.205E-08
  0.450E+08  0.187E-08  0.460E+08  0.195E-08  0.470E+08  0.197E-08
  0.480E+08  0.196E-08  0.490E+08  0.248E-08  0.500E+08  0.240E-08
  0.520E+08  0.188E-08  0.540E+08  0.171E-08  0.560E+08  0.154E-08
  0.580E+08  0.152E-08  0.600E+08  0.144E-08  0.620E+08  0.144E-08
  0.640E+08  0.150E-08  0.660E+08  0.257E-08  0.680E+08  0.411E-08
  0.700E+08  0.662E-08  0.720E+08  0.101E-07  0.740E+08  0.129E-07
  0.760E+08  0.182E-07  0.780E+08  0.239E-07  0.800E+08  0.301E-07
  0.820E+08  0.341E-07  0.840E+08  0.347E-07  0.860E+08  0.371E-07
  0.880E+08  0.393E-07  0.900E+08  0.414E-07  0.920E+08  0.482E-07
  0.940E+08  0.679E-07  0.960E+08  0.101E-06  0.980E+08  0.134E-06
  0.100E+09  0.193E-06
CD122
         259
           0
          47
  0.117E+08  0.000E+00  0.300E+08  0.183E-16  0.310E+08  0.186E-14
  0.320E+08  0.346E-13  0.330E+08  0.198E-12  0.340E+08  0.119E-11
  0.350E+08  0.691E-11  0.360E+08  0.269E-10  0.370E+08  0.898E-10
  0.380E+08  0.262E-09  0.390E+08  0.733E-09  0.400E+08  0.146E-08
  0.410E+08  0.310E-08  0.420E+08  0.612E-08  0.430E+08  0.112E-07
  0.440E+08  0.191E-07  0.450E+08  0.281E-07  0.460E+08  0.434E-07
  0.470E+08  0.642E-07  0.480E+08  0.923E-07  0.490E+08  0.149E-06
  0.500E+08  0.191E-06  0.520E+08  0.252E-06  0.540E+08  0.312E-06
  0.560E+08  0.350E-06  0.580E+08  0.381E-06  0.600E+08  0.280E-06
  0.620E+08  0.261E-06  0.640E+08  0.213E-06  0.660E+08  0.188E-06
  0.680E+08  0.171E-06  0.700E+08  0.152E-06  0.720E+08  0.146E-06
  0.740E+08  0.119E-06  0.760E+08  0.118E-06  0.780E+08  0.125E-06
  0.800E+08  0.153E-06  0.820E+08  0.201E-06  0.840E+08  0.246E-06
  0.860E+08  0.313E-06  0.880E+08  0.372E-06  0.900E+08  0.417E-06
  0.920E+08  0.481E-06  0.940E+08  0.579E-06  0.960E+08  0.603E-06
  0.980E+08  0.628E-06  0.100E+09  0.632E-06
CD121
         260
           0
          40
  0.195E+08  0.000E+00  0.370E+08  0.104E-17  0.380E+08  0.182E-14
  0.390E+08  0.441E-13  0.400E+08  0.321E-12  0.410E+08  0.246E-11
  0.420E+08  0.148E-10  0.430E+08  0.678E-10  0.440E+08  0.234E-09
  0.450E+08  0.793E-09  0.460E+08  0.306E-08  0.470E+08  0.827E-08
  0.480E+08  0.175E-07  0.490E+08  0.341E-07  0.500E+08  0.696E-07
  0.520E+08  0.212E-06  0.540E+08  0.527E-06  0.560E+08  0.102E-05
  0.580E+08  0.173E-05  0.600E+08  0.229E-05  0.620E+08  0.277E-05
  0.640E+08  0.276E-05  0.660E+08  0.279E-05  0.680E+08  0.267E-05
  0.700E+08  0.248E-05  0.720E+08  0.237E-05  0.740E+08  0.194E-05
  0.760E+08  0.167E-05  0.780E+08  0.136E-05  0.800E+08  0.117E-05
  0.820E+08  0.103E-05  0.840E+08  0.931E-06  0.860E+08  0.921E-06
  0.880E+08  0.796E-06  0.900E+08  0.877E-06  0.920E+08  0.105E-05
  0.940E+08  0.117E-05  0.960E+08  0.135E-05  0.980E+08  0.153E-05
  0.100E+09  0.192E-05
CD120
         261
           0
          34
  0.246E+08  0.000E+00  0.430E+08  0.455E-17  0.440E+08  0.114E-14
  0.450E+08  0.309E-13  0.460E+08  0.531E-12  0.470E+08  0.422E-11
  0.480E+08  0.189E-10  0.490E+08  0.879E-10  0.500E+08  0.373E-09
  0.520E+08  0.458E-08  0.540E+08  0.232E-07  0.560E+08  0.129E-06
  0.580E+08  0.507E-06  0.600E+08  0.167E-05  0.620E+08  0.352E-05
  0.640E+08  0.605E-05  0.660E+08  0.986E-05  0.680E+08  0.145E-04
  0.700E+08  0.192E-04  0.720E+08  0.249E-04  0.740E+08  0.270E-04
  0.760E+08  0.283E-04  0.780E+08  0.281E-04  0.800E+08  0.276E-04
  0.820E+08  0.264E-04  0.840E+08  0.246E-04  0.860E+08  0.260E-04
  0.880E+08  0.209E-04  0.900E+08  0.182E-04  0.920E+08  0.132E-04
  0.940E+08  0.119E-04  0.960E+08  0.111E-04  0.980E+08  0.112E-04
  0.100E+09  0.109E-04
CD119
         262
           0
          26
  0.327E+08  0.000E+00  0.520E+08  0.152E-15  0.540E+08  0.240E-13
  0.560E+08  0.232E-11  0.580E+08  0.812E-10  0.600E+08  0.135E-08
  0.620E+08  0.121E-07  0.640E+08  0.856E-07  0.660E+08  0.432E-06
  0.680E+08  0.156E-05  0.700E+08  0.423E-05  0.720E+08  0.947E-05
  0.740E+08  0.162E-04  0.760E+08  0.251E-04  0.780E+08  0.341E-04
  0.800E+08  0.426E-04  0.820E+08  0.499E-04  0.840E+08  0.544E-04
  0.860E+08  0.563E-04  0.880E+08  0.525E-04  0.900E+08  0.486E-04
  0.920E+08  0.427E-04  0.940E+08  0.389E-04  0.960E+08  0.352E-04
  0.980E+08  0.324E-04  0.100E+09  0.289E-04
CD118
         263
           0
          23
  0.381E+08  0.000E+00  0.580E+08  0.259E-17  0.600E+08  0.555E-14
  0.620E+08  0.403E-12  0.640E+08  0.191E-10  0.660E+08  0.486E-09
  0.680E+08  0.662E-08  0.700E+08  0.564E-07  0.720E+08  0.340E-06
  0.740E+08  0.122E-05  0.760E+08  0.371E-05  0.780E+08  0.126E-04
  0.800E+08  0.246E-04  0.820E+08  0.433E-04  0.840E+08  0.679E-04
  0.860E+08  0.107E-03  0.880E+08  0.147E-03  0.900E+08  0.177E-03
  0.920E+08  0.203E-03  0.940E+08  0.226E-03  0.960E+08  0.242E-03
  0.980E+08  0.258E-03  0.100E+09  0.259E-03
CD117
         264
           0
          19
  0.465E+08  0.000E+00  0.660E+08  0.136E-19  0.680E+08  0.883E-16
  0.700E+08  0.191E-13  0.720E+08  0.467E-12  0.740E+08  0.141E-10
  0.760E+08  0.254E-09  0.780E+08  0.875E-08  0.800E+08  0.623E-07
  0.820E+08  0.325E-06  0.840E+08  0.128E-05  0.860E+08  0.459E-05
  0.880E+08  0.140E-04  0.900E+08  0.275E-04  0.920E+08  0.531E-04
  0.940E+08  0.864E-04  0.960E+08  0.124E-03  0.980E+08  0.173E-03
  0.100E+09  0.216E-03
CD116
         265
           0
          16
  0.523E+08  0.000E+00  0.720E+08  0.627E-20  0.740E+08  0.236E-16
  0.760E+08  0.373E-14  0.780E+08  0.146E-11  0.800E+08  0.369E-10
  0.820E+08  0.549E-09  0.840E+08  0.578E-08  0.860E+08  0.483E-07
  0.880E+08  0.384E-06  0.900E+08  0.104E-05  0.920E+08  0.404E-05
  0.940E+08  0.806E-05  0.960E+08  0.180E-04  0.980E+08  0.378E-04
  0.100E+09  0.654E-04
CD115
         266
           0
          11
  0.611E+08  0.000E+00  0.820E+08  0.209E-19  0.840E+08  0.126E-16
  0.860E+08  0.166E-14  0.880E+08  0.821E-12  0.900E+08  0.104E-10
  0.920E+08  0.256E-09  0.940E+08  0.243E-08  0.960E+08  0.169E-07
  0.980E+08  0.956E-07  0.100E+09  0.336E-06
CD114
         267
           0
           8
  0.673E+08  0.000E+00  0.880E+08  0.589E-19  0.900E+08  0.102E-16
  0.920E+08  0.247E-14  0.940E+08  0.416E-13  0.960E+08  0.136E-11
  0.980E+08  0.262E-10  0.100E+09  0.196E-09
CD113
         268
           0
           4
  0.764E+08  0.000E+00  0.960E+08  0.272E-25  0.980E+08  0.882E-21
  0.100E+09  0.641E-19
AG126
         275
           0
          15
  0.539E+08  0.000E+00  0.740E+08  0.172E-32  0.760E+08  0.368E-29
  0.780E+08  0.755E-27  0.800E+08  0.893E-26  0.820E+08  0.343E-24
  0.840E+08  0.763E-23  0.860E+08  0.101E-21  0.880E+08  0.898E-21
  0.900E+08  0.537E-20  0.920E+08  0.253E-19  0.940E+08  0.664E-19
  0.960E+08  0.179E-18  0.980E+08  0.459E-18  0.100E+09  0.102E-17
AG125
         276
           0
          14
  0.559E+08  0.000E+00  0.760E+08  0.145E-33  0.780E+08  0.392E-30
  0.800E+08  0.125E-27  0.820E+08  0.272E-25  0.840E+08  0.915E-24
  0.860E+08  0.257E-22  0.880E+08  0.428E-21  0.900E+08  0.437E-20
  0.920E+08  0.360E-19  0.940E+08  0.193E-18  0.960E+08  0.891E-18
  0.980E+08  0.360E-17  0.100E+09  0.139E-16
AG124
         277
           0
          24
  0.358E+08  0.000E+00  0.560E+08  0.352E-27  0.580E+08  0.386E-24
  0.600E+08  0.519E-22  0.620E+08  0.241E-20  0.640E+08  0.778E-19
  0.660E+08  0.103E-17  0.680E+08  0.664E-17  0.700E+08  0.289E-16
  0.720E+08  0.974E-16  0.740E+08  0.382E-15  0.760E+08  0.136E-14
  0.780E+08  0.339E-14  0.800E+08  0.675E-14  0.820E+08  0.978E-14
  0.840E+08  0.136E-13  0.860E+08  0.208E-13  0.880E+08  0.267E-13
  0.900E+08  0.308E-13  0.920E+08  0.348E-13  0.940E+08  0.487E-13
  0.960E+08  0.497E-13  0.980E+08  0.520E-13  0.100E+09  0.586E-13
AG123
         278
           0
          22
  0.382E+08  0.000E+00  0.600E+08  0.155E-26  0.620E+08  0.552E-23
  0.640E+08  0.146E-20  0.660E+08  0.716E-19  0.680E+08  0.141E-17
  0.700E+08  0.113E-16  0.720E+08  0.688E-16  0.740E+08  0.525E-15
  0.760E+08  0.250E-14  0.780E+08  0.115E-13  0.800E+08  0.395E-13
  0.820E+08  0.108E-12  0.840E+08  0.250E-12  0.860E+08  0.598E-12
  0.880E+08  0.114E-11  0.900E+08  0.184E-11  0.920E+08  0.278E-11
  0.940E+08  0.397E-11  0.960E+08  0.502E-11  0.980E+08  0.592E-11
  0.100E+09  0.741E-11
AG122
         279
           0
          36
  0.195E+08  0.000E+00  0.410E+08  0.420E-24  0.420E+08  0.890E-22
  0.430E+08  0.281E-20  0.440E+08  0.400E-19  0.450E+08  0.306E-18
  0.460E+08  0.215E-17  0.470E+08  0.113E-16  0.480E+08  0.584E-16
  0.490E+08  0.324E-15  0.500E+08  0.111E-14  0.520E+08  0.876E-14
  0.540E+08  0.765E-13  0.560E+08  0.316E-12  0.580E+08  0.990E-12
  0.600E+08  0.237E-11  0.620E+08  0.434E-11  0.640E+08  0.757E-11
  0.660E+08  0.104E-10  0.680E+08  0.131E-10  0.700E+08  0.214E-10
  0.720E+08  0.235E-10  0.740E+08  0.234E-10  0.760E+08  0.229E-10
  0.780E+08  0.190E-10  0.800E+08  0.199E-10  0.820E+08  0.196E-10
  0.840E+08  0.199E-10  0.860E+08  0.223E-10  0.880E+08  0.255E-10
  0.900E+08  0.282E-10  0.920E+08  0.388E-10  0.940E+08  0.549E-10
  0.960E+08  0.609E-10  0.980E+08  0.828E-10  0.100E+09  0.114E-09
AG121
         280
           0
          32
  0.230E+08  0.000E+00  0.450E+08  0.109E-23  0.460E+08  0.866E-22
  0.470E+08  0.733E-20  0.480E+08  0.186E-18  0.490E+08  0.518E-17
  0.500E+08  0.375E-16  0.520E+08  0.992E-15  0.540E+08  0.263E-13
  0.560E+08  0.238E-12  0.580E+08  0.154E-11  0.600E+08  0.763E-11
  0.620E+08  0.283E-10  0.640E+08  0.725E-10  0.660E+08  0.190E-09
  0.680E+08  0.422E-09  0.700E+08  0.753E-09  0.720E+08  0.117E-08
  0.740E+08  0.159E-08  0.760E+08  0.194E-08  0.780E+08  0.252E-08
  0.800E+08  0.301E-08  0.820E+08  0.312E-08  0.840E+08  0.320E-08
  0.860E+08  0.331E-08  0.880E+08  0.323E-08  0.900E+08  0.277E-08
  0.920E+08  0.272E-08  0.940E+08  0.346E-08  0.960E+08  0.281E-08
  0.980E+08  0.286E-08  0.100E+09  0.305E-08
AG120
         281
           0
          26
  0.297E+08  0.000E+00  0.520E+08  0.466E-21  0.540E+08  0.419E-18
  0.560E+08  0.498E-16  0.580E+08  0.226E-14  0.600E+08  0.540E-13
  0.620E+08  0.110E-11  0.640E+08  0.631E-11  0.660E+08  0.411E-10
  0.680E+08  0.187E-09  0.700E+08  0.635E-09  0.720E+08  0.161E-08
  0.740E+08  0.350E-08  0.760E+08  0.631E-08  0.780E+08  0.965E-08
  0.800E+08  0.154E-07  0.820E+08  0.206E-07  0.840E+08  0.260E-07
  0.860E+08  0.321E-07  0.880E+08  0.351E-07  0.900E+08  0.337E-07
  0.920E+08  0.340E-07  0.940E+08  0.405E-07  0.960E+08  0.348E-07
  0.980E+08  0.340E-07  0.100E+09  0.328E-07
AG119
         282
           0
          23
  0.353E+08  0.000E+00  0.580E+08  0.631E-20  0.600E+08  0.337E-17
  0.620E+08  0.525E-15  0.640E+08  0.749E-14  0.660E+08  0.226E-12
  0.680E+08  0.269E-11  0.700E+08  0.338E-10  0.720E+08  0.177E-09
  0.740E+08  0.711E-09  0.760E+08  0.226E-08  0.780E+08  0.651E-08
  0.800E+08  0.161E-07  0.820E+08  0.329E-07  0.840E+08  0.628E-07
  0.860E+08  0.115E-06  0.880E+08  0.172E-06  0.900E+08  0.241E-06
  0.920E+08  0.336E-06  0.940E+08  0.438E-06  0.960E+08  0.498E-06
  0.980E+08  0.571E-06  0.100E+09  0.624E-06
AG118
         283
           0
          20
  0.422E+08  0.000E+00  0.640E+08  0.101E-22  0.660E+08  0.178E-18
  0.680E+08  0.303E-16  0.700E+08  0.494E-14  0.720E+08  0.138E-12
  0.740E+08  0.185E-11  0.760E+08  0.189E-10  0.780E+08  0.143E-09
  0.800E+08  0.687E-09  0.820E+08  0.282E-08  0.840E+08  0.990E-08
  0.860E+08  0.324E-07  0.880E+08  0.748E-07  0.900E+08  0.133E-06
  0.920E+08  0.220E-06  0.940E+08  0.358E-06  0.960E+08  0.561E-06
  0.980E+08  0.881E-06  0.100E+09  0.122E-05
AG117
         284
           0
          17
  0.477E+08  0.000E+00  0.700E+08  0.760E-22  0.720E+08  0.180E-18
  0.740E+08  0.291E-16  0.760E+08  0.200E-14  0.780E+08  0.721E-13
  0.800E+08  0.105E-11  0.820E+08  0.132E-10  0.840E+08  0.194E-09
  0.860E+08  0.141E-08  0.880E+08  0.571E-08  0.900E+08  0.152E-07
  0.920E+08  0.463E-07  0.940E+08  0.109E-06  0.960E+08  0.248E-06
  0.980E+08  0.447E-06  0.100E+09  0.884E-06
AG116
         285
           0
          13
  0.553E+08  0.000E+00  0.780E+08  0.451E-23  0.800E+08  0.901E-20
  0.820E+08  0.325E-17  0.840E+08  0.318E-15  0.860E+08  0.192E-13
  0.880E+08  0.403E-12  0.900E+08  0.706E-11  0.920E+08  0.738E-10
  0.940E+08  0.488E-09  0.960E+08  0.258E-08  0.980E+08  0.109E-07
  0.100E+09  0.417E-07
AG115
         286
           0
          10
  0.612E+08  0.000E+00  0.840E+08  0.208E-23  0.860E+08  0.113E-19
  0.880E+08  0.251E-17  0.900E+08  0.278E-15  0.920E+08  0.122E-13
  0.940E+08  0.270E-12  0.960E+08  0.396E-11  0.980E+08  0.397E-10
  0.100E+09  0.345E-09
AG114
         287
           0
           6
  0.693E+08  0.000E+00  0.920E+08  0.782E-25  0.940E+08  0.236E-21
  0.960E+08  0.729E-19  0.980E+08  0.832E-17  0.100E+09  0.371E-15
AG113
         288
           0
           3
  0.754E+08  0.000E+00  0.980E+08  0.424E-26  0.100E+09  0.470E-23
PD125
         467
           0
           6
  0.674E+08  0.000E+00  0.920E+08  0.986E-39  0.940E+08  0.440E-36
  0.960E+08  0.147E-33  0.980E+08  0.166E-31  0.100E+09  0.193E-29
PD124
         468
           0
           5
  0.691E+08  0.000E+00  0.940E+08  0.117E-38  0.960E+08  0.128E-35
  0.980E+08  0.423E-33  0.100E+09  0.111E-30
PD123
         469
           0
          15
  0.486E+08  0.000E+00  0.740E+08  0.622E-33  0.760E+08  0.674E-30
  0.780E+08  0.110E-27  0.800E+08  0.456E-26  0.820E+08  0.115E-24
  0.840E+08  0.222E-23  0.860E+08  0.343E-22  0.880E+08  0.342E-21
  0.900E+08  0.257E-20  0.920E+08  0.137E-19  0.940E+08  0.351E-19
  0.960E+08  0.150E-18  0.980E+08  0.380E-18  0.100E+09  0.733E-18
PD122
         470
           0
          14
  0.507E+08  0.000E+00  0.760E+08  0.833E-34  0.780E+08  0.107E-30
  0.800E+08  0.295E-28  0.820E+08  0.496E-26  0.840E+08  0.184E-24
  0.860E+08  0.646E-23  0.880E+08  0.133E-21  0.900E+08  0.190E-20
  0.920E+08  0.191E-19  0.940E+08  0.901E-19  0.960E+08  0.454E-18
  0.980E+08  0.183E-17  0.100E+09  0.808E-17
PD121
         471
           0
          24
  0.305E+08  0.000E+00  0.560E+08  0.607E-30  0.580E+08  0.208E-26
  0.600E+08  0.454E-24  0.620E+08  0.293E-22  0.640E+08  0.139E-20
  0.660E+08  0.197E-19  0.680E+08  0.236E-18  0.700E+08  0.155E-17
  0.720E+08  0.716E-17  0.740E+08  0.385E-16  0.760E+08  0.141E-15
  0.780E+08  0.378E-15  0.800E+08  0.102E-14  0.820E+08  0.226E-14
  0.840E+08  0.391E-14  0.860E+08  0.693E-14  0.880E+08  0.979E-14
  0.900E+08  0.119E-13  0.920E+08  0.120E-13  0.940E+08  0.140E-13
  0.960E+08  0.153E-13  0.980E+08  0.959E-14  0.100E+09  0.112E-13
PD120
         472
           0
          22
  0.339E+08  0.000E+00  0.600E+08  0.527E-29  0.620E+08  0.457E-25
  0.640E+08  0.305E-22  0.660E+08  0.856E-21  0.680E+08  0.285E-19
  0.700E+08  0.346E-18  0.720E+08  0.282E-17  0.740E+08  0.302E-16
  0.760E+08  0.205E-15  0.780E+08  0.110E-14  0.800E+08  0.536E-14
  0.820E+08  0.216E-13  0.840E+08  0.667E-13  0.860E+08  0.214E-12
  0.880E+08  0.501E-12  0.900E+08  0.964E-12  0.920E+08  0.151E-11
  0.940E+08  0.241E-11  0.960E+08  0.358E-11  0.980E+08  0.380E-11
  0.100E+09  0.491E-11
PD119
         473
           0
          35
  0.149E+08  0.000E+00  0.420E+08  0.524E-25  0.430E+08  0.251E-23
  0.440E+08  0.266E-22  0.450E+08  0.290E-21  0.460E+08  0.281E-20
  0.470E+08  0.196E-19  0.480E+08  0.115E-18  0.490E+08  0.527E-18
  0.500E+08  0.235E-17  0.520E+08  0.321E-16  0.540E+08  0.358E-15
  0.560E+08  0.216E-14  0.580E+08  0.121E-13  0.600E+08  0.475E-13
  0.620E+08  0.139E-12  0.640E+08  0.290E-12  0.660E+08  0.553E-12
  0.680E+08  0.804E-12  0.700E+08  0.860E-12  0.720E+08  0.103E-11
  0.740E+08  0.103E-11  0.760E+08  0.609E-12  0.780E+08  0.568E-12
  0.800E+08  0.632E-12  0.820E+08  0.586E-12  0.840E+08  0.693E-12
  0.860E+08  0.105E-11  0.880E+08  0.168E-11  0.900E+08  0.306E-11
  0.920E+08  0.597E-11  0.940E+08  0.112E-10  0.960E+08  0.204E-10
  0.980E+08  0.317E-10  0.100E+09  0.493E-10
PD118
         474
           0
          31
  0.194E+08  0.000E+00  0.460E+08  0.372E-29  0.470E+08  0.498E-23
  0.480E+08  0.233E-21  0.490E+08  0.249E-20  0.500E+08  0.285E-19
  0.520E+08  0.837E-18  0.540E+08  0.304E-16  0.560E+08  0.502E-15
  0.580E+08  0.644E-14  0.600E+08  0.544E-13  0.620E+08  0.337E-12
  0.640E+08  0.149E-11  0.660E+08  0.591E-11  0.680E+08  0.177E-10
  0.700E+08  0.388E-10  0.720E+08  0.829E-10  0.740E+08  0.136E-09
  0.760E+08  0.172E-09  0.780E+08  0.261E-09  0.800E+08  0.331E-09
  0.820E+08  0.336E-09  0.840E+08  0.355E-09  0.860E+08  0.376E-09
  0.880E+08  0.378E-09  0.900E+08  0.365E-09  0.920E+08  0.348E-09
  0.940E+08  0.339E-09  0.960E+08  0.315E-09  0.980E+08  0.349E-09
  0.100E+09  0.406E-09
PD117
         475
           0
          25
  0.268E+08  0.000E+00  0.540E+08  0.169E-22  0.560E+08  0.199E-19
  0.580E+08  0.242E-17  0.600E+08  0.133E-15  0.620E+08  0.169E-14
  0.640E+08  0.282E-13  0.660E+08  0.337E-12  0.680E+08  0.265E-11
  0.700E+08  0.135E-10  0.720E+08  0.582E-10  0.740E+08  0.176E-09
  0.760E+08  0.455E-09  0.780E+08  0.892E-09  0.800E+08  0.164E-08
  0.820E+08  0.235E-08  0.840E+08  0.322E-08  0.860E+08  0.437E-08
  0.880E+08  0.596E-08  0.900E+08  0.644E-08  0.920E+08  0.655E-08
  0.940E+08  0.658E-08  0.960E+08  0.594E-08  0.980E+08  0.582E-08
  0.100E+09  0.538E-08
PD116
         476
           0
          22
  0.309E+08  0.000E+00  0.600E+08  0.947E-21  0.620E+08  0.137E-18
  0.640E+08  0.128E-16  0.660E+08  0.557E-15  0.680E+08  0.142E-13
  0.700E+08  0.210E-12  0.720E+08  0.229E-11  0.740E+08  0.157E-10
  0.760E+08  0.101E-09  0.780E+08  0.321E-09  0.800E+08  0.105E-08
  0.820E+08  0.267E-08  0.840E+08  0.603E-08  0.860E+08  0.144E-07
  0.880E+08  0.245E-07  0.900E+08  0.386E-07  0.920E+08  0.539E-07
  0.940E+08  0.739E-07  0.960E+08  0.891E-07  0.980E+08  0.110E-06
  0.100E+09  0.123E-06
PD115
         477
           0
          19
  0.386E+08  0.000E+00  0.660E+08  0.102E-23  0.680E+08  0.479E-20
  0.700E+08  0.103E-17  0.720E+08  0.786E-16  0.740E+08  0.250E-14
  0.760E+08  0.756E-13  0.780E+08  0.417E-12  0.800E+08  0.456E-11
  0.820E+08  0.229E-10  0.840E+08  0.143E-09  0.860E+08  0.953E-09
  0.880E+08  0.274E-08  0.900E+08  0.797E-08  0.920E+08  0.184E-07
  0.940E+08  0.389E-07  0.960E+08  0.691E-07  0.980E+08  0.117E-06
  0.100E+09  0.186E-06
PD114
         478
           0
          16
  0.437E+08  0.000E+00  0.720E+08  0.369E-24  0.740E+08  0.688E-20
  0.760E+08  0.157E-17  0.780E+08  0.454E-16  0.800E+08  0.160E-14
  0.820E+08  0.375E-13  0.840E+08  0.578E-12  0.860E+08  0.965E-11
  0.880E+08  0.551E-10  0.900E+08  0.322E-09  0.920E+08  0.143E-08
  0.940E+08  0.529E-08  0.960E+08  0.155E-07  0.980E+08  0.413E-07
  0.100E+09  0.766E-07
PD113
         479
           0
          12
  0.517E+08  0.000E+00  0.800E+08  0.597E-25  0.820E+08  0.166E-21
  0.840E+08  0.382E-19  0.860E+08  0.382E-17  0.880E+08  0.168E-15
  0.900E+08  0.468E-14  0.920E+08  0.126E-12  0.940E+08  0.336E-11
  0.960E+08  0.242E-10  0.980E+08  0.170E-09  0.100E+09  0.787E-09
PD112
         480
           0
           9
  0.572E+08  0.000E+00  0.860E+08  0.117E-25  0.880E+08  0.745E-22
  0.900E+08  0.183E-19  0.920E+08  0.397E-17  0.940E+08  0.377E-15
  0.960E+08  0.696E-14  0.980E+08  0.127E-12  0.100E+09  0.115E-11
PD111
         481
           0
           5
  0.656E+08  0.000E+00  0.940E+08  0.138E-27  0.960E+08  0.610E-24
  0.980E+08  0.285E-21  0.100E+09  0.109E-19
PD110
         482
           0
           2
  0.714E+08  0.000E+00  0.100E+09  0.105E-29
RH122
         575
           0
           5
  0.641E+08  0.000E+00  0.940E+08  0.591E-39  0.960E+08  0.115E-35
  0.980E+08  0.213E-33  0.100E+09  0.822E-31
RH121
         576
           0
           5
  0.658E+08  0.000E+00  0.940E+08  0.589E-40  0.960E+08  0.427E-37
  0.980E+08  0.218E-34  0.100E+09  0.377E-32
RH120
         577
           0
          14
  0.453E+08  0.000E+00  0.760E+08  0.832E-33  0.780E+08  0.462E-30
  0.800E+08  0.456E-28  0.820E+08  0.257E-26  0.840E+08  0.803E-25
  0.860E+08  0.137E-23  0.880E+08  0.226E-22  0.900E+08  0.266E-21
  0.920E+08  0.225E-20  0.940E+08  0.118E-19  0.960E+08  0.636E-19
  0.980E+08  0.202E-18  0.100E+09  0.688E-18
RH119
         578
           0
          14
  0.473E+08  0.000E+00  0.760E+08  0.423E-38  0.780E+08  0.128E-33
  0.800E+08  0.389E-31  0.820E+08  0.233E-28  0.840E+08  0.177E-26
  0.860E+08  0.101E-24  0.880E+08  0.341E-23  0.900E+08  0.767E-22
  0.920E+08  0.124E-20  0.940E+08  0.103E-19  0.960E+08  0.930E-19
  0.980E+08  0.532E-18  0.100E+09  0.298E-17
RH118
         579
           0
          23
  0.282E+08  0.000E+00  0.580E+08  0.879E-31  0.600E+08  0.297E-27
  0.620E+08  0.554E-25  0.640E+08  0.108E-23  0.660E+08  0.432E-22
  0.680E+08  0.110E-20  0.700E+08  0.194E-19  0.720E+08  0.159E-18
  0.740E+08  0.130E-17  0.760E+08  0.759E-17  0.780E+08  0.331E-16
  0.800E+08  0.153E-15  0.820E+08  0.525E-15  0.840E+08  0.103E-14
  0.860E+08  0.246E-14  0.880E+08  0.422E-14  0.900E+08  0.501E-14
  0.920E+08  0.697E-14  0.940E+08  0.884E-14  0.960E+08  0.104E-13
  0.980E+08  0.117E-13  0.100E+09  0.128E-13
RH117
         580
           0
          21
  0.313E+08  0.000E+00  0.620E+08  0.116E-30  0.640E+08  0.206E-27
  0.660E+08  0.123E-24  0.680E+08  0.145E-22  0.700E+08  0.778E-21
  0.720E+08  0.132E-19  0.740E+08  0.233E-18  0.760E+08  0.243E-17
  0.780E+08  0.220E-16  0.800E+08  0.185E-15  0.820E+08  0.116E-14
  0.840E+08  0.598E-14  0.860E+08  0.290E-13  0.880E+08  0.901E-13
  0.900E+08  0.201E-12  0.920E+08  0.463E-12  0.940E+08  0.915E-12
  0.960E+08  0.169E-11  0.980E+08  0.262E-11  0.100E+09  0.454E-11
RH116
         581
           0
          18
  0.376E+08  0.000E+00  0.680E+08  0.112E-29  0.700E+08  0.564E-26
  0.720E+08  0.166E-23  0.740E+08  0.112E-21  0.760E+08  0.485E-20
  0.780E+08  0.138E-18  0.800E+08  0.191E-17  0.820E+08  0.243E-16
  0.840E+08  0.333E-15  0.860E+08  0.387E-14  0.880E+08  0.229E-13
  0.900E+08  0.997E-13  0.920E+08  0.388E-12  0.940E+08  0.119E-11
  0.960E+08  0.360E-11  0.980E+08  0.818E-11  0.100E+09  0.153E-10
RH115
         582
           0
          16
  0.427E+08  0.000E+00  0.720E+08  0.154E-33  0.740E+08  0.412E-27
  0.760E+08  0.382E-24  0.780E+08  0.699E-22  0.800E+08  0.262E-20
  0.820E+08  0.936E-19  0.840E+08  0.256E-17  0.860E+08  0.414E-16
  0.880E+08  0.451E-15  0.900E+08  0.416E-14  0.920E+08  0.435E-13
  0.940E+08  0.208E-12  0.960E+08  0.104E-11  0.980E+08  0.390E-11
  0.100E+09  0.126E-10
RH114
         583
           0
          12
  0.485E+08  0.000E+00  0.800E+08  0.226E-29  0.820E+08  0.174E-25
  0.840E+08  0.781E-23  0.860E+08  0.159E-20  0.880E+08  0.667E-19
  0.900E+08  0.208E-17  0.920E+08  0.872E-16  0.940E+08  0.936E-15
  0.960E+08  0.987E-14  0.980E+08  0.803E-13  0.100E+09  0.570E-12
RH113
         584
           0
           9
  0.538E+08  0.000E+00  0.860E+08  0.177E-27  0.880E+08  0.187E-24
  0.900E+08  0.276E-22  0.920E+08  0.660E-20  0.940E+08  0.252E-18
  0.960E+08  0.739E-17  0.980E+08  0.148E-15  0.100E+09  0.260E-14
RH112
         585
           0
           6
  0.608E+08  0.000E+00  0.920E+08  0.131E-29  0.940E+08  0.472E-26
  0.960E+08  0.101E-23  0.980E+08  0.130E-21  0.100E+09  0.811E-20
RH111
         586
           0
           3
  0.663E+08  0.000E+00  0.980E+08  0.101E-29  0.100E+09  0.777E-27
RU119
         875
           0
           6
  0.587E+08  0.000E+00  0.920E+08  0.369E-42  0.940E+08  0.581E-39
  0.960E+08  0.296E-36  0.980E+08  0.387E-34  0.100E+09  0.466E-32
RU118
         876
           0
           5
  0.603E+08  0.000E+00  0.940E+08  0.185E-41  0.960E+08  0.497E-38
  0.980E+08  0.188E-35  0.100E+09  0.227E-33
RU117
         877
           0
          14
  0.398E+08  0.000E+00  0.760E+08  0.652E-35  0.780E+08  0.332E-32
  0.800E+08  0.260E-30  0.820E+08  0.199E-28  0.840E+08  0.872E-27
  0.860E+08  0.313E-25  0.880E+08  0.614E-24  0.900E+08  0.805E-23
  0.920E+08  0.691E-22  0.940E+08  0.544E-21  0.960E+08  0.422E-20
  0.980E+08  0.203E-19  0.100E+09  0.770E-19
RU116
         878
           0
          14
  0.428E+08  0.000E+00  0.760E+08  0.537E-40  0.780E+08  0.179E-36
  0.800E+08  0.678E-33  0.820E+08  0.172E-30  0.840E+08  0.226E-28
  0.860E+08  0.203E-26  0.880E+08  0.863E-25  0.900E+08  0.224E-23
  0.920E+08  0.380E-22  0.940E+08  0.509E-21  0.960E+08  0.695E-20
  0.980E+08  0.591E-19  0.100E+09  0.387E-18
RU115
         879
           0
          22
  0.232E+08  0.000E+00  0.600E+08  0.540E-32  0.620E+08  0.448E-29
  0.640E+08  0.676E-27  0.660E+08  0.535E-25  0.680E+08  0.199E-23
  0.700E+08  0.438E-22  0.720E+08  0.744E-21  0.740E+08  0.756E-20
  0.760E+08  0.101E-18  0.780E+08  0.603E-18  0.800E+08  0.333E-17
  0.820E+08  0.116E-16  0.840E+08  0.339E-16  0.860E+08  0.101E-15
  0.880E+08  0.160E-15  0.900E+08  0.261E-15  0.920E+08  0.411E-15
  0.940E+08  0.537E-15  0.960E+08  0.612E-15  0.980E+08  0.732E-15
  0.100E+09  0.819E-15
RU114
         880
           0
          20
  0.270E+08  0.000E+00  0.640E+08  0.295E-30  0.660E+08  0.331E-27
  0.680E+08  0.521E-25  0.700E+08  0.323E-23  0.720E+08  0.126E-21
  0.740E+08  0.190E-20  0.760E+08  0.605E-19  0.780E+08  0.649E-18
  0.800E+08  0.667E-17  0.820E+08  0.451E-16  0.840E+08  0.260E-15
  0.860E+08  0.182E-14  0.880E+08  0.635E-14  0.900E+08  0.199E-13
  0.920E+08  0.509E-13  0.940E+08  0.115E-12  0.960E+08  0.212E-12
  0.980E+08  0.275E-12  0.100E+09  0.403E-12
RU113
         881
           0
          17
  0.338E+08  0.000E+00  0.700E+08  0.520E-30  0.720E+08  0.284E-26
  0.740E+08  0.572E-24  0.760E+08  0.864E-22  0.780E+08  0.239E-20
  0.800E+08  0.712E-19  0.820E+08  0.141E-17  0.840E+08  0.200E-16
  0.860E+08  0.353E-15  0.880E+08  0.267E-14  0.900E+08  0.152E-13
  0.920E+08  0.633E-13  0.940E+08  0.239E-12  0.960E+08  0.717E-12
  0.980E+08  0.189E-11  0.100E+09  0.404E-11
RU112
         882
           0
          15
  0.373E+08  0.000E+00  0.740E+08  0.147E-29  0.760E+08  0.939E-26
  0.780E+08  0.510E-24  0.800E+08  0.576E-22  0.820E+08  0.344E-20
  0.840E+08  0.120E-18  0.860E+08  0.507E-17  0.880E+08  0.778E-16
  0.900E+08  0.870E-15  0.920E+08  0.443E-14  0.940E+08  0.313E-13
  0.960E+08  0.168E-12  0.980E+08  0.926E-12  0.100E+09  0.313E-11
RU111
         883
           0
          12
  0.444E+08  0.000E+00  0.800E+08  0.654E-32  0.820E+08  0.417E-27
  0.840E+08  0.235E-24  0.860E+08  0.548E-22  0.880E+08  0.269E-20
  0.900E+08  0.106E-18  0.920E+08  0.137E-17  0.940E+08  0.259E-16
  0.960E+08  0.351E-15  0.980E+08  0.502E-14  0.100E+09  0.356E-13
RU110
         884
           0
           9
  0.494E+08  0.000E+00  0.860E+08  0.308E-30  0.880E+08  0.133E-26
  0.900E+08  0.487E-24  0.920E+08  0.771E-22  0.940E+08  0.422E-20
  0.960E+08  0.110E-18  0.980E+08  0.299E-17  0.100E+09  0.402E-16
RU109
         885
           0
           5
  0.570E+08  0.000E+00  0.940E+08  0.644E-30  0.960E+08  0.428E-27
  0.980E+08  0.165E-24  0.100E+09  0.884E-23
RU108
         886
           0
           2
  0.623E+08  0.000E+00  0.100E+09  0.252E-31
