         121
I128 
          16
           0
          73
  0.891E+07  0.000E+00  0.950E+07  0.257E-01  0.100E+08  0.211E+00
  0.105E+08  0.519E+00  0.110E+08  0.838E+00  0.115E+08  0.111E+01
  0.120E+08  0.133E+01  0.125E+08  0.149E+01  0.130E+08  0.165E+01
  0.135E+08  0.173E+01  0.140E+08  0.178E+01  0.145E+08  0.182E+01
  0.150E+08  0.185E+01  0.160E+08  0.185E+01  0.170E+08  0.185E+01
  0.180E+08  0.167E+01  0.190E+08  0.136E+01  0.200E+08  0.102E+01
  0.210E+08  0.683E+00  0.220E+08  0.506E+00  0.230E+08  0.395E+00
  0.240E+08  0.323E+00  0.250E+08  0.277E+00  0.260E+08  0.240E+00
  0.270E+08  0.222E+00  0.280E+08  0.206E+00  0.290E+08  0.193E+00
  0.300E+08  0.182E+00  0.310E+08  0.174E+00  0.320E+08  0.170E+00
  0.330E+08  0.167E+00  0.340E+08  0.162E+00  0.350E+08  0.156E+00
  0.360E+08  0.152E+00  0.370E+08  0.147E+00  0.380E+08  0.143E+00
  0.390E+08  0.139E+00  0.400E+08  0.137E+00  0.410E+08  0.133E+00
  0.420E+08  0.130E+00  0.430E+08  0.127E+00  0.440E+08  0.125E+00
  0.450E+08  0.123E+00  0.460E+08  0.120E+00  0.470E+08  0.114E+00
  0.480E+08  0.110E+00  0.490E+08  0.104E+00  0.500E+08  0.102E+00
  0.520E+08  0.105E+00  0.540E+08  0.108E+00  0.560E+08  0.104E+00
  0.580E+08  0.100E+00  0.600E+08  0.968E-01  0.620E+08  0.935E-01
  0.640E+08  0.908E-01  0.660E+08  0.884E-01  0.680E+08  0.860E-01
  0.700E+08  0.833E-01  0.720E+08  0.814E-01  0.740E+08  0.790E-01
  0.760E+08  0.766E-01  0.780E+08  0.746E-01  0.800E+08  0.724E-01
  0.820E+08  0.698E-01  0.840E+08  0.678E-01  0.860E+08  0.646E-01
  0.880E+08  0.613E-01  0.900E+08  0.581E-01  0.920E+08  0.555E-01
  0.940E+08  0.529E-01  0.960E+08  0.515E-01  0.980E+08  0.505E-01
  0.100E+09  0.492E-01
I127 
          17
           0
          60
  0.158E+08  0.000E+00  0.170E+08  0.173E-01  0.180E+08  0.198E+00
  0.190E+08  0.514E+00  0.200E+08  0.835E+00  0.210E+08  0.115E+01
  0.220E+08  0.130E+01  0.230E+08  0.139E+01  0.240E+08  0.145E+01
  0.250E+08  0.147E+01  0.260E+08  0.150E+01  0.270E+08  0.149E+01
  0.280E+08  0.146E+01  0.290E+08  0.139E+01  0.300E+08  0.128E+01
  0.310E+08  0.118E+01  0.320E+08  0.103E+01  0.330E+08  0.906E+00
  0.340E+08  0.812E+00  0.350E+08  0.709E+00  0.360E+08  0.623E+00
  0.370E+08  0.551E+00  0.380E+08  0.492E+00  0.390E+08  0.462E+00
  0.400E+08  0.427E+00  0.410E+08  0.391E+00  0.420E+08  0.361E+00
  0.430E+08  0.336E+00  0.440E+08  0.298E+00  0.450E+08  0.281E+00
  0.460E+08  0.267E+00  0.470E+08  0.253E+00  0.480E+08  0.243E+00
  0.490E+08  0.225E+00  0.500E+08  0.217E+00  0.520E+08  0.196E+00
  0.540E+08  0.187E+00  0.560E+08  0.176E+00  0.580E+08  0.168E+00
  0.600E+08  0.162E+00  0.620E+08  0.156E+00  0.640E+08  0.149E+00
  0.660E+08  0.143E+00  0.680E+08  0.138E+00  0.700E+08  0.133E+00
  0.720E+08  0.130E+00  0.740E+08  0.126E+00  0.760E+08  0.122E+00
  0.780E+08  0.120E+00  0.800E+08  0.117E+00  0.820E+08  0.115E+00
  0.840E+08  0.113E+00  0.860E+08  0.111E+00  0.880E+08  0.108E+00
  0.900E+08  0.106E+00  0.920E+08  0.104E+00  0.940E+08  0.101E+00
  0.960E+08  0.984E-01  0.980E+08  0.998E-01  0.100E+09  0.974E-01
I126 
          37
           0
          51
  0.250E+08  0.000E+00  0.260E+08  0.196E-03  0.270E+08  0.589E-02
  0.280E+08  0.336E-01  0.290E+08  0.969E-01  0.300E+08  0.193E+00
  0.310E+08  0.278E+00  0.320E+08  0.396E+00  0.330E+08  0.508E+00
  0.340E+08  0.580E+00  0.350E+08  0.666E+00  0.360E+08  0.728E+00
  0.370E+08  0.762E+00  0.380E+08  0.778E+00  0.390E+08  0.742E+00
  0.400E+08  0.711E+00  0.410E+08  0.666E+00  0.420E+08  0.614E+00
  0.430E+08  0.559E+00  0.440E+08  0.505E+00  0.450E+08  0.455E+00
  0.460E+08  0.411E+00  0.470E+08  0.382E+00  0.480E+08  0.347E+00
  0.490E+08  0.286E+00  0.500E+08  0.263E+00  0.520E+08  0.226E+00
  0.540E+08  0.204E+00  0.560E+08  0.182E+00  0.580E+08  0.171E+00
  0.600E+08  0.161E+00  0.620E+08  0.149E+00  0.640E+08  0.138E+00
  0.660E+08  0.129E+00  0.680E+08  0.122E+00  0.700E+08  0.116E+00
  0.720E+08  0.109E+00  0.740E+08  0.104E+00  0.760E+08  0.998E-01
  0.780E+08  0.964E-01  0.800E+08  0.942E-01  0.820E+08  0.921E-01
  0.840E+08  0.899E-01  0.860E+08  0.877E-01  0.880E+08  0.850E-01
  0.900E+08  0.806E-01  0.920E+08  0.762E-01  0.940E+08  0.718E-01
  0.960E+08  0.680E-01  0.980E+08  0.641E-01  0.100E+09  0.624E-01
TE129
         103
           0
          82
  0.721E+06  0.000E+00  0.500E+07  0.404E-04  0.550E+07  0.115E-03
  0.600E+07  0.246E-03  0.650E+07  0.457E-03  0.700E+07  0.768E-03
  0.750E+07  0.111E-02  0.800E+07  0.169E-02  0.850E+07  0.245E-02
  0.900E+07  0.337E-02  0.950E+07  0.444E-02  0.100E+08  0.568E-02
  0.105E+08  0.659E-02  0.110E+08  0.750E-02  0.115E+08  0.939E-02
  0.120E+08  0.114E-01  0.125E+08  0.136E-01  0.130E+08  0.158E-01
  0.135E+08  0.179E-01  0.140E+08  0.200E-01  0.145E+08  0.210E-01
  0.150E+08  0.220E-01  0.160E+08  0.252E-01  0.170E+08  0.279E-01
  0.180E+08  0.303E-01  0.190E+08  0.309E-01  0.200E+08  0.319E-01
  0.210E+08  0.327E-01  0.220E+08  0.332E-01  0.230E+08  0.336E-01
  0.240E+08  0.342E-01  0.250E+08  0.349E-01  0.260E+08  0.349E-01
  0.270E+08  0.348E-01  0.280E+08  0.346E-01  0.290E+08  0.342E-01
  0.300E+08  0.337E-01  0.310E+08  0.334E-01  0.320E+08  0.330E-01
  0.330E+08  0.326E-01  0.340E+08  0.321E-01  0.350E+08  0.315E-01
  0.360E+08  0.310E-01  0.370E+08  0.302E-01  0.380E+08  0.295E-01
  0.390E+08  0.287E-01  0.400E+08  0.291E-01  0.410E+08  0.286E-01
  0.420E+08  0.281E-01  0.430E+08  0.276E-01  0.440E+08  0.271E-01
  0.450E+08  0.267E-01  0.460E+08  0.263E-01  0.470E+08  0.258E-01
  0.480E+08  0.254E-01  0.490E+08  0.250E-01  0.500E+08  0.246E-01
  0.520E+08  0.238E-01  0.540E+08  0.230E-01  0.560E+08  0.222E-01
  0.580E+08  0.215E-01  0.600E+08  0.208E-01  0.620E+08  0.201E-01
  0.640E+08  0.194E-01  0.660E+08  0.188E-01  0.680E+08  0.182E-01
  0.700E+08  0.181E-01  0.720E+08  0.180E-01  0.740E+08  0.180E-01
  0.760E+08  0.179E-01  0.780E+08  0.178E-01  0.800E+08  0.173E-01
  0.820E+08  0.169E-01  0.840E+08  0.164E-01  0.860E+08  0.159E-01
  0.880E+08  0.155E-01  0.900E+08  0.151E-01  0.920E+08  0.147E-01
  0.940E+08  0.143E-01  0.960E+08  0.139E-01  0.980E+08  0.139E-01
  0.100E+09  0.139E-01
SB128
         111
           0
          63
  0.105E+08  0.000E+00  0.145E+08  0.124E-03  0.150E+08  0.256E-03
  0.160E+08  0.334E-03  0.170E+08  0.487E-03  0.180E+08  0.662E-03
  0.190E+08  0.736E-03  0.200E+08  0.939E-03  0.210E+08  0.116E-02
  0.220E+08  0.140E-02  0.230E+08  0.166E-02  0.240E+08  0.179E-02
  0.250E+08  0.208E-02  0.260E+08  0.239E-02  0.270E+08  0.269E-02
  0.280E+08  0.301E-02  0.290E+08  0.319E-02  0.300E+08  0.354E-02
  0.310E+08  0.391E-02  0.320E+08  0.429E-02  0.330E+08  0.469E-02
  0.340E+08  0.509E-02  0.350E+08  0.534E-02  0.360E+08  0.573E-02
  0.370E+08  0.607E-02  0.380E+08  0.635E-02  0.390E+08  0.655E-02
  0.400E+08  0.669E-02  0.410E+08  0.677E-02  0.420E+08  0.674E-02
  0.430E+08  0.692E-02  0.440E+08  0.693E-02  0.450E+08  0.692E-02
  0.460E+08  0.691E-02  0.470E+08  0.689E-02  0.480E+08  0.687E-02
  0.490E+08  0.666E-02  0.500E+08  0.645E-02  0.520E+08  0.643E-02
  0.540E+08  0.661E-02  0.560E+08  0.659E-02  0.580E+08  0.654E-02
  0.600E+08  0.652E-02  0.620E+08  0.651E-02  0.640E+08  0.649E-02
  0.660E+08  0.647E-02  0.680E+08  0.645E-02  0.700E+08  0.643E-02
  0.720E+08  0.642E-02  0.740E+08  0.639E-02  0.760E+08  0.655E-02
  0.780E+08  0.622E-02  0.800E+08  0.620E-02  0.820E+08  0.617E-02
  0.840E+08  0.613E-02  0.860E+08  0.611E-02  0.880E+08  0.643E-02
  0.900E+08  0.640E-02  0.920E+08  0.637E-02  0.940E+08  0.633E-02
  0.960E+08  0.629E-02  0.980E+08  0.625E-02  0.100E+09  0.638E-02
I125 
         121
           0
          44
  0.322E+08  0.000E+00  0.330E+08  0.815E-06  0.340E+08  0.848E-04
  0.350E+08  0.162E-02  0.360E+08  0.919E-02  0.370E+08  0.290E-01
  0.380E+08  0.543E-01  0.390E+08  0.101E+00  0.400E+08  0.146E+00
  0.410E+08  0.209E+00  0.420E+08  0.275E+00  0.430E+08  0.338E+00
  0.440E+08  0.412E+00  0.450E+08  0.462E+00  0.460E+08  0.503E+00
  0.470E+08  0.533E+00  0.480E+08  0.560E+00  0.490E+08  0.621E+00
  0.500E+08  0.628E+00  0.520E+08  0.620E+00  0.540E+08  0.589E+00
  0.560E+08  0.549E+00  0.580E+08  0.506E+00  0.600E+08  0.471E+00
  0.620E+08  0.434E+00  0.640E+08  0.397E+00  0.660E+08  0.355E+00
  0.680E+08  0.323E+00  0.700E+08  0.296E+00  0.720E+08  0.271E+00
  0.740E+08  0.233E+00  0.760E+08  0.216E+00  0.780E+08  0.204E+00
  0.800E+08  0.185E+00  0.820E+08  0.174E+00  0.840E+08  0.164E+00
  0.860E+08  0.157E+00  0.880E+08  0.149E+00  0.900E+08  0.142E+00
  0.920E+08  0.136E+00  0.940E+08  0.130E+00  0.960E+08  0.126E+00
  0.980E+08  0.121E+00  0.100E+09  0.119E+00
I124 
         122
           0
          34
  0.418E+08  0.000E+00  0.430E+08  0.286E-10  0.440E+08  0.347E-06
  0.450E+08  0.122E-04  0.460E+08  0.123E-03  0.470E+08  0.622E-03
  0.480E+08  0.213E-02  0.490E+08  0.864E-02  0.500E+08  0.168E-01
  0.520E+08  0.441E-01  0.540E+08  0.709E-01  0.560E+08  0.115E+00
  0.580E+08  0.141E+00  0.600E+08  0.176E+00  0.620E+08  0.213E+00
  0.640E+08  0.239E+00  0.660E+08  0.249E+00  0.680E+08  0.246E+00
  0.700E+08  0.238E+00  0.720E+08  0.226E+00  0.740E+08  0.218E+00
  0.760E+08  0.204E+00  0.780E+08  0.192E+00  0.800E+08  0.179E+00
  0.820E+08  0.167E+00  0.840E+08  0.156E+00  0.860E+08  0.143E+00
  0.880E+08  0.134E+00  0.900E+08  0.125E+00  0.920E+08  0.118E+00
  0.940E+08  0.111E+00  0.960E+08  0.105E+00  0.980E+08  0.999E-01
  0.100E+09  0.101E+00
I123 
         123
           0
          26
  0.494E+08  0.000E+00  0.520E+08  0.192E-06  0.540E+08  0.134E-04
  0.560E+08  0.329E-03  0.580E+08  0.144E-02  0.600E+08  0.600E-02
  0.620E+08  0.171E-01  0.640E+08  0.364E-01  0.660E+08  0.773E-01
  0.680E+08  0.111E+00  0.700E+08  0.146E+00  0.720E+08  0.178E+00
  0.740E+08  0.215E+00  0.760E+08  0.234E+00  0.780E+08  0.240E+00
  0.800E+08  0.246E+00  0.820E+08  0.251E+00  0.840E+08  0.248E+00
  0.860E+08  0.241E+00  0.880E+08  0.233E+00  0.900E+08  0.225E+00
  0.920E+08  0.216E+00  0.940E+08  0.206E+00  0.960E+08  0.200E+00
  0.980E+08  0.193E+00  0.100E+09  0.190E+00
I122 
         124
           0
          20
  0.594E+08  0.000E+00  0.640E+08  0.283E-08  0.660E+08  0.126E-04
  0.680E+08  0.130E-03  0.700E+08  0.632E-03  0.720E+08  0.222E-02
  0.740E+08  0.749E-02  0.760E+08  0.150E-01  0.780E+08  0.223E-01
  0.800E+08  0.349E-01  0.820E+08  0.440E-01  0.840E+08  0.582E-01
  0.860E+08  0.754E-01  0.880E+08  0.862E-01  0.900E+08  0.970E-01
  0.920E+08  0.101E+00  0.940E+08  0.102E+00  0.960E+08  0.978E-01
  0.980E+08  0.100E+00  0.100E+09  0.945E-01
I121 
         125
           0
          17
  0.673E+08  0.000E+00  0.700E+08  0.291E-11  0.720E+08  0.717E-08
  0.740E+08  0.120E-05  0.760E+08  0.366E-04  0.780E+08  0.137E-03
  0.800E+08  0.565E-03  0.820E+08  0.169E-02  0.840E+08  0.393E-02
  0.860E+08  0.929E-02  0.880E+08  0.158E-01  0.900E+08  0.271E-01
  0.920E+08  0.377E-01  0.940E+08  0.488E-01  0.960E+08  0.601E-01
  0.980E+08  0.619E-01  0.100E+09  0.626E-01
I120 
         126
           0
          11
  0.778E+08  0.000E+00  0.820E+08  0.352E-11  0.840E+08  0.802E-09
  0.860E+08  0.671E-07  0.880E+08  0.836E-06  0.900E+08  0.200E-04
  0.920E+08  0.793E-04  0.940E+08  0.242E-03  0.960E+08  0.611E-03
  0.980E+08  0.108E-02  0.100E+09  0.140E-02
I119 
         127
           0
           7
  0.861E+08  0.000E+00  0.900E+08  0.173E-11  0.920E+08  0.273E-09
  0.940E+08  0.944E-08  0.960E+08  0.137E-06  0.980E+08  0.629E-06
  0.100E+09  0.145E-05
I118 
         128
           0
           2
  0.968E+08  0.000E+00  0.100E+09  0.211E-18
TE128
         153
           0
          75
  0.461E+07  0.000E+00  0.850E+07  0.628E-08  0.900E+07  0.819E-07
  0.950E+07  0.365E-06  0.100E+08  0.161E-05  0.105E+08  0.557E-05
  0.110E+08  0.218E-02  0.115E+08  0.326E-02  0.120E+08  0.435E-02
  0.125E+08  0.544E-02  0.130E+08  0.652E-02  0.135E+08  0.760E-02
  0.140E+08  0.869E-02  0.145E+08  0.977E-02  0.150E+08  0.109E-01
  0.160E+08  0.130E-01  0.170E+08  0.152E-01  0.180E+08  0.222E-01
  0.190E+08  0.296E-01  0.200E+08  0.386E-01  0.210E+08  0.484E-01
  0.220E+08  0.587E-01  0.230E+08  0.693E-01  0.240E+08  0.779E-01
  0.250E+08  0.882E-01  0.260E+08  0.966E-01  0.270E+08  0.105E+00
  0.280E+08  0.111E+00  0.290E+08  0.116E+00  0.300E+08  0.122E+00
  0.310E+08  0.126E+00  0.320E+08  0.130E+00  0.330E+08  0.132E+00
  0.340E+08  0.133E+00  0.350E+08  0.132E+00  0.360E+08  0.131E+00
  0.370E+08  0.130E+00  0.380E+08  0.129E+00  0.390E+08  0.128E+00
  0.400E+08  0.127E+00  0.410E+08  0.125E+00  0.420E+08  0.124E+00
  0.430E+08  0.122E+00  0.440E+08  0.120E+00  0.450E+08  0.118E+00
  0.460E+08  0.115E+00  0.470E+08  0.113E+00  0.480E+08  0.111E+00
  0.490E+08  0.109E+00  0.500E+08  0.108E+00  0.520E+08  0.107E+00
  0.540E+08  0.105E+00  0.560E+08  0.104E+00  0.580E+08  0.103E+00
  0.600E+08  0.104E+00  0.620E+08  0.105E+00  0.640E+08  0.106E+00
  0.660E+08  0.105E+00  0.680E+08  0.104E+00  0.700E+08  0.103E+00
  0.720E+08  0.102E+00  0.740E+08  0.101E+00  0.760E+08  0.101E+00
  0.780E+08  0.100E+00  0.800E+08  0.997E-01  0.820E+08  0.988E-01
  0.840E+08  0.979E-01  0.860E+08  0.968E-01  0.880E+08  0.949E-01
  0.900E+08  0.930E-01  0.920E+08  0.912E-01  0.940E+08  0.893E-01
  0.960E+08  0.874E-01  0.980E+08  0.855E-01  0.100E+09  0.846E-01
TE127
         154
           0
          59
  0.135E+08  0.000E+00  0.180E+08  0.132E-07  0.190E+08  0.785E-06
  0.200E+08  0.104E-04  0.210E+08  0.711E-04  0.220E+08  0.300E-03
  0.230E+08  0.899E-03  0.240E+08  0.200E-02  0.250E+08  0.399E-02
  0.260E+08  0.829E-02  0.270E+08  0.130E-01  0.280E+08  0.187E-01
  0.290E+08  0.255E-01  0.300E+08  0.317E-01  0.310E+08  0.392E-01
  0.320E+08  0.463E-01  0.330E+08  0.533E-01  0.340E+08  0.604E-01
  0.350E+08  0.675E-01  0.360E+08  0.738E-01  0.370E+08  0.792E-01
  0.380E+08  0.838E-01  0.390E+08  0.878E-01  0.400E+08  0.909E-01
  0.410E+08  0.936E-01  0.420E+08  0.980E-01  0.430E+08  0.966E-01
  0.440E+08  0.951E-01  0.450E+08  0.937E-01  0.460E+08  0.922E-01
  0.470E+08  0.908E-01  0.480E+08  0.893E-01  0.490E+08  0.878E-01
  0.500E+08  0.864E-01  0.520E+08  0.835E-01  0.540E+08  0.805E-01
  0.560E+08  0.776E-01  0.580E+08  0.747E-01  0.600E+08  0.705E-01
  0.620E+08  0.663E-01  0.640E+08  0.652E-01  0.660E+08  0.637E-01
  0.680E+08  0.627E-01  0.700E+08  0.616E-01  0.720E+08  0.608E-01
  0.740E+08  0.601E-01  0.760E+08  0.587E-01  0.780E+08  0.574E-01
  0.800E+08  0.567E-01  0.820E+08  0.559E-01  0.840E+08  0.551E-01
  0.860E+08  0.548E-01  0.880E+08  0.574E-01  0.900E+08  0.616E-01
  0.920E+08  0.645E-01  0.940E+08  0.639E-01  0.960E+08  0.628E-01
  0.980E+08  0.623E-01  0.100E+09  0.618E-01
TE126
         155
           0
          53
  0.198E+08  0.000E+00  0.240E+08  0.667E-14  0.250E+08  0.156E-06
  0.260E+08  0.541E-05  0.270E+08  0.426E-04  0.280E+08  0.197E-03
  0.290E+08  0.792E-03  0.300E+08  0.188E-02  0.310E+08  0.330E-02
  0.320E+08  0.604E-02  0.330E+08  0.996E-02  0.340E+08  0.151E-01
  0.350E+08  0.216E-01  0.360E+08  0.290E-01  0.370E+08  0.385E-01
  0.380E+08  0.477E-01  0.390E+08  0.561E-01  0.400E+08  0.661E-01
  0.410E+08  0.762E-01  0.420E+08  0.840E-01  0.430E+08  0.931E-01
  0.440E+08  0.102E+00  0.450E+08  0.112E+00  0.460E+08  0.121E+00
  0.470E+08  0.129E+00  0.480E+08  0.138E+00  0.490E+08  0.142E+00
  0.500E+08  0.152E+00  0.520E+08  0.161E+00  0.540E+08  0.168E+00
  0.560E+08  0.174E+00  0.580E+08  0.175E+00  0.600E+08  0.176E+00
  0.620E+08  0.177E+00  0.640E+08  0.174E+00  0.660E+08  0.170E+00
  0.680E+08  0.165E+00  0.700E+08  0.159E+00  0.720E+08  0.153E+00
  0.740E+08  0.148E+00  0.760E+08  0.145E+00  0.780E+08  0.142E+00
  0.800E+08  0.139E+00  0.820E+08  0.133E+00  0.840E+08  0.128E+00
  0.860E+08  0.123E+00  0.880E+08  0.117E+00  0.900E+08  0.110E+00
  0.920E+08  0.108E+00  0.940E+08  0.106E+00  0.960E+08  0.105E+00
  0.980E+08  0.103E+00  0.100E+09  0.102E+00
TE125
         156
           0
          44
  0.290E+08  0.000E+00  0.330E+08  0.517E-13  0.340E+08  0.180E-08
  0.350E+08  0.850E-07  0.360E+08  0.122E-05  0.370E+08  0.928E-05
  0.380E+08  0.451E-04  0.390E+08  0.154E-03  0.400E+08  0.414E-03
  0.410E+08  0.940E-03  0.420E+08  0.127E-02  0.430E+08  0.304E-02
  0.440E+08  0.516E-02  0.450E+08  0.810E-02  0.460E+08  0.119E-01
  0.470E+08  0.166E-01  0.480E+08  0.220E-01  0.490E+08  0.311E-01
  0.500E+08  0.361E-01  0.520E+08  0.460E-01  0.540E+08  0.569E-01
  0.560E+08  0.686E-01  0.580E+08  0.747E-01  0.600E+08  0.787E-01
  0.620E+08  0.816E-01  0.640E+08  0.845E-01  0.660E+08  0.881E-01
  0.680E+08  0.917E-01  0.700E+08  0.957E-01  0.720E+08  0.993E-01
  0.740E+08  0.102E+00  0.760E+08  0.969E-01  0.780E+08  0.966E-01
  0.800E+08  0.958E-01  0.820E+08  0.951E-01  0.840E+08  0.943E-01
  0.860E+08  0.909E-01  0.880E+08  0.870E-01  0.900E+08  0.840E-01
  0.920E+08  0.813E-01  0.940E+08  0.785E-01  0.960E+08  0.763E-01
  0.980E+08  0.741E-01  0.100E+09  0.785E-01
TE124
         157
           0
          37
  0.356E+08  0.000E+00  0.400E+08  0.816E-11  0.410E+08  0.325E-08
  0.420E+08  0.197E-07  0.430E+08  0.580E-06  0.440E+08  0.469E-05
  0.450E+08  0.234E-04  0.460E+08  0.655E-04  0.470E+08  0.200E-03
  0.480E+08  0.500E-03  0.490E+08  0.129E-02  0.500E+08  0.174E-02
  0.520E+08  0.497E-02  0.540E+08  0.109E-01  0.560E+08  0.230E-01
  0.580E+08  0.353E-01  0.600E+08  0.469E-01  0.620E+08  0.619E-01
  0.640E+08  0.770E-01  0.660E+08  0.857E-01  0.680E+08  0.103E+00
  0.700E+08  0.110E+00  0.720E+08  0.117E+00  0.740E+08  0.123E+00
  0.760E+08  0.131E+00  0.780E+08  0.136E+00  0.800E+08  0.140E+00
  0.820E+08  0.149E+00  0.840E+08  0.153E+00  0.860E+08  0.157E+00
  0.880E+08  0.160E+00  0.900E+08  0.163E+00  0.920E+08  0.168E+00
  0.940E+08  0.173E+00  0.960E+08  0.174E+00  0.980E+08  0.174E+00
  0.100E+09  0.173E+00
TE123
         158
           0
          27
  0.451E+08  0.000E+00  0.500E+08  0.846E-14  0.520E+08  0.105E-09
  0.540E+08  0.177E-07  0.560E+08  0.207E-05  0.580E+08  0.685E-04
  0.600E+08  0.336E-03  0.620E+08  0.108E-02  0.640E+08  0.287E-02
  0.660E+08  0.647E-02  0.680E+08  0.136E-01  0.700E+08  0.200E-01
  0.720E+08  0.282E-01  0.740E+08  0.367E-01  0.760E+08  0.408E-01
  0.780E+08  0.469E-01  0.800E+08  0.519E-01  0.820E+08  0.566E-01
  0.840E+08  0.627E-01  0.860E+08  0.641E-01  0.880E+08  0.620E-01
  0.900E+08  0.624E-01  0.920E+08  0.624E-01  0.940E+08  0.625E-01
  0.960E+08  0.632E-01  0.980E+08  0.641E-01  0.100E+09  0.650E-01
TE122
         159
           0
          23
  0.521E+08  0.000E+00  0.580E+08  0.247E-12  0.600E+08  0.111E-08
  0.620E+08  0.141E-06  0.640E+08  0.354E-05  0.660E+08  0.416E-04
  0.680E+08  0.487E-03  0.700E+08  0.140E-02  0.720E+08  0.327E-02
  0.740E+08  0.662E-02  0.760E+08  0.117E-01  0.780E+08  0.183E-01
  0.800E+08  0.267E-01  0.820E+08  0.397E-01  0.840E+08  0.466E-01
  0.860E+08  0.583E-01  0.880E+08  0.652E-01  0.900E+08  0.751E-01
  0.920E+08  0.825E-01  0.940E+08  0.898E-01  0.960E+08  0.952E-01
  0.980E+08  0.981E-01  0.100E+09  0.993E-01
TE121
         160
           0
          18
  0.620E+08  0.000E+00  0.680E+08  0.272E-13  0.700E+08  0.428E-10
  0.720E+08  0.485E-08  0.740E+08  0.144E-06  0.760E+08  0.182E-05
  0.780E+08  0.285E-04  0.800E+08  0.101E-03  0.820E+08  0.410E-03
  0.840E+08  0.102E-02  0.860E+08  0.229E-02  0.880E+08  0.366E-02
  0.900E+08  0.646E-02  0.920E+08  0.900E-02  0.940E+08  0.133E-01
  0.960E+08  0.184E-01  0.980E+08  0.224E-01  0.100E+09  0.261E-01
TE120
         161
           0
          14
  0.693E+08  0.000E+00  0.760E+08  0.726E-14  0.780E+08  0.505E-10
  0.800E+08  0.363E-08  0.820E+08  0.191E-06  0.840E+08  0.198E-05
  0.860E+08  0.139E-04  0.880E+08  0.440E-04  0.900E+08  0.156E-03
  0.920E+08  0.369E-03  0.940E+08  0.880E-03  0.960E+08  0.183E-02
  0.980E+08  0.400E-02  0.100E+09  0.579E-02
TE119
         162
           0
           9
  0.796E+08  0.000E+00  0.860E+08  0.905E-15  0.880E+08  0.416E-12
  0.900E+08  0.451E-10  0.920E+08  0.717E-09  0.940E+08  0.133E-07
  0.960E+08  0.138E-06  0.980E+08  0.107E-05  0.100E+09  0.238E-05
TE118
         163
           0
           5
  0.873E+08  0.000E+00  0.940E+08  0.176E-17  0.960E+08  0.589E-14
  0.980E+08  0.733E-11  0.100E+09  0.675E-10
SB127
         174
           0
          55
  0.143E+08  0.000E+00  0.220E+08  0.625E-16  0.230E+08  0.264E-12
  0.240E+08  0.639E-11  0.250E+08  0.963E-10  0.260E+08  0.109E-08
  0.270E+08  0.699E-08  0.280E+08  0.296E-07  0.290E+08  0.964E-07
  0.300E+08  0.247E-06  0.310E+08  0.544E-06  0.320E+08  0.105E-05
  0.330E+08  0.183E-05  0.340E+08  0.309E-05  0.350E+08  0.827E-05
  0.360E+08  0.319E-04  0.370E+08  0.105E-03  0.380E+08  0.253E-03
  0.390E+08  0.482E-03  0.400E+08  0.786E-03  0.410E+08  0.115E-02
  0.420E+08  0.155E-02  0.430E+08  0.182E-02  0.440E+08  0.227E-02
  0.450E+08  0.274E-02  0.460E+08  0.321E-02  0.470E+08  0.369E-02
  0.480E+08  0.418E-02  0.490E+08  0.491E-02  0.500E+08  0.539E-02
  0.520E+08  0.633E-02  0.540E+08  0.699E-02  0.560E+08  0.759E-02
  0.580E+08  0.791E-02  0.600E+08  0.800E-02  0.620E+08  0.794E-02
  0.640E+08  0.783E-02  0.660E+08  0.772E-02  0.680E+08  0.763E-02
  0.700E+08  0.751E-02  0.720E+08  0.742E-02  0.740E+08  0.732E-02
  0.760E+08  0.707E-02  0.780E+08  0.715E-02  0.800E+08  0.709E-02
  0.820E+08  0.655E-02  0.840E+08  0.651E-02  0.860E+08  0.647E-02
  0.880E+08  0.610E-02  0.900E+08  0.608E-02  0.920E+08  0.610E-02
  0.940E+08  0.607E-02  0.960E+08  0.605E-02  0.980E+08  0.606E-02
  0.100E+09  0.584E-02
SB126
         175
           0
          81
  0.100E-04  0.000E+00  0.550E+07  0.144E-08  0.600E+07  0.149E-06
  0.650E+07  0.438E-06  0.700E+07  0.973E-06  0.750E+07  0.218E-05
  0.800E+07  0.409E-05  0.850E+07  0.753E-05  0.900E+07  0.137E-04
  0.950E+07  0.246E-04  0.100E+08  0.433E-04  0.105E+08  0.741E-04
  0.110E+08  0.122E-03  0.115E+08  0.191E-03  0.120E+08  0.280E-03
  0.125E+08  0.397E-03  0.130E+08  0.550E-03  0.135E+08  0.736E-03
  0.140E+08  0.953E-03  0.145E+08  0.120E-02  0.150E+08  0.147E-02
  0.160E+08  0.209E-02  0.170E+08  0.270E-02  0.180E+08  0.320E-02
  0.190E+08  0.338E-02  0.200E+08  0.350E-02  0.210E+08  0.350E-02
  0.220E+08  0.342E-02  0.230E+08  0.331E-02  0.240E+08  0.317E-02
  0.250E+08  0.301E-02  0.260E+08  0.284E-02  0.270E+08  0.266E-02
  0.280E+08  0.247E-02  0.290E+08  0.229E-02  0.300E+08  0.211E-02
  0.310E+08  0.207E-02  0.320E+08  0.201E-02  0.330E+08  0.185E-02
  0.340E+08  0.171E-02  0.350E+08  0.158E-02  0.360E+08  0.146E-02
  0.370E+08  0.134E-02  0.380E+08  0.123E-02  0.390E+08  0.113E-02
  0.400E+08  0.103E-02  0.410E+08  0.943E-03  0.420E+08  0.864E-03
  0.430E+08  0.795E-03  0.440E+08  0.740E-03  0.450E+08  0.650E-03
  0.460E+08  0.614E-03  0.470E+08  0.584E-03  0.480E+08  0.558E-03
  0.490E+08  0.565E-03  0.500E+08  0.541E-03  0.520E+08  0.575E-03
  0.540E+08  0.637E-03  0.560E+08  0.943E-03  0.580E+08  0.150E-02
  0.600E+08  0.230E-02  0.620E+08  0.325E-02  0.640E+08  0.423E-02
  0.660E+08  0.519E-02  0.680E+08  0.601E-02  0.700E+08  0.664E-02
  0.720E+08  0.663E-02  0.740E+08  0.672E-02  0.760E+08  0.667E-02
  0.780E+08  0.653E-02  0.800E+08  0.635E-02  0.820E+08  0.622E-02
  0.840E+08  0.608E-02  0.860E+08  0.592E-02  0.880E+08  0.580E-02
  0.900E+08  0.568E-02  0.920E+08  0.554E-02  0.940E+08  0.545E-02
  0.960E+08  0.536E-02  0.980E+08  0.524E-02  0.100E+09  0.520E-02
SB125
         176
           0
          68
  0.269E+07  0.000E+00  0.120E+08  0.646E-07  0.125E+08  0.705E-06
  0.130E+08  0.217E-05  0.135E+08  0.510E-05  0.140E+08  0.106E-04
  0.145E+08  0.206E-04  0.150E+08  0.382E-04  0.160E+08  0.117E-03
  0.170E+08  0.318E-03  0.180E+08  0.733E-03  0.190E+08  0.154E-02
  0.200E+08  0.251E-02  0.210E+08  0.365E-02  0.220E+08  0.494E-02
  0.230E+08  0.631E-02  0.240E+08  0.775E-02  0.250E+08  0.921E-02
  0.260E+08  0.106E-01  0.270E+08  0.118E-01  0.280E+08  0.127E-01
  0.290E+08  0.132E-01  0.300E+08  0.135E-01  0.310E+08  0.135E-01
  0.320E+08  0.134E-01  0.330E+08  0.129E-01  0.340E+08  0.124E-01
  0.350E+08  0.117E-01  0.360E+08  0.111E-01  0.370E+08  0.104E-01
  0.380E+08  0.967E-02  0.390E+08  0.898E-02  0.400E+08  0.832E-02
  0.410E+08  0.770E-02  0.420E+08  0.710E-02  0.430E+08  0.650E-02
  0.440E+08  0.591E-02  0.450E+08  0.530E-02  0.460E+08  0.487E-02
  0.470E+08  0.447E-02  0.480E+08  0.410E-02  0.490E+08  0.374E-02
  0.500E+08  0.343E-02  0.520E+08  0.284E-02  0.540E+08  0.244E-02
  0.560E+08  0.215E-02  0.580E+08  0.193E-02  0.600E+08  0.176E-02
  0.620E+08  0.164E-02  0.640E+08  0.153E-02  0.660E+08  0.144E-02
  0.680E+08  0.149E-02  0.700E+08  0.175E-02  0.720E+08  0.256E-02
  0.740E+08  0.335E-02  0.760E+08  0.436E-02  0.780E+08  0.549E-02
  0.800E+08  0.654E-02  0.820E+08  0.793E-02  0.840E+08  0.874E-02
  0.860E+08  0.949E-02  0.880E+08  0.103E-01  0.900E+08  0.107E-01
  0.920E+08  0.110E-01  0.940E+08  0.111E-01  0.960E+08  0.111E-01
  0.980E+08  0.110E-01  0.100E+09  0.109E-01
SB124
         177
           0
          56
  0.115E+08  0.000E+00  0.210E+08  0.148E-07  0.220E+08  0.765E-06
  0.230E+08  0.580E-05  0.240E+08  0.263E-04  0.250E+08  0.923E-04
  0.260E+08  0.277E-03  0.270E+08  0.691E-03  0.280E+08  0.142E-02
  0.290E+08  0.252E-02  0.300E+08  0.383E-02  0.310E+08  0.515E-02
  0.320E+08  0.656E-02  0.330E+08  0.840E-02  0.340E+08  0.102E-01
  0.350E+08  0.119E-01  0.360E+08  0.132E-01  0.370E+08  0.140E-01
  0.380E+08  0.145E-01  0.390E+08  0.145E-01  0.400E+08  0.144E-01
  0.410E+08  0.141E-01  0.420E+08  0.138E-01  0.430E+08  0.129E-01
  0.440E+08  0.121E-01  0.450E+08  0.111E-01  0.460E+08  0.103E-01
  0.470E+08  0.965E-02  0.480E+08  0.895E-02  0.490E+08  0.848E-02
  0.500E+08  0.802E-02  0.520E+08  0.709E-02  0.540E+08  0.602E-02
  0.560E+08  0.508E-02  0.580E+08  0.428E-02  0.600E+08  0.361E-02
  0.620E+08  0.307E-02  0.640E+08  0.270E-02  0.660E+08  0.242E-02
  0.680E+08  0.226E-02  0.700E+08  0.210E-02  0.720E+08  0.195E-02
  0.740E+08  0.187E-02  0.760E+08  0.185E-02  0.780E+08  0.175E-02
  0.800E+08  0.165E-02  0.820E+08  0.145E-02  0.840E+08  0.150E-02
  0.860E+08  0.172E-02  0.880E+08  0.183E-02  0.900E+08  0.229E-02
  0.920E+08  0.291E-02  0.940E+08  0.376E-02  0.960E+08  0.454E-02
  0.980E+08  0.534E-02  0.100E+09  0.609E-02
SB123
         178
           0
          49
  0.180E+08  0.000E+00  0.280E+08  0.242E-07  0.290E+08  0.936E-06
  0.300E+08  0.554E-05  0.310E+08  0.203E-04  0.320E+08  0.618E-04
  0.330E+08  0.186E-03  0.340E+08  0.390E-03  0.350E+08  0.898E-03
  0.360E+08  0.175E-02  0.370E+08  0.299E-02  0.380E+08  0.461E-02
  0.390E+08  0.654E-02  0.400E+08  0.868E-02  0.410E+08  0.110E-01
  0.420E+08  0.128E-01  0.430E+08  0.152E-01  0.440E+08  0.178E-01
  0.450E+08  0.202E-01  0.460E+08  0.219E-01  0.470E+08  0.234E-01
  0.480E+08  0.246E-01  0.490E+08  0.244E-01  0.500E+08  0.244E-01
  0.520E+08  0.243E-01  0.540E+08  0.242E-01  0.560E+08  0.224E-01
  0.580E+08  0.204E-01  0.600E+08  0.180E-01  0.620E+08  0.157E-01
  0.640E+08  0.136E-01  0.660E+08  0.117E-01  0.680E+08  0.101E-01
  0.700E+08  0.868E-02  0.720E+08  0.745E-02  0.740E+08  0.662E-02
  0.760E+08  0.617E-02  0.780E+08  0.572E-02  0.800E+08  0.539E-02
  0.820E+08  0.516E-02  0.840E+08  0.510E-02  0.860E+08  0.473E-02
  0.880E+08  0.436E-02  0.900E+08  0.425E-02  0.920E+08  0.416E-02
  0.940E+08  0.396E-02  0.960E+08  0.390E-02  0.980E+08  0.417E-02
  0.100E+09  0.428E-02
SB122
         179
           0
          40
  0.270E+08  0.000E+00  0.370E+08  0.308E-10  0.380E+08  0.205E-08
  0.390E+08  0.489E-07  0.400E+08  0.339E-06  0.410E+08  0.204E-05
  0.420E+08  0.680E-05  0.430E+08  0.253E-04  0.440E+08  0.930E-04
  0.450E+08  0.266E-03  0.460E+08  0.729E-03  0.470E+08  0.138E-02
  0.480E+08  0.234E-02  0.490E+08  0.336E-02  0.500E+08  0.478E-02
  0.520E+08  0.838E-02  0.540E+08  0.110E-01  0.560E+08  0.147E-01
  0.580E+08  0.184E-01  0.600E+08  0.207E-01  0.620E+08  0.218E-01
  0.640E+08  0.217E-01  0.660E+08  0.207E-01  0.680E+08  0.193E-01
  0.700E+08  0.175E-01  0.720E+08  0.151E-01  0.740E+08  0.133E-01
  0.760E+08  0.120E-01  0.780E+08  0.105E-01  0.800E+08  0.916E-02
  0.820E+08  0.779E-02  0.840E+08  0.694E-02  0.860E+08  0.636E-02
  0.880E+08  0.594E-02  0.900E+08  0.523E-02  0.920E+08  0.523E-02
  0.940E+08  0.526E-02  0.960E+08  0.527E-02  0.980E+08  0.502E-02
  0.100E+09  0.500E-02
SB121
         180
           0
          33
  0.339E+08  0.000E+00  0.440E+08  0.357E-13  0.450E+08  0.117E-09
  0.460E+08  0.759E-08  0.470E+08  0.970E-07  0.480E+08  0.623E-06
  0.490E+08  0.656E-05  0.500E+08  0.217E-04  0.520E+08  0.150E-03
  0.540E+08  0.432E-03  0.560E+08  0.123E-02  0.580E+08  0.202E-02
  0.600E+08  0.434E-02  0.620E+08  0.775E-02  0.640E+08  0.120E-01
  0.660E+08  0.170E-01  0.680E+08  0.217E-01  0.700E+08  0.255E-01
  0.720E+08  0.290E-01  0.740E+08  0.305E-01  0.760E+08  0.305E-01
  0.780E+08  0.305E-01  0.800E+08  0.292E-01  0.820E+08  0.279E-01
  0.840E+08  0.266E-01  0.860E+08  0.245E-01  0.880E+08  0.224E-01
  0.900E+08  0.202E-01  0.920E+08  0.181E-01  0.940E+08  0.167E-01
  0.960E+08  0.155E-01  0.980E+08  0.147E-01  0.100E+09  0.141E-01
SB120
         181
           0
          25
  0.432E+08  0.000E+00  0.540E+08  0.258E-12  0.560E+08  0.730E-09
  0.580E+08  0.152E-07  0.600E+08  0.458E-06  0.620E+08  0.610E-05
  0.640E+08  0.451E-04  0.660E+08  0.246E-03  0.680E+08  0.780E-03
  0.700E+08  0.188E-02  0.720E+08  0.407E-02  0.740E+08  0.689E-02
  0.760E+08  0.946E-02  0.780E+08  0.126E-01  0.800E+08  0.160E-01
  0.820E+08  0.188E-01  0.840E+08  0.210E-01  0.860E+08  0.231E-01
  0.880E+08  0.235E-01  0.900E+08  0.231E-01  0.920E+08  0.210E-01
  0.940E+08  0.198E-01  0.960E+08  0.185E-01  0.980E+08  0.173E-01
  0.100E+09  0.161E-01
SB119
         182
           0
          20
  0.503E+08  0.000E+00  0.640E+08  0.351E-10  0.660E+08  0.123E-07
  0.680E+08  0.277E-06  0.700E+08  0.312E-05  0.720E+08  0.247E-04
  0.740E+08  0.118E-03  0.760E+08  0.325E-03  0.780E+08  0.812E-03
  0.800E+08  0.180E-02  0.820E+08  0.326E-02  0.840E+08  0.565E-02
  0.860E+08  0.990E-02  0.880E+08  0.134E-01  0.900E+08  0.185E-01
  0.920E+08  0.221E-01  0.940E+08  0.256E-01  0.960E+08  0.282E-01
  0.980E+08  0.299E-01  0.100E+09  0.313E-01
SB118
         183
           0
          16
  0.599E+08  0.000E+00  0.720E+08  0.580E-14  0.740E+08  0.176E-10
  0.760E+08  0.139E-08  0.780E+08  0.115E-07  0.800E+08  0.126E-06
  0.820E+08  0.102E-05  0.840E+08  0.955E-05  0.860E+08  0.632E-04
  0.880E+08  0.191E-03  0.900E+08  0.611E-03  0.920E+08  0.125E-02
  0.940E+08  0.228E-02  0.960E+08  0.361E-02  0.980E+08  0.511E-02
  0.100E+09  0.717E-02
SB117
         184
           0
          12
  0.674E+08  0.000E+00  0.800E+08  0.151E-13  0.820E+08  0.531E-11
  0.840E+08  0.391E-09  0.860E+08  0.194E-07  0.880E+08  0.205E-06
  0.900E+08  0.248E-05  0.920E+08  0.739E-05  0.940E+08  0.286E-04
  0.960E+08  0.889E-04  0.980E+08  0.196E-03  0.100E+09  0.429E-03
SB116
         185
           0
           8
  0.774E+08  0.000E+00  0.880E+08  0.947E-19  0.900E+08  0.154E-13
  0.920E+08  0.193E-11  0.940E+08  0.747E-10  0.960E+08  0.134E-08
  0.980E+08  0.903E-08  0.100E+09  0.477E-07
SB115
         186
           0
           4
  0.853E+08  0.000E+00  0.960E+08  0.486E-20  0.980E+08  0.791E-16
  0.100E+09  0.731E-14
SN127
         219
           0
          46
  0.189E+08  0.000E+00  0.310E+08  0.106E-17  0.320E+08  0.466E-16
  0.330E+08  0.656E-15  0.340E+08  0.526E-14  0.350E+08  0.295E-13
  0.360E+08  0.126E-12  0.370E+08  0.554E-12  0.380E+08  0.132E-11
  0.390E+08  0.315E-11  0.400E+08  0.650E-11  0.410E+08  0.139E-10
  0.420E+08  0.270E-10  0.430E+08  0.536E-10  0.440E+08  0.875E-10
  0.450E+08  0.132E-09  0.460E+08  0.199E-09  0.470E+08  0.268E-09
  0.480E+08  0.348E-09  0.490E+08  0.412E-09  0.500E+08  0.558E-09
  0.520E+08  0.118E-08  0.540E+08  0.271E-08  0.560E+08  0.616E-08
  0.580E+08  0.121E-07  0.600E+08  0.194E-07  0.620E+08  0.336E-07
  0.640E+08  0.451E-07  0.660E+08  0.544E-07  0.680E+08  0.605E-07
  0.700E+08  0.633E-07  0.720E+08  0.644E-07  0.740E+08  0.549E-07
  0.760E+08  0.596E-07  0.780E+08  0.584E-07  0.800E+08  0.570E-07
  0.820E+08  0.555E-07  0.840E+08  0.543E-07  0.860E+08  0.458E-07
  0.880E+08  0.499E-07  0.900E+08  0.486E-07  0.920E+08  0.472E-07
  0.940E+08  0.467E-07  0.960E+08  0.460E-07  0.980E+08  0.452E-07
  0.100E+09  0.384E-07
SN126
         220
           0
          43
  0.223E+08  0.000E+00  0.340E+08  0.147E-19  0.350E+08  0.151E-17
  0.360E+08  0.359E-16  0.370E+08  0.655E-15  0.380E+08  0.578E-14
  0.390E+08  0.432E-13  0.400E+08  0.205E-12  0.410E+08  0.949E-12
  0.420E+08  0.336E-11  0.430E+08  0.117E-10  0.440E+08  0.323E-10
  0.450E+08  0.779E-10  0.460E+08  0.156E-09  0.470E+08  0.315E-09
  0.480E+08  0.590E-09  0.490E+08  0.105E-08  0.500E+08  0.172E-08
  0.520E+08  0.420E-08  0.540E+08  0.812E-08  0.560E+08  0.143E-07
  0.580E+08  0.215E-07  0.600E+08  0.312E-07  0.620E+08  0.488E-07
  0.640E+08  0.737E-07  0.660E+08  0.113E-06  0.680E+08  0.181E-06
  0.700E+08  0.268E-06  0.720E+08  0.389E-06  0.740E+08  0.501E-06
  0.760E+08  0.739E-06  0.780E+08  0.103E-05  0.800E+08  0.127E-05
  0.820E+08  0.154E-05  0.840E+08  0.174E-05  0.860E+08  0.154E-05
  0.880E+08  0.171E-05  0.900E+08  0.174E-05  0.920E+08  0.157E-05
  0.940E+08  0.159E-05  0.960E+08  0.157E-05  0.980E+08  0.154E-05
  0.100E+09  0.140E-05
SN125
         221
           0
          59
  0.428E+07  0.000E+00  0.180E+08  0.476E-12  0.190E+08  0.824E-11
  0.200E+08  0.538E-10  0.210E+08  0.199E-09  0.220E+08  0.719E-09
  0.230E+08  0.219E-08  0.240E+08  0.532E-08  0.250E+08  0.126E-07
  0.260E+08  0.269E-07  0.270E+08  0.562E-07  0.280E+08  0.987E-07
  0.290E+08  0.159E-06  0.300E+08  0.234E-06  0.310E+08  0.333E-06
  0.320E+08  0.409E-06  0.330E+08  0.523E-06  0.340E+08  0.507E-06
  0.350E+08  0.553E-06  0.360E+08  0.581E-06  0.370E+08  0.596E-06
  0.380E+08  0.598E-06  0.390E+08  0.593E-06  0.400E+08  0.619E-06
  0.410E+08  0.604E-06  0.420E+08  0.587E-06  0.430E+08  0.638E-06
  0.440E+08  0.638E-06  0.450E+08  0.611E-06  0.460E+08  0.520E-06
  0.470E+08  0.432E-06  0.480E+08  0.417E-06  0.490E+08  0.407E-06
  0.500E+08  0.394E-06  0.520E+08  0.379E-06  0.540E+08  0.307E-06
  0.560E+08  0.294E-06  0.580E+08  0.289E-06  0.600E+08  0.315E-06
  0.620E+08  0.339E-06  0.640E+08  0.377E-06  0.660E+08  0.456E-06
  0.680E+08  0.490E-06  0.700E+08  0.519E-06  0.720E+08  0.579E-06
  0.740E+08  0.595E-06  0.760E+08  0.748E-06  0.780E+08  0.817E-06
  0.800E+08  0.844E-06  0.820E+08  0.105E-05  0.840E+08  0.137E-05
  0.860E+08  0.200E-05  0.880E+08  0.275E-05  0.900E+08  0.352E-05
  0.920E+08  0.455E-05  0.940E+08  0.529E-05  0.960E+08  0.596E-05
  0.980E+08  0.591E-05  0.100E+09  0.594E-05
SN124
         222
           0
          56
  0.782E+07  0.000E+00  0.210E+08  0.198E-15  0.220E+08  0.325E-13
  0.230E+08  0.749E-12  0.240E+08  0.140E-10  0.250E+08  0.136E-09
  0.260E+08  0.865E-09  0.270E+08  0.407E-08  0.280E+08  0.142E-07
  0.290E+08  0.412E-07  0.300E+08  0.105E-06  0.310E+08  0.241E-06
  0.320E+08  0.451E-06  0.330E+08  0.782E-06  0.340E+08  0.120E-05
  0.350E+08  0.194E-05  0.360E+08  0.296E-05  0.370E+08  0.448E-05
  0.380E+08  0.622E-05  0.390E+08  0.832E-05  0.400E+08  0.113E-04
  0.410E+08  0.142E-04  0.420E+08  0.172E-04  0.430E+08  0.203E-04
  0.440E+08  0.240E-04  0.450E+08  0.267E-04  0.460E+08  0.281E-04
  0.470E+08  0.275E-04  0.480E+08  0.285E-04  0.490E+08  0.294E-04
  0.500E+08  0.296E-04  0.520E+08  0.307E-04  0.540E+08  0.279E-04
  0.560E+08  0.269E-04  0.580E+08  0.259E-04  0.600E+08  0.258E-04
  0.620E+08  0.244E-04  0.640E+08  0.246E-04  0.660E+08  0.241E-04
  0.680E+08  0.170E-04  0.700E+08  0.163E-04  0.720E+08  0.164E-04
  0.740E+08  0.161E-04  0.760E+08  0.156E-04  0.780E+08  0.178E-04
  0.800E+08  0.167E-04  0.820E+08  0.167E-04  0.840E+08  0.166E-04
  0.860E+08  0.168E-04  0.880E+08  0.165E-04  0.900E+08  0.170E-04
  0.920E+08  0.164E-04  0.940E+08  0.166E-04  0.960E+08  0.172E-04
  0.980E+08  0.182E-04  0.100E+09  0.203E-04
SN123
         223
           0
          47
  0.164E+08  0.000E+00  0.300E+08  0.160E-12  0.310E+08  0.262E-11
  0.320E+08  0.346E-10  0.330E+08  0.269E-09  0.340E+08  0.146E-08
  0.350E+08  0.615E-08  0.360E+08  0.215E-07  0.370E+08  0.692E-07
  0.380E+08  0.188E-06  0.390E+08  0.450E-06  0.400E+08  0.103E-05
  0.410E+08  0.211E-05  0.420E+08  0.343E-05  0.430E+08  0.629E-05
  0.440E+08  0.103E-04  0.450E+08  0.163E-04  0.460E+08  0.242E-04
  0.470E+08  0.315E-04  0.480E+08  0.411E-04  0.490E+08  0.554E-04
  0.500E+08  0.667E-04  0.520E+08  0.881E-04  0.540E+08  0.100E-03
  0.560E+08  0.110E-03  0.580E+08  0.115E-03  0.600E+08  0.118E-03
  0.620E+08  0.115E-03  0.640E+08  0.111E-03  0.660E+08  0.109E-03
  0.680E+08  0.978E-04  0.700E+08  0.815E-04  0.720E+08  0.800E-04
  0.740E+08  0.768E-04  0.760E+08  0.727E-04  0.780E+08  0.676E-04
  0.800E+08  0.627E-04  0.820E+08  0.605E-04  0.840E+08  0.682E-04
  0.860E+08  0.679E-04  0.880E+08  0.655E-04  0.900E+08  0.637E-04
  0.920E+08  0.610E-04  0.940E+08  0.596E-04  0.960E+08  0.584E-04
  0.980E+08  0.566E-04  0.100E+09  0.584E-04
SN122
         224
           0
          41
  0.224E+08  0.000E+00  0.360E+08  0.374E-13  0.370E+08  0.200E-11
  0.380E+08  0.198E-10  0.390E+08  0.197E-09  0.400E+08  0.130E-08
  0.410E+08  0.628E-08  0.420E+08  0.153E-07  0.430E+08  0.564E-07
  0.440E+08  0.214E-06  0.450E+08  0.574E-06  0.460E+08  0.140E-05
  0.470E+08  0.297E-05  0.480E+08  0.587E-05  0.490E+08  0.851E-05
  0.500E+08  0.148E-04  0.520E+08  0.380E-04  0.540E+08  0.763E-04
  0.560E+08  0.137E-03  0.580E+08  0.215E-03  0.600E+08  0.308E-03
  0.620E+08  0.413E-03  0.640E+08  0.518E-03  0.660E+08  0.601E-03
  0.680E+08  0.660E-03  0.700E+08  0.677E-03  0.720E+08  0.707E-03
  0.740E+08  0.712E-03  0.760E+08  0.705E-03  0.780E+08  0.598E-03
  0.800E+08  0.573E-03  0.820E+08  0.573E-03  0.840E+08  0.551E-03
  0.860E+08  0.550E-03  0.880E+08  0.539E-03  0.900E+08  0.533E-03
  0.920E+08  0.522E-03  0.940E+08  0.517E-03  0.960E+08  0.521E-03
  0.980E+08  0.513E-03  0.100E+09  0.523E-03
SN121
         225
           0
          32
  0.312E+08  0.000E+00  0.450E+08  0.730E-16  0.460E+08  0.222E-13
  0.470E+08  0.848E-12  0.480E+08  0.135E-10  0.490E+08  0.408E-10
  0.500E+08  0.259E-09  0.520E+08  0.764E-08  0.540E+08  0.101E-06
  0.560E+08  0.845E-06  0.580E+08  0.409E-05  0.600E+08  0.140E-04
  0.620E+08  0.399E-04  0.640E+08  0.920E-04  0.660E+08  0.171E-03
  0.680E+08  0.318E-03  0.700E+08  0.462E-03  0.720E+08  0.630E-03
  0.740E+08  0.772E-03  0.760E+08  0.880E-03  0.780E+08  0.990E-03
  0.800E+08  0.101E-02  0.820E+08  0.102E-02  0.840E+08  0.101E-02
  0.860E+08  0.110E-02  0.880E+08  0.108E-02  0.900E+08  0.105E-02
  0.920E+08  0.102E-02  0.940E+08  0.100E-02  0.960E+08  0.974E-03
  0.980E+08  0.970E-03  0.100E+09  0.982E-03
SN120
         226
           0
          26
  0.375E+08  0.000E+00  0.520E+08  0.191E-15  0.540E+08  0.604E-12
  0.560E+08  0.157E-09  0.580E+08  0.490E-08  0.600E+08  0.691E-07
  0.620E+08  0.598E-06  0.640E+08  0.329E-05  0.660E+08  0.125E-04
  0.680E+08  0.336E-04  0.700E+08  0.942E-04  0.720E+08  0.207E-03
  0.740E+08  0.376E-03  0.760E+08  0.605E-03  0.780E+08  0.994E-03
  0.800E+08  0.134E-02  0.820E+08  0.177E-02  0.840E+08  0.216E-02
  0.860E+08  0.246E-02  0.880E+08  0.275E-02  0.900E+08  0.301E-02
  0.920E+08  0.321E-02  0.940E+08  0.332E-02  0.960E+08  0.333E-02
  0.980E+08  0.338E-02  0.100E+09  0.334E-02
SN119
         227
           0
          21
  0.466E+08  0.000E+00  0.620E+08  0.105E-15  0.640E+08  0.174E-12
  0.660E+08  0.311E-10  0.680E+08  0.851E-09  0.700E+08  0.177E-07
  0.720E+08  0.111E-06  0.740E+08  0.746E-06  0.760E+08  0.343E-05
  0.780E+08  0.162E-04  0.800E+08  0.659E-04  0.820E+08  0.157E-03
  0.840E+08  0.300E-03  0.860E+08  0.516E-03  0.880E+08  0.773E-03
  0.900E+08  0.114E-02  0.920E+08  0.159E-02  0.940E+08  0.202E-02
  0.960E+08  0.241E-02  0.980E+08  0.288E-02  0.100E+09  0.320E-02
SN118
         228
           0
          18
  0.532E+08  0.000E+00  0.680E+08  0.651E-16  0.700E+08  0.611E-13
  0.720E+08  0.723E-11  0.740E+08  0.111E-09  0.760E+08  0.235E-08
  0.780E+08  0.440E-07  0.800E+08  0.536E-06  0.820E+08  0.316E-05
  0.840E+08  0.116E-04  0.860E+08  0.362E-04  0.880E+08  0.796E-04
  0.900E+08  0.179E-03  0.920E+08  0.368E-03  0.940E+08  0.647E-03
  0.960E+08  0.104E-02  0.980E+08  0.137E-02  0.100E+09  0.194E-02
SN117
         229
           0
          13
  0.626E+08  0.000E+00  0.780E+08  0.227E-16  0.800E+08  0.214E-13
  0.820E+08  0.437E-11  0.840E+08  0.119E-09  0.860E+08  0.228E-08
  0.880E+08  0.183E-07  0.900E+08  0.139E-06  0.920E+08  0.771E-06
  0.940E+08  0.322E-05  0.960E+08  0.805E-05  0.980E+08  0.158E-04
  0.100E+09  0.298E-04
SN116
         230
           0
          10
  0.696E+08  0.000E+00  0.840E+08  0.242E-19  0.860E+08  0.134E-15
  0.880E+08  0.256E-13  0.900E+08  0.522E-11  0.920E+08  0.109E-09
  0.940E+08  0.172E-08  0.960E+08  0.174E-07  0.980E+08  0.594E-07
  0.100E+09  0.196E-06
SN115
         231
           0
           5
  0.792E+08  0.000E+00  0.940E+08  0.420E-21  0.960E+08  0.272E-17
  0.980E+08  0.554E-15  0.100E+09  0.110E-13
IN126
         254
           0
          29
  0.320E+08  0.000E+00  0.480E+08  0.907E-25  0.490E+08  0.294E-22
  0.500E+08  0.552E-21  0.520E+08  0.504E-19  0.540E+08  0.172E-17
  0.560E+08  0.260E-16  0.580E+08  0.221E-15  0.600E+08  0.904E-15
  0.620E+08  0.410E-14  0.640E+08  0.148E-13  0.660E+08  0.447E-13
  0.680E+08  0.991E-13  0.700E+08  0.157E-12  0.720E+08  0.256E-12
  0.740E+08  0.345E-12  0.760E+08  0.414E-12  0.780E+08  0.508E-12
  0.800E+08  0.616E-12  0.820E+08  0.918E-12  0.840E+08  0.925E-12
  0.860E+08  0.965E-12  0.880E+08  0.100E-11  0.900E+08  0.126E-11
  0.920E+08  0.223E-11  0.940E+08  0.283E-11  0.960E+08  0.414E-11
  0.980E+08  0.566E-11  0.100E+09  0.682E-11
IN125
         255
           0
          26
  0.353E+08  0.000E+00  0.520E+08  0.693E-24  0.540E+08  0.103E-20
  0.560E+08  0.181E-18  0.580E+08  0.805E-17  0.600E+08  0.931E-16
  0.620E+08  0.839E-15  0.640E+08  0.706E-14  0.660E+08  0.432E-13
  0.680E+08  0.185E-12  0.700E+08  0.477E-12  0.720E+08  0.141E-11
  0.740E+08  0.336E-11  0.760E+08  0.652E-11  0.780E+08  0.136E-10
  0.800E+08  0.227E-10  0.820E+08  0.331E-10  0.840E+08  0.426E-10
  0.860E+08  0.528E-10  0.880E+08  0.600E-10  0.900E+08  0.674E-10
  0.920E+08  0.750E-10  0.940E+08  0.688E-10  0.960E+08  0.725E-10
  0.980E+08  0.792E-10  0.100E+09  0.855E-10
IN124
         256
           0
          43
  0.165E+08  0.000E+00  0.340E+08  0.106E-18  0.350E+08  0.386E-17
  0.360E+08  0.524E-16  0.370E+08  0.608E-15  0.380E+08  0.291E-14
  0.390E+08  0.131E-13  0.400E+08  0.553E-13  0.410E+08  0.187E-12
  0.420E+08  0.563E-12  0.430E+08  0.156E-11  0.440E+08  0.342E-11
  0.450E+08  0.799E-11  0.460E+08  0.180E-10  0.470E+08  0.326E-10
  0.480E+08  0.575E-10  0.490E+08  0.115E-09  0.500E+08  0.151E-09
  0.520E+08  0.298E-09  0.540E+08  0.453E-09  0.560E+08  0.622E-09
  0.580E+08  0.995E-09  0.600E+08  0.130E-08  0.620E+08  0.190E-08
  0.640E+08  0.243E-08  0.660E+08  0.394E-08  0.680E+08  0.634E-08
  0.700E+08  0.979E-08  0.720E+08  0.137E-07  0.740E+08  0.174E-07
  0.760E+08  0.190E-07  0.780E+08  0.159E-07  0.800E+08  0.163E-07
  0.820E+08  0.164E-07  0.840E+08  0.163E-07  0.860E+08  0.161E-07
  0.880E+08  0.173E-07  0.900E+08  0.149E-07  0.920E+08  0.149E-07
  0.940E+08  0.147E-07  0.960E+08  0.147E-07  0.980E+08  0.147E-07
  0.100E+09  0.146E-07
IN123
         257
           0
          40
  0.200E+08  0.000E+00  0.370E+08  0.778E-21  0.380E+08  0.769E-19
  0.390E+08  0.185E-17  0.400E+08  0.310E-16  0.410E+08  0.394E-15
  0.420E+08  0.266E-14  0.430E+08  0.174E-13  0.440E+08  0.953E-13
  0.450E+08  0.451E-12  0.460E+08  0.200E-11  0.470E+08  0.628E-11
  0.480E+08  0.180E-10  0.490E+08  0.500E-10  0.500E+08  0.104E-09
  0.520E+08  0.448E-09  0.540E+08  0.139E-08  0.560E+08  0.365E-08
  0.580E+08  0.771E-08  0.600E+08  0.154E-07  0.620E+08  0.271E-07
  0.640E+08  0.373E-07  0.660E+08  0.477E-07  0.680E+08  0.584E-07
  0.700E+08  0.769E-07  0.720E+08  0.918E-07  0.740E+08  0.107E-06
  0.760E+08  0.126E-06  0.780E+08  0.162E-06  0.800E+08  0.213E-06
  0.820E+08  0.301E-06  0.840E+08  0.392E-06  0.860E+08  0.509E-06
  0.880E+08  0.665E-06  0.900E+08  0.719E-06  0.920E+08  0.816E-06
  0.940E+08  0.890E-06  0.960E+08  0.951E-06  0.980E+08  0.987E-06
  0.100E+09  0.998E-06
IN122
         258
           0
          57
  0.172E+07  0.000E+00  0.200E+08  0.530E-15  0.210E+08  0.181E-13
  0.220E+08  0.166E-12  0.230E+08  0.980E-12  0.240E+08  0.453E-11
  0.250E+08  0.175E-10  0.260E+08  0.586E-10  0.270E+08  0.140E-09
  0.280E+08  0.375E-09  0.290E+08  0.905E-09  0.300E+08  0.199E-08
  0.310E+08  0.444E-08  0.320E+08  0.717E-08  0.330E+08  0.124E-07
  0.340E+08  0.198E-07  0.350E+08  0.306E-07  0.360E+08  0.420E-07
  0.370E+08  0.534E-07  0.380E+08  0.636E-07  0.390E+08  0.715E-07
  0.400E+08  0.666E-07  0.410E+08  0.690E-07  0.420E+08  0.696E-07
  0.430E+08  0.688E-07  0.440E+08  0.731E-07  0.450E+08  0.695E-07
  0.460E+08  0.662E-07  0.470E+08  0.627E-07  0.480E+08  0.597E-07
  0.490E+08  0.426E-07  0.500E+08  0.398E-07  0.520E+08  0.377E-07
  0.540E+08  0.331E-07  0.560E+08  0.293E-07  0.580E+08  0.268E-07
  0.600E+08  0.245E-07  0.620E+08  0.324E-07  0.640E+08  0.545E-07
  0.660E+08  0.888E-07  0.680E+08  0.165E-06  0.700E+08  0.226E-06
  0.720E+08  0.346E-06  0.740E+08  0.452E-06  0.760E+08  0.541E-06
  0.780E+08  0.626E-06  0.800E+08  0.666E-06  0.820E+08  0.734E-06
  0.840E+08  0.750E-06  0.860E+08  0.812E-06  0.880E+08  0.904E-06
  0.900E+08  0.992E-06  0.920E+08  0.120E-05  0.940E+08  0.162E-05
  0.960E+08  0.201E-05  0.980E+08  0.252E-05  0.100E+09  0.304E-05
IN121
         259
           0
          51
  0.757E+07  0.000E+00  0.260E+08  0.772E-14  0.270E+08  0.267E-12
  0.280E+08  0.264E-11  0.290E+08  0.167E-10  0.300E+08  0.807E-10
  0.310E+08  0.351E-09  0.320E+08  0.913E-09  0.330E+08  0.277E-08
  0.340E+08  0.741E-08  0.350E+08  0.160E-07  0.360E+08  0.350E-07
  0.370E+08  0.695E-07  0.380E+08  0.127E-06  0.390E+08  0.215E-06
  0.400E+08  0.312E-06  0.410E+08  0.476E-06  0.420E+08  0.695E-06
  0.430E+08  0.981E-06  0.440E+08  0.143E-05  0.450E+08  0.193E-05
  0.460E+08  0.245E-05  0.470E+08  0.283E-05  0.480E+08  0.325E-05
  0.490E+08  0.314E-05  0.500E+08  0.340E-05  0.520E+08  0.394E-05
  0.540E+08  0.459E-05  0.560E+08  0.446E-05  0.580E+08  0.411E-05
  0.600E+08  0.268E-05  0.620E+08  0.239E-05  0.640E+08  0.222E-05
  0.660E+08  0.198E-05  0.680E+08  0.174E-05  0.700E+08  0.157E-05
  0.720E+08  0.164E-05  0.740E+08  0.161E-05  0.760E+08  0.185E-05
  0.780E+08  0.245E-05  0.800E+08  0.311E-05  0.820E+08  0.392E-05
  0.840E+08  0.475E-05  0.860E+08  0.562E-05  0.880E+08  0.638E-05
  0.900E+08  0.704E-05  0.920E+08  0.758E-05  0.940E+08  0.912E-05
  0.960E+08  0.939E-05  0.980E+08  0.967E-05  0.100E+09  0.951E-05
IN120
         260
           0
          43
  0.157E+08  0.000E+00  0.340E+08  0.315E-18  0.350E+08  0.152E-13
  0.360E+08  0.491E-12  0.370E+08  0.555E-11  0.380E+08  0.403E-10
  0.390E+08  0.215E-09  0.400E+08  0.904E-09  0.410E+08  0.347E-08
  0.420E+08  0.115E-07  0.430E+08  0.342E-07  0.440E+08  0.962E-07
  0.450E+08  0.252E-06  0.460E+08  0.458E-06  0.470E+08  0.977E-06
  0.480E+08  0.168E-05  0.490E+08  0.219E-05  0.500E+08  0.331E-05
  0.520E+08  0.679E-05  0.540E+08  0.105E-04  0.560E+08  0.149E-04
  0.580E+08  0.181E-04  0.600E+08  0.181E-04  0.620E+08  0.190E-04
  0.640E+08  0.193E-04  0.660E+08  0.180E-04  0.680E+08  0.163E-04
  0.700E+08  0.145E-04  0.720E+08  0.132E-04  0.740E+08  0.109E-04
  0.760E+08  0.961E-05  0.780E+08  0.103E-04  0.800E+08  0.912E-05
  0.820E+08  0.857E-05  0.840E+08  0.845E-05  0.860E+08  0.889E-05
  0.880E+08  0.102E-04  0.900E+08  0.125E-04  0.920E+08  0.151E-04
  0.940E+08  0.180E-04  0.960E+08  0.211E-04  0.980E+08  0.243E-04
  0.100E+09  0.284E-04
IN119
         261
           0
          36
  0.219E+08  0.000E+00  0.410E+08  0.620E-15  0.420E+08  0.572E-13
  0.430E+08  0.110E-11  0.440E+08  0.137E-10  0.450E+08  0.116E-09
  0.460E+08  0.449E-09  0.470E+08  0.260E-08  0.480E+08  0.970E-08
  0.490E+08  0.176E-07  0.500E+08  0.527E-07  0.520E+08  0.349E-06
  0.540E+08  0.151E-05  0.560E+08  0.467E-05  0.580E+08  0.107E-04
  0.600E+08  0.221E-04  0.620E+08  0.379E-04  0.640E+08  0.585E-04
  0.660E+08  0.806E-04  0.680E+08  0.102E-03  0.700E+08  0.118E-03
  0.720E+08  0.131E-03  0.740E+08  0.131E-03  0.760E+08  0.132E-03
  0.780E+08  0.139E-03  0.800E+08  0.134E-03  0.820E+08  0.126E-03
  0.840E+08  0.111E-03  0.860E+08  0.968E-04  0.880E+08  0.882E-04
  0.900E+08  0.809E-04  0.920E+08  0.625E-04  0.940E+08  0.623E-04
  0.960E+08  0.626E-04  0.980E+08  0.639E-04  0.100E+09  0.644E-04
IN118
         262
           0
          27
  0.304E+08  0.000E+00  0.500E+08  0.992E-15  0.520E+08  0.877E-12
  0.540E+08  0.198E-10  0.560E+08  0.629E-09  0.580E+08  0.949E-08
  0.600E+08  0.802E-07  0.620E+08  0.536E-06  0.640E+08  0.240E-05
  0.660E+08  0.828E-05  0.680E+08  0.207E-04  0.700E+08  0.420E-04
  0.720E+08  0.767E-04  0.740E+08  0.114E-03  0.760E+08  0.152E-03
  0.780E+08  0.192E-03  0.800E+08  0.244E-03  0.820E+08  0.282E-03
  0.840E+08  0.295E-03  0.860E+08  0.298E-03  0.880E+08  0.300E-03
  0.900E+08  0.291E-03  0.920E+08  0.260E-03  0.940E+08  0.247E-03
  0.960E+08  0.228E-03  0.980E+08  0.204E-03  0.100E+09  0.181E-03
IN117
         263
           0
          23
  0.370E+08  0.000E+00  0.580E+08  0.413E-14  0.600E+08  0.794E-12
  0.620E+08  0.467E-10  0.640E+08  0.111E-08  0.660E+08  0.199E-07
  0.680E+08  0.169E-06  0.700E+08  0.933E-06  0.720E+08  0.419E-05
  0.740E+08  0.126E-04  0.760E+08  0.272E-04  0.780E+08  0.515E-04
  0.800E+08  0.846E-04  0.820E+08  0.150E-03  0.840E+08  0.228E-03
  0.860E+08  0.331E-03  0.880E+08  0.447E-03  0.900E+08  0.563E-03
  0.920E+08  0.682E-03  0.940E+08  0.777E-03  0.960E+08  0.835E-03
  0.980E+08  0.866E-03  0.100E+09  0.883E-03
IN116
         264
           0
          19
  0.458E+08  0.000E+00  0.660E+08  0.464E-16  0.680E+08  0.248E-13
  0.700E+08  0.721E-12  0.720E+08  0.353E-10  0.740E+08  0.338E-09
  0.760E+08  0.319E-08  0.780E+08  0.231E-07  0.800E+08  0.110E-06
  0.820E+08  0.674E-06  0.840E+08  0.264E-05  0.860E+08  0.972E-05
  0.880E+08  0.244E-04  0.900E+08  0.546E-04  0.920E+08  0.118E-03
  0.940E+08  0.194E-03  0.960E+08  0.286E-03  0.980E+08  0.388E-03
  0.100E+09  0.517E-03
IN115
         265
           0
          15
  0.527E+08  0.000E+00  0.740E+08  0.263E-16  0.760E+08  0.411E-14
  0.780E+08  0.211E-12  0.800E+08  0.507E-11  0.820E+08  0.149E-09
  0.840E+08  0.194E-08  0.860E+08  0.289E-07  0.880E+08  0.182E-06
  0.900E+08  0.960E-06  0.920E+08  0.432E-05  0.940E+08  0.123E-04
  0.960E+08  0.288E-04  0.980E+08  0.564E-04  0.100E+09  0.900E-04
IN114
         266
           0
          11
  0.618E+08  0.000E+00  0.820E+08  0.218E-22  0.840E+08  0.412E-18
  0.860E+08  0.727E-15  0.880E+08  0.489E-13  0.900E+08  0.329E-11
  0.920E+08  0.688E-10  0.940E+08  0.814E-09  0.960E+08  0.920E-08
  0.980E+08  0.389E-07  0.100E+09  0.138E-06
IN113
         267
           0
           7
  0.691E+08  0.000E+00  0.900E+08  0.203E-19  0.920E+08  0.126E-16
  0.940E+08  0.137E-14  0.960E+08  0.129E-12  0.980E+08  0.166E-11
  0.100E+09  0.187E-10
IN112
         268
           0
           2
  0.786E+08  0.000E+00  0.100E+09  0.540E-22
CD125
         275
           0
          20
  0.435E+08  0.000E+00  0.640E+08  0.388E-31  0.660E+08  0.853E-28
  0.680E+08  0.166E-25  0.700E+08  0.436E-24  0.720E+08  0.151E-22
  0.740E+08  0.231E-21  0.760E+08  0.287E-20  0.780E+08  0.412E-19
  0.800E+08  0.260E-18  0.820E+08  0.128E-17  0.840E+08  0.435E-17
  0.860E+08  0.104E-16  0.880E+08  0.243E-16  0.900E+08  0.495E-16
  0.920E+08  0.104E-15  0.940E+08  0.163E-15  0.960E+08  0.247E-15
  0.980E+08  0.319E-15  0.100E+09  0.319E-15
CD124
         276
           0
          19
  0.463E+08  0.000E+00  0.660E+08  0.224E-32  0.680E+08  0.184E-29
  0.700E+08  0.377E-27  0.720E+08  0.110E-24  0.740E+08  0.490E-23
  0.760E+08  0.156E-21  0.780E+08  0.604E-20  0.800E+08  0.838E-19
  0.820E+08  0.831E-18  0.840E+08  0.533E-17  0.860E+08  0.274E-16
  0.880E+08  0.102E-15  0.900E+08  0.339E-15  0.920E+08  0.123E-14
  0.940E+08  0.328E-14  0.960E+08  0.715E-14  0.980E+08  0.133E-13
  0.100E+09  0.227E-13
CD123
         277
           0
          29
  0.276E+08  0.000E+00  0.480E+08  0.937E-29  0.490E+08  0.229E-25
  0.500E+08  0.103E-23  0.520E+08  0.246E-21  0.540E+08  0.141E-19
  0.560E+08  0.317E-18  0.580E+08  0.518E-17  0.600E+08  0.496E-16
  0.620E+08  0.386E-15  0.640E+08  0.193E-14  0.660E+08  0.645E-14
  0.680E+08  0.175E-13  0.700E+08  0.391E-13  0.720E+08  0.842E-13
  0.740E+08  0.147E-12  0.760E+08  0.223E-12  0.780E+08  0.310E-12
  0.800E+08  0.371E-12  0.820E+08  0.372E-12  0.840E+08  0.425E-12
  0.860E+08  0.449E-12  0.880E+08  0.494E-12  0.900E+08  0.497E-12
  0.920E+08  0.553E-12  0.940E+08  0.616E-12  0.960E+08  0.874E-12
  0.980E+08  0.121E-11  0.100E+09  0.169E-11
CD122
         278
           0
          26
  0.302E+08  0.000E+00  0.520E+08  0.155E-25  0.540E+08  0.904E-23
  0.560E+08  0.149E-20  0.580E+08  0.996E-19  0.600E+08  0.314E-17
  0.620E+08  0.641E-16  0.640E+08  0.759E-15  0.660E+08  0.488E-14
  0.680E+08  0.288E-13  0.700E+08  0.110E-12  0.720E+08  0.459E-12
  0.740E+08  0.146E-11  0.760E+08  0.395E-11  0.780E+08  0.112E-10
  0.800E+08  0.213E-10  0.820E+08  0.351E-10  0.840E+08  0.563E-10
  0.860E+08  0.808E-10  0.880E+08  0.110E-09  0.900E+08  0.132E-09
  0.920E+08  0.151E-09  0.940E+08  0.157E-09  0.960E+08  0.184E-09
  0.980E+08  0.195E-09  0.100E+09  0.141E-09
CD121
         279
           0
          43
  0.117E+08  0.000E+00  0.340E+08  0.379E-22  0.350E+08  0.470E-20
  0.360E+08  0.949E-19  0.370E+08  0.126E-17  0.380E+08  0.727E-17
  0.390E+08  0.433E-16  0.400E+08  0.217E-15  0.410E+08  0.922E-15
  0.420E+08  0.346E-14  0.430E+08  0.123E-13  0.440E+08  0.389E-13
  0.450E+08  0.120E-12  0.460E+08  0.335E-12  0.470E+08  0.685E-12
  0.480E+08  0.153E-11  0.490E+08  0.305E-11  0.500E+08  0.559E-11
  0.520E+08  0.156E-10  0.540E+08  0.304E-10  0.560E+08  0.506E-10
  0.580E+08  0.643E-10  0.600E+08  0.781E-10  0.620E+08  0.923E-10
  0.640E+08  0.997E-10  0.660E+08  0.944E-10  0.680E+08  0.946E-10
  0.700E+08  0.831E-10  0.720E+08  0.851E-10  0.740E+08  0.832E-10
  0.760E+08  0.949E-10  0.780E+08  0.110E-09  0.800E+08  0.139E-09
  0.820E+08  0.210E-09  0.840E+08  0.292E-09  0.860E+08  0.452E-09
  0.880E+08  0.715E-09  0.900E+08  0.104E-08  0.920E+08  0.140E-08
  0.940E+08  0.178E-08  0.960E+08  0.250E-08  0.980E+08  0.301E-08
  0.100E+09  0.302E-08
CD120
         280
           0
          40
  0.146E+08  0.000E+00  0.370E+08  0.102E-22  0.380E+08  0.673E-21
  0.390E+08  0.141E-19  0.400E+08  0.218E-18  0.410E+08  0.297E-17
  0.420E+08  0.194E-16  0.430E+08  0.175E-15  0.440E+08  0.116E-14
  0.450E+08  0.719E-14  0.460E+08  0.361E-13  0.470E+08  0.128E-12
  0.480E+08  0.445E-12  0.490E+08  0.129E-11  0.500E+08  0.357E-11
  0.520E+08  0.213E-10  0.540E+08  0.887E-10  0.560E+08  0.307E-09
  0.580E+08  0.818E-09  0.600E+08  0.199E-08  0.620E+08  0.438E-08
  0.640E+08  0.804E-08  0.660E+08  0.114E-07  0.680E+08  0.165E-07
  0.700E+08  0.193E-07  0.720E+08  0.242E-07  0.740E+08  0.316E-07
  0.760E+08  0.361E-07  0.780E+08  0.380E-07  0.800E+08  0.388E-07
  0.820E+08  0.425E-07  0.840E+08  0.396E-07  0.860E+08  0.388E-07
  0.880E+08  0.420E-07  0.900E+08  0.422E-07  0.920E+08  0.418E-07
  0.940E+08  0.440E-07  0.960E+08  0.460E-07  0.980E+08  0.521E-07
  0.100E+09  0.653E-07
CD119
         281
           0
          32
  0.227E+08  0.000E+00  0.450E+08  0.414E-22  0.460E+08  0.147E-19
  0.470E+08  0.551E-18  0.480E+08  0.933E-17  0.490E+08  0.840E-16
  0.500E+08  0.724E-15  0.520E+08  0.266E-13  0.540E+08  0.511E-12
  0.560E+08  0.622E-11  0.580E+08  0.497E-10  0.600E+08  0.299E-09
  0.620E+08  0.140E-08  0.640E+08  0.493E-08  0.660E+08  0.120E-07
  0.680E+08  0.297E-07  0.700E+08  0.527E-07  0.720E+08  0.953E-07
  0.740E+08  0.140E-06  0.760E+08  0.203E-06  0.780E+08  0.260E-06
  0.800E+08  0.303E-06  0.820E+08  0.351E-06  0.840E+08  0.359E-06
  0.860E+08  0.364E-06  0.880E+08  0.368E-06  0.900E+08  0.359E-06
  0.920E+08  0.333E-06  0.940E+08  0.255E-06  0.960E+08  0.231E-06
  0.980E+08  0.217E-06  0.100E+09  0.199E-06
CD118
         282
           0
          26
  0.281E+08  0.000E+00  0.520E+08  0.446E-18  0.540E+08  0.158E-15
  0.560E+08  0.106E-13  0.580E+08  0.298E-12  0.600E+08  0.474E-11
  0.620E+08  0.203E-10  0.640E+08  0.173E-09  0.660E+08  0.928E-09
  0.680E+08  0.527E-08  0.700E+08  0.173E-07  0.720E+08  0.535E-07
  0.740E+08  0.123E-06  0.760E+08  0.252E-06  0.780E+08  0.488E-06
  0.800E+08  0.847E-06  0.820E+08  0.134E-05  0.840E+08  0.193E-05
  0.860E+08  0.274E-05  0.880E+08  0.358E-05  0.900E+08  0.437E-05
  0.920E+08  0.513E-05  0.940E+08  0.533E-05  0.960E+08  0.559E-05
  0.980E+08  0.582E-05  0.100E+09  0.578E-05
CD117
         283
           0
          22
  0.365E+08  0.000E+00  0.600E+08  0.141E-19  0.620E+08  0.739E-17
  0.640E+08  0.976E-15  0.660E+08  0.485E-13  0.680E+08  0.214E-11
  0.700E+08  0.334E-10  0.720E+08  0.352E-09  0.740E+08  0.222E-08
  0.760E+08  0.828E-08  0.780E+08  0.326E-07  0.800E+08  0.823E-07
  0.820E+08  0.223E-06  0.840E+08  0.517E-06  0.860E+08  0.935E-06
  0.880E+08  0.170E-05  0.900E+08  0.283E-05  0.920E+08  0.435E-05
  0.940E+08  0.621E-05  0.960E+08  0.795E-05  0.980E+08  0.986E-05
  0.100E+09  0.113E-04
CD116
         284
           0
          19
  0.423E+08  0.000E+00  0.660E+08  0.304E-21  0.680E+08  0.140E-17
  0.700E+08  0.476E-15  0.720E+08  0.961E-13  0.740E+08  0.245E-11
  0.760E+08  0.256E-10  0.780E+08  0.296E-09  0.800E+08  0.211E-08
  0.820E+08  0.115E-07  0.840E+08  0.471E-07  0.860E+08  0.128E-06
  0.880E+08  0.326E-06  0.900E+08  0.801E-06  0.920E+08  0.189E-05
  0.940E+08  0.408E-05  0.960E+08  0.716E-05  0.980E+08  0.119E-04
  0.100E+09  0.177E-04
CD115
         285
           0
          15
  0.511E+08  0.000E+00  0.740E+08  0.137E-23  0.760E+08  0.132E-19
  0.780E+08  0.158E-16  0.800E+08  0.159E-14  0.820E+08  0.848E-13
  0.840E+08  0.968E-12  0.860E+08  0.133E-10  0.880E+08  0.875E-10
  0.900E+08  0.732E-09  0.920E+08  0.535E-08  0.940E+08  0.308E-07
  0.960E+08  0.109E-06  0.980E+08  0.330E-06  0.100E+09  0.844E-06
CD114
         286
           0
          11
  0.573E+08  0.000E+00  0.820E+08  0.248E-20  0.840E+08  0.188E-17
  0.860E+08  0.275E-15  0.880E+08  0.663E-14  0.900E+08  0.207E-12
  0.920E+08  0.462E-11  0.940E+08  0.708E-10  0.960E+08  0.633E-09
  0.980E+08  0.370E-08  0.100E+09  0.179E-07
CD113
         287
           0
           7
  0.664E+08  0.000E+00  0.900E+08  0.234E-24  0.920E+08  0.220E-21
  0.940E+08  0.144E-18  0.960E+08  0.213E-16  0.980E+08  0.557E-15
  0.100E+09  0.178E-13
CD112
         288
           0
           4
  0.730E+08  0.000E+00  0.960E+08  0.695E-29  0.980E+08  0.438E-25
  0.100E+09  0.163E-21
AG124
         467
           0
          11
  0.577E+08  0.000E+00  0.820E+08  0.351E-37  0.840E+08  0.111E-33
  0.860E+08  0.357E-31  0.880E+08  0.417E-29  0.900E+08  0.205E-27
  0.920E+08  0.127E-25  0.940E+08  0.371E-24  0.960E+08  0.341E-23
  0.980E+08  0.261E-22  0.100E+09  0.137E-21
AG123
         468
           0
          10
  0.601E+08  0.000E+00  0.840E+08  0.307E-37  0.860E+08  0.353E-33
  0.880E+08  0.667E-31  0.900E+08  0.750E-29  0.920E+08  0.582E-27
  0.940E+08  0.274E-25  0.960E+08  0.572E-24  0.980E+08  0.877E-23
  0.100E+09  0.760E-22
AG122
         469
           0
          19
  0.403E+08  0.000E+00  0.660E+08  0.949E-32  0.680E+08  0.273E-28
  0.700E+08  0.202E-26  0.720E+08  0.202E-24  0.740E+08  0.808E-23
  0.760E+08  0.188E-21  0.780E+08  0.622E-20  0.800E+08  0.448E-19
  0.820E+08  0.337E-18  0.840E+08  0.183E-17  0.860E+08  0.765E-17
  0.880E+08  0.262E-16  0.900E+08  0.692E-16  0.920E+08  0.145E-15
  0.940E+08  0.294E-15  0.960E+08  0.527E-15  0.980E+08  0.837E-15
  0.100E+09  0.115E-14
AG121
         470
           0
          18
  0.438E+08  0.000E+00  0.680E+08  0.193E-33  0.700E+08  0.694E-30
  0.720E+08  0.405E-27  0.740E+08  0.611E-25  0.760E+08  0.465E-23
  0.780E+08  0.359E-21  0.800E+08  0.730E-20  0.820E+08  0.116E-18
  0.840E+08  0.115E-17  0.860E+08  0.901E-17  0.880E+08  0.517E-16
  0.900E+08  0.239E-15  0.920E+08  0.959E-15  0.940E+08  0.330E-14
  0.960E+08  0.953E-14  0.980E+08  0.237E-13  0.100E+09  0.498E-13
AG120
         471
           0
          26
  0.243E+08  0.000E+00  0.520E+08  0.424E-24  0.540E+08  0.800E-22
  0.560E+08  0.475E-20  0.580E+08  0.110E-18  0.600E+08  0.203E-17
  0.620E+08  0.276E-16  0.640E+08  0.231E-15  0.660E+08  0.103E-14
  0.680E+08  0.467E-14  0.700E+08  0.138E-13  0.720E+08  0.463E-13
  0.740E+08  0.113E-12  0.760E+08  0.246E-12  0.780E+08  0.445E-12
  0.800E+08  0.805E-12  0.820E+08  0.130E-11  0.840E+08  0.155E-11
  0.860E+08  0.126E-11  0.880E+08  0.152E-11  0.900E+08  0.158E-11
  0.920E+08  0.157E-11  0.940E+08  0.148E-11  0.960E+08  0.143E-11
  0.980E+08  0.153E-11  0.100E+09  0.170E-11
AG119
         472
           0
          25
  0.275E+08  0.000E+00  0.540E+08  0.213E-27  0.560E+08  0.445E-24
  0.580E+08  0.155E-21  0.600E+08  0.175E-19  0.620E+08  0.858E-18
  0.640E+08  0.198E-16  0.660E+08  0.184E-15  0.680E+08  0.190E-14
  0.700E+08  0.103E-13  0.720E+08  0.675E-13  0.740E+08  0.307E-12
  0.760E+08  0.117E-11  0.780E+08  0.414E-11  0.800E+08  0.937E-11
  0.820E+08  0.206E-10  0.840E+08  0.392E-10  0.860E+08  0.645E-10
  0.880E+08  0.106E-09  0.900E+08  0.146E-09  0.920E+08  0.184E-09
  0.940E+08  0.215E-09  0.960E+08  0.241E-09  0.980E+08  0.272E-09
  0.100E+09  0.289E-09
AG118
         473
           0
          41
  0.819E+07  0.000E+00  0.360E+08  0.109E-22  0.370E+08  0.634E-21
  0.380E+08  0.105E-19  0.390E+08  0.105E-18  0.400E+08  0.735E-18
  0.410E+08  0.436E-17  0.420E+08  0.220E-16  0.430E+08  0.967E-16
  0.440E+08  0.404E-15  0.450E+08  0.178E-14  0.460E+08  0.468E-14
  0.470E+08  0.135E-13  0.480E+08  0.399E-13  0.490E+08  0.853E-13
  0.500E+08  0.199E-12  0.520E+08  0.772E-12  0.540E+08  0.291E-11
  0.560E+08  0.766E-11  0.580E+08  0.157E-10  0.600E+08  0.246E-10
  0.620E+08  0.348E-10  0.640E+08  0.454E-10  0.660E+08  0.437E-10
  0.680E+08  0.494E-10  0.700E+08  0.492E-10  0.720E+08  0.502E-10
  0.740E+08  0.285E-10  0.760E+08  0.274E-10  0.780E+08  0.359E-10
  0.800E+08  0.405E-10  0.820E+08  0.491E-10  0.840E+08  0.746E-10
  0.860E+08  0.154E-09  0.880E+08  0.296E-09  0.900E+08  0.543E-09
  0.920E+08  0.912E-09  0.940E+08  0.142E-08  0.960E+08  0.206E-08
  0.980E+08  0.293E-08  0.100E+09  0.373E-08
AG117
         474
           0
          35
  0.136E+08  0.000E+00  0.420E+08  0.238E-20  0.430E+08  0.721E-19
  0.440E+08  0.103E-17  0.450E+08  0.137E-16  0.460E+08  0.794E-16
  0.470E+08  0.555E-15  0.480E+08  0.278E-14  0.490E+08  0.575E-14
  0.500E+08  0.224E-13  0.520E+08  0.224E-12  0.540E+08  0.182E-11
  0.560E+08  0.987E-11  0.580E+08  0.409E-10  0.600E+08  0.131E-09
  0.620E+08  0.374E-09  0.640E+08  0.948E-09  0.660E+08  0.177E-08
  0.680E+08  0.335E-08  0.700E+08  0.517E-08  0.720E+08  0.731E-08
  0.740E+08  0.883E-08  0.760E+08  0.101E-07  0.780E+08  0.121E-07
  0.800E+08  0.102E-07  0.820E+08  0.996E-08  0.840E+08  0.945E-08
  0.860E+08  0.853E-08  0.880E+08  0.794E-08  0.900E+08  0.774E-08
  0.920E+08  0.713E-08  0.940E+08  0.778E-08  0.960E+08  0.897E-08
  0.980E+08  0.118E-07  0.100E+09  0.161E-07
AG116
         475
           0
          27
  0.213E+08  0.000E+00  0.500E+08  0.765E-23  0.520E+08  0.106E-17
  0.540E+08  0.138E-15  0.560E+08  0.568E-14  0.580E+08  0.122E-12
  0.600E+08  0.176E-11  0.620E+08  0.162E-10  0.640E+08  0.108E-09
  0.660E+08  0.480E-09  0.680E+08  0.181E-08  0.700E+08  0.513E-08
  0.720E+08  0.123E-07  0.740E+08  0.220E-07  0.760E+08  0.365E-07
  0.780E+08  0.528E-07  0.800E+08  0.710E-07  0.820E+08  0.859E-07
  0.840E+08  0.963E-07  0.860E+08  0.978E-07  0.880E+08  0.999E-07
  0.900E+08  0.101E-06  0.920E+08  0.946E-07  0.940E+08  0.113E-06
  0.960E+08  0.105E-06  0.980E+08  0.958E-07  0.100E+09  0.102E-06
AG115
         476
           0
          24
  0.272E+08  0.000E+00  0.560E+08  0.297E-24  0.580E+08  0.152E-18
  0.600E+08  0.718E-16  0.620E+08  0.391E-14  0.640E+08  0.108E-12
  0.660E+08  0.345E-11  0.680E+08  0.346E-10  0.700E+08  0.239E-09
  0.720E+08  0.130E-08  0.740E+08  0.566E-08  0.760E+08  0.162E-07
  0.780E+08  0.356E-07  0.800E+08  0.910E-07  0.820E+08  0.172E-06
  0.840E+08  0.289E-06  0.860E+08  0.436E-06  0.880E+08  0.618E-06
  0.900E+08  0.841E-06  0.920E+08  0.101E-05  0.940E+08  0.119E-05
  0.960E+08  0.133E-05  0.980E+08  0.141E-05  0.100E+09  0.154E-05
AG114
         477
           0
          20
  0.353E+08  0.000E+00  0.640E+08  0.408E-25  0.660E+08  0.488E-18
  0.680E+08  0.694E-16  0.700E+08  0.349E-14  0.720E+08  0.113E-12
  0.740E+08  0.216E-11  0.760E+08  0.188E-10  0.780E+08  0.110E-09
  0.800E+08  0.108E-08  0.820E+08  0.521E-08  0.840E+08  0.191E-07
  0.860E+08  0.569E-07  0.880E+08  0.153E-06  0.900E+08  0.326E-06
  0.920E+08  0.570E-06  0.940E+08  0.962E-06  0.960E+08  0.143E-05
  0.980E+08  0.199E-05  0.100E+09  0.256E-05
AG113
         478
           0
          17
  0.413E+08  0.000E+00  0.700E+08  0.409E-23  0.720E+08  0.371E-19
  0.740E+08  0.925E-17  0.760E+08  0.324E-15  0.780E+08  0.660E-14
  0.800E+08  0.311E-12  0.820E+08  0.492E-11  0.840E+08  0.522E-10
  0.860E+08  0.415E-09  0.880E+08  0.360E-08  0.900E+08  0.154E-07
  0.920E+08  0.469E-07  0.940E+08  0.132E-06  0.960E+08  0.301E-06
  0.980E+08  0.617E-06  0.100E+09  0.109E-05
AG112
         479
           0
          12
  0.499E+08  0.000E+00  0.800E+08  0.670E-22  0.820E+08  0.615E-19
  0.840E+08  0.276E-16  0.860E+08  0.174E-14  0.880E+08  0.102E-12
  0.900E+08  0.839E-12  0.920E+08  0.987E-11  0.940E+08  0.852E-10
  0.960E+08  0.512E-09  0.980E+08  0.226E-08  0.100E+09  0.876E-08
AG111
         480
           0
           9
  0.564E+08  0.000E+00  0.860E+08  0.788E-23  0.880E+08  0.319E-19
  0.900E+08  0.473E-17  0.920E+08  0.108E-15  0.940E+08  0.335E-14
  0.960E+08  0.640E-13  0.980E+08  0.555E-12  0.100E+09  0.577E-11
AG110
         481
           0
           5
  0.653E+08  0.000E+00  0.940E+08  0.297E-25  0.960E+08  0.570E-22
  0.980E+08  0.247E-20  0.100E+09  0.298E-18
PD123
         573
           0
           3
  0.705E+08  0.000E+00  0.980E+08  0.140E-44  0.100E+09  0.118E-40
PD122
         574
           0
           2
  0.725E+08  0.000E+00  0.100E+09  0.140E-44
PD121
         575
           0
          11
  0.523E+08  0.000E+00  0.820E+08  0.268E-38  0.840E+08  0.126E-34
  0.860E+08  0.468E-32  0.880E+08  0.558E-30  0.900E+08  0.302E-28
  0.920E+08  0.148E-26  0.940E+08  0.358E-25  0.960E+08  0.482E-24
  0.980E+08  0.545E-23  0.100E+09  0.381E-22
PD120
         576
           0
          10
  0.547E+08  0.000E+00  0.840E+08  0.439E-39  0.860E+08  0.558E-35
  0.880E+08  0.199E-32  0.900E+08  0.433E-30  0.920E+08  0.739E-28
  0.940E+08  0.304E-26  0.960E+08  0.869E-25  0.980E+08  0.187E-23
  0.100E+09  0.242E-22
PD119
         577
           0
          18
  0.357E+08  0.000E+00  0.680E+08  0.226E-30  0.700E+08  0.314E-28
  0.720E+08  0.418E-26  0.740E+08  0.227E-24  0.760E+08  0.717E-23
  0.780E+08  0.281E-21  0.800E+08  0.340E-20  0.820E+08  0.234E-19
  0.840E+08  0.148E-18  0.860E+08  0.101E-17  0.880E+08  0.447E-17
  0.900E+08  0.149E-16  0.920E+08  0.416E-16  0.940E+08  0.139E-15
  0.960E+08  0.290E-15  0.980E+08  0.489E-15  0.100E+09  0.783E-15
PD118
         578
           0
          18
  0.383E+08  0.000E+00  0.680E+08  0.192E-35  0.700E+08  0.917E-32
  0.720E+08  0.147E-28  0.740E+08  0.244E-26  0.760E+08  0.188E-24
  0.780E+08  0.216E-22  0.800E+08  0.593E-21  0.820E+08  0.793E-20
  0.840E+08  0.724E-19  0.860E+08  0.918E-18  0.880E+08  0.697E-17
  0.900E+08  0.403E-16  0.920E+08  0.198E-15  0.940E+08  0.769E-15
  0.960E+08  0.263E-14  0.980E+08  0.788E-14  0.100E+09  0.194E-13
PD117
         579
           0
          26
  0.190E+08  0.000E+00  0.520E+08  0.450E-26  0.540E+08  0.983E-24
  0.560E+08  0.626E-22  0.580E+08  0.189E-20  0.600E+08  0.393E-19
  0.620E+08  0.623E-18  0.640E+08  0.535E-17  0.660E+08  0.306E-16
  0.680E+08  0.211E-15  0.700E+08  0.788E-15  0.720E+08  0.311E-14
  0.740E+08  0.977E-14  0.760E+08  0.240E-13  0.780E+08  0.381E-13
  0.800E+08  0.631E-13  0.820E+08  0.928E-13  0.840E+08  0.121E-12
  0.860E+08  0.153E-12  0.880E+08  0.190E-12  0.900E+08  0.182E-12
  0.920E+08  0.187E-12  0.940E+08  0.209E-12  0.960E+08  0.221E-12
  0.980E+08  0.259E-12  0.100E+09  0.321E-12
PD116
         580
           0
          25
  0.218E+08  0.000E+00  0.540E+08  0.113E-27  0.560E+08  0.629E-25
  0.580E+08  0.881E-23  0.600E+08  0.659E-21  0.620E+08  0.310E-19
  0.640E+08  0.667E-18  0.660E+08  0.745E-17  0.680E+08  0.813E-16
  0.700E+08  0.755E-15  0.720E+08  0.564E-14  0.740E+08  0.344E-13
  0.760E+08  0.146E-12  0.780E+08  0.428E-12  0.800E+08  0.125E-11
  0.820E+08  0.298E-11  0.840E+08  0.649E-11  0.860E+08  0.128E-10
  0.880E+08  0.233E-10  0.900E+08  0.328E-10  0.920E+08  0.444E-10
  0.940E+08  0.697E-10  0.960E+08  0.104E-09  0.980E+08  0.126E-09
  0.100E+09  0.143E-09
PD115
         581
           0
          21
  0.286E+08  0.000E+00  0.620E+08  0.449E-24  0.640E+08  0.134E-21
  0.660E+08  0.955E-20  0.680E+08  0.754E-18  0.700E+08  0.151E-16
  0.720E+08  0.243E-15  0.740E+08  0.270E-14  0.760E+08  0.147E-13
  0.780E+08  0.897E-13  0.800E+08  0.472E-12  0.820E+08  0.191E-11
  0.840E+08  0.667E-11  0.860E+08  0.203E-10  0.880E+08  0.548E-10
  0.900E+08  0.107E-09  0.920E+08  0.204E-09  0.940E+08  0.362E-09
  0.960E+08  0.539E-09  0.980E+08  0.823E-09  0.100E+09  0.112E-08
PD114
         582
           0
          19
  0.337E+08  0.000E+00  0.660E+08  0.369E-29  0.680E+08  0.488E-23
  0.700E+08  0.142E-20  0.720E+08  0.144E-18  0.740E+08  0.593E-17
  0.760E+08  0.668E-16  0.780E+08  0.108E-14  0.800E+08  0.125E-13
  0.820E+08  0.105E-12  0.840E+08  0.677E-12  0.860E+08  0.346E-11
  0.880E+08  0.143E-10  0.900E+08  0.562E-10  0.920E+08  0.173E-09
  0.940E+08  0.439E-09  0.960E+08  0.992E-09  0.980E+08  0.216E-08
  0.100E+09  0.416E-08
PD113
         583
           0
          15
  0.417E+08  0.000E+00  0.740E+08  0.376E-27  0.760E+08  0.136E-24
  0.780E+08  0.128E-21  0.800E+08  0.203E-19  0.820E+08  0.133E-17
  0.840E+08  0.454E-16  0.860E+08  0.890E-15  0.880E+08  0.106E-13
  0.900E+08  0.177E-12  0.920E+08  0.155E-11  0.940E+08  0.959E-11
  0.960E+08  0.434E-10  0.980E+08  0.159E-09  0.100E+09  0.493E-09
PD112
         584
           0
          12
  0.472E+08  0.000E+00  0.800E+08  0.282E-26  0.820E+08  0.816E-23
  0.840E+08  0.613E-21  0.860E+08  0.625E-19  0.880E+08  0.150E-17
  0.900E+08  0.724E-16  0.920E+08  0.190E-14  0.940E+08  0.326E-13
  0.960E+08  0.341E-12  0.980E+08  0.254E-11  0.100E+09  0.144E-10
PD111
         585
           0
           8
  0.556E+08  0.000E+00  0.880E+08  0.628E-30  0.900E+08  0.265E-25
  0.920E+08  0.211E-22  0.940E+08  0.231E-20  0.960E+08  0.107E-18
  0.980E+08  0.277E-17  0.100E+09  0.695E-16
PD110
         586
           0
           5
  0.614E+08  0.000E+00  0.940E+08  0.695E-29  0.960E+08  0.352E-25
  0.980E+08  0.603E-23  0.100E+09  0.102E-20
RH120
         873
           0
           2
  0.671E+08  0.000E+00  0.100E+09  0.130E-42
RH118
         875
           0
          10
  0.489E+08  0.000E+00  0.840E+08  0.105E-38  0.860E+08  0.523E-35
  0.880E+08  0.215E-32  0.900E+08  0.266E-30  0.920E+08  0.186E-28
  0.940E+08  0.868E-27  0.960E+08  0.191E-25  0.980E+08  0.372E-24
  0.100E+09  0.425E-23
RH117
         876
           0
           9
  0.520E+08  0.000E+00  0.860E+08  0.180E-39  0.880E+08  0.625E-36
  0.900E+08  0.488E-33  0.920E+08  0.124E-30  0.940E+08  0.146E-28
  0.960E+08  0.737E-27  0.980E+08  0.282E-25  0.100E+09  0.709E-24
RH116
         877
           0
          17
  0.322E+08  0.000E+00  0.700E+08  0.923E-31  0.720E+08  0.384E-28
  0.740E+08  0.539E-26  0.760E+08  0.215E-24  0.780E+08  0.645E-23
  0.800E+08  0.116E-21  0.820E+08  0.114E-20  0.840E+08  0.119E-19
  0.860E+08  0.119E-18  0.880E+08  0.654E-18  0.900E+08  0.312E-17
  0.920E+08  0.121E-16  0.940E+08  0.427E-16  0.960E+08  0.113E-15
  0.980E+08  0.294E-15  0.100E+09  0.792E-15
RH115
         878
           0
          17
  0.349E+08  0.000E+00  0.700E+08  0.254E-33  0.720E+08  0.436E-30
  0.740E+08  0.764E-28  0.760E+08  0.262E-26  0.780E+08  0.155E-24
  0.800E+08  0.593E-23  0.820E+08  0.125E-21  0.840E+08  0.240E-20
  0.860E+08  0.408E-19  0.880E+08  0.374E-18  0.900E+08  0.306E-17
  0.920E+08  0.206E-16  0.940E+08  0.116E-15  0.960E+08  0.514E-15
  0.980E+08  0.227E-14  0.100E+09  0.674E-14
RH114
         879
           0
          25
  0.150E+08  0.000E+00  0.540E+08  0.312E-26  0.560E+08  0.940E-24
  0.580E+08  0.718E-22  0.600E+08  0.296E-20  0.620E+08  0.739E-19
  0.640E+08  0.130E-17  0.660E+08  0.145E-16  0.680E+08  0.120E-15
  0.700E+08  0.846E-15  0.720E+08  0.470E-14  0.740E+08  0.272E-13
  0.760E+08  0.879E-13  0.780E+08  0.193E-12  0.800E+08  0.391E-12
  0.820E+08  0.742E-12  0.840E+08  0.121E-11  0.860E+08  0.182E-11
  0.880E+08  0.236E-11  0.900E+08  0.294E-11  0.920E+08  0.310E-11
  0.940E+08  0.296E-11  0.960E+08  0.301E-11  0.980E+08  0.299E-11
  0.100E+09  0.176E-11
RH113
         880
           0
          23
  0.195E+08  0.000E+00  0.580E+08  0.192E-25  0.600E+08  0.417E-23
  0.620E+08  0.609E-21  0.640E+08  0.357E-19  0.660E+08  0.102E-17
  0.680E+08  0.121E-16  0.700E+08  0.173E-15  0.720E+08  0.182E-14
  0.740E+08  0.219E-13  0.760E+08  0.122E-12  0.780E+08  0.396E-12
  0.800E+08  0.146E-11  0.820E+08  0.457E-11  0.840E+08  0.124E-10
  0.860E+08  0.297E-10  0.880E+08  0.596E-10  0.900E+08  0.109E-09
  0.920E+08  0.164E-09  0.940E+08  0.227E-09  0.960E+08  0.292E-09
  0.980E+08  0.356E-09  0.100E+09  0.388E-09
RH112
         881
           0
          19
  0.268E+08  0.000E+00  0.660E+08  0.261E-23  0.680E+08  0.200E-21
  0.700E+08  0.155E-19  0.720E+08  0.740E-18  0.740E+08  0.293E-16
  0.760E+08  0.421E-15  0.780E+08  0.339E-14  0.800E+08  0.432E-13
  0.820E+08  0.272E-12  0.840E+08  0.121E-11  0.860E+08  0.542E-11
  0.880E+08  0.190E-10  0.900E+08  0.564E-10  0.920E+08  0.124E-09
  0.940E+08  0.266E-09  0.960E+08  0.456E-09  0.980E+08  0.698E-09
  0.100E+09  0.114E-08
RH111
         882
           0
          17
  0.323E+08  0.000E+00  0.700E+08  0.170E-26  0.720E+08  0.392E-23
  0.740E+08  0.865E-21  0.760E+08  0.323E-19  0.780E+08  0.886E-18
  0.800E+08  0.539E-16  0.820E+08  0.927E-15  0.840E+08  0.107E-13
  0.860E+08  0.103E-12  0.880E+08  0.740E-12  0.900E+08  0.415E-11
  0.920E+08  0.150E-10  0.940E+08  0.551E-10  0.960E+08  0.151E-09
  0.980E+08  0.441E-09  0.100E+09  0.998E-09
RH110
         883
           0
          12
  0.398E+08  0.000E+00  0.800E+08  0.853E-24  0.820E+08  0.273E-21
  0.840E+08  0.234E-19  0.860E+08  0.117E-17  0.880E+08  0.387E-16
  0.900E+08  0.741E-15  0.920E+08  0.746E-14  0.940E+08  0.758E-13
  0.960E+08  0.498E-12  0.980E+08  0.361E-11  0.100E+09  0.219E-10
RH109
         884
           0
          10
  0.458E+08  0.000E+00  0.840E+08  0.184E-29  0.860E+08  0.487E-25
  0.880E+08  0.644E-22  0.900E+08  0.681E-20  0.920E+08  0.350E-18
  0.940E+08  0.938E-17  0.960E+08  0.159E-15  0.980E+08  0.169E-14
  0.100E+09  0.259E-13
RH108
         885
           0
           6
  0.539E+08  0.000E+00  0.920E+08  0.947E-29  0.940E+08  0.191E-25
  0.960E+08  0.564E-23  0.980E+08  0.142E-21  0.100E+09  0.109E-19
RH107
         886
           0
           3
  0.602E+08  0.000E+00  0.980E+08  0.120E-34  0.100E+09  0.976E-29
