         120
I130 
          16
           0
          74
  0.870E+07  0.000E+00  0.900E+07  0.391E-02  0.950E+07  0.995E-01
  0.100E+08  0.391E+00  0.105E+08  0.748E+00  0.110E+08  0.107E+01
  0.115E+08  0.132E+01  0.120E+08  0.151E+01  0.125E+08  0.164E+01
  0.130E+08  0.173E+01  0.135E+08  0.183E+01  0.140E+08  0.187E+01
  0.145E+08  0.190E+01  0.150E+08  0.192E+01  0.160E+08  0.192E+01
  0.170E+08  0.182E+01  0.180E+08  0.151E+01  0.190E+08  0.115E+01
  0.200E+08  0.835E+00  0.210E+08  0.612E+00  0.220E+08  0.464E+00
  0.230E+08  0.342E+00  0.240E+08  0.286E+00  0.250E+08  0.250E+00
  0.260E+08  0.226E+00  0.270E+08  0.207E+00  0.280E+08  0.193E+00
  0.290E+08  0.190E+00  0.300E+08  0.181E+00  0.310E+08  0.173E+00
  0.320E+08  0.166E+00  0.330E+08  0.160E+00  0.340E+08  0.155E+00
  0.350E+08  0.150E+00  0.360E+08  0.147E+00  0.370E+08  0.143E+00
  0.380E+08  0.139E+00  0.390E+08  0.135E+00  0.400E+08  0.133E+00
  0.410E+08  0.130E+00  0.420E+08  0.127E+00  0.430E+08  0.125E+00
  0.440E+08  0.122E+00  0.450E+08  0.120E+00  0.460E+08  0.117E+00
  0.470E+08  0.115E+00  0.480E+08  0.113E+00  0.490E+08  0.110E+00
  0.500E+08  0.106E+00  0.520E+08  0.996E-01  0.540E+08  0.960E-01
  0.560E+08  0.927E-01  0.580E+08  0.875E-01  0.600E+08  0.823E-01
  0.620E+08  0.866E-01  0.640E+08  0.838E-01  0.660E+08  0.811E-01
  0.680E+08  0.789E-01  0.700E+08  0.767E-01  0.720E+08  0.743E-01
  0.740E+08  0.721E-01  0.760E+08  0.700E-01  0.780E+08  0.680E-01
  0.800E+08  0.660E-01  0.820E+08  0.648E-01  0.840E+08  0.637E-01
  0.860E+08  0.625E-01  0.880E+08  0.613E-01  0.900E+08  0.601E-01
  0.920E+08  0.590E-01  0.940E+08  0.578E-01  0.960E+08  0.559E-01
  0.980E+08  0.545E-01  0.100E+09  0.534E-01
I129 
          17
           0
          61
  0.152E+08  0.000E+00  0.160E+08  0.140E-02  0.170E+08  0.110E+00
  0.180E+08  0.415E+00  0.190E+08  0.773E+00  0.200E+08  0.106E+01
  0.210E+08  0.127E+01  0.220E+08  0.139E+01  0.230E+08  0.150E+01
  0.240E+08  0.153E+01  0.250E+08  0.155E+01  0.260E+08  0.155E+01
  0.270E+08  0.153E+01  0.280E+08  0.146E+01  0.290E+08  0.134E+01
  0.300E+08  0.120E+01  0.310E+08  0.105E+01  0.320E+08  0.912E+00
  0.330E+08  0.788E+00  0.340E+08  0.683E+00  0.350E+08  0.597E+00
  0.360E+08  0.539E+00  0.370E+08  0.490E+00  0.380E+08  0.441E+00
  0.390E+08  0.401E+00  0.400E+08  0.373E+00  0.410E+08  0.326E+00
  0.420E+08  0.304E+00  0.430E+08  0.286E+00  0.440E+08  0.271E+00
  0.450E+08  0.258E+00  0.460E+08  0.246E+00  0.470E+08  0.236E+00
  0.480E+08  0.227E+00  0.490E+08  0.222E+00  0.500E+08  0.218E+00
  0.520E+08  0.209E+00  0.540E+08  0.180E+00  0.560E+08  0.174E+00
  0.580E+08  0.166E+00  0.600E+08  0.159E+00  0.620E+08  0.146E+00
  0.640E+08  0.140E+00  0.660E+08  0.135E+00  0.680E+08  0.130E+00
  0.700E+08  0.127E+00  0.720E+08  0.123E+00  0.740E+08  0.120E+00
  0.760E+08  0.116E+00  0.780E+08  0.113E+00  0.800E+08  0.109E+00
  0.820E+08  0.106E+00  0.840E+08  0.108E+00  0.860E+08  0.105E+00
  0.880E+08  0.107E+00  0.900E+08  0.104E+00  0.920E+08  0.102E+00
  0.940E+08  0.993E-01  0.960E+08  0.974E-01  0.980E+08  0.954E-01
  0.100E+09  0.933E-01
I128 
          37
           0
          52
  0.241E+08  0.000E+00  0.250E+08  0.233E-04  0.260E+08  0.300E-02
  0.270E+08  0.350E-01  0.280E+08  0.864E-01  0.290E+08  0.189E+00
  0.300E+08  0.317E+00  0.310E+08  0.451E+00  0.320E+08  0.575E+00
  0.330E+08  0.683E+00  0.340E+08  0.768E+00  0.350E+08  0.827E+00
  0.360E+08  0.834E+00  0.370E+08  0.817E+00  0.380E+08  0.785E+00
  0.390E+08  0.733E+00  0.400E+08  0.681E+00  0.410E+08  0.615E+00
  0.420E+08  0.552E+00  0.430E+08  0.494E+00  0.440E+08  0.442E+00
  0.450E+08  0.397E+00  0.460E+08  0.357E+00  0.470E+08  0.338E+00
  0.480E+08  0.308E+00  0.490E+08  0.296E+00  0.500E+08  0.284E+00
  0.520E+08  0.244E+00  0.540E+08  0.216E+00  0.560E+08  0.192E+00
  0.580E+08  0.175E+00  0.600E+08  0.161E+00  0.620E+08  0.150E+00
  0.640E+08  0.141E+00  0.660E+08  0.133E+00  0.680E+08  0.126E+00
  0.700E+08  0.118E+00  0.720E+08  0.113E+00  0.740E+08  0.109E+00
  0.760E+08  0.101E+00  0.780E+08  0.927E-01  0.800E+08  0.881E-01
  0.820E+08  0.836E-01  0.840E+08  0.790E-01  0.860E+08  0.766E-01
  0.880E+08  0.744E-01  0.900E+08  0.722E-01  0.920E+08  0.701E-01
  0.940E+08  0.683E-01  0.960E+08  0.657E-01  0.980E+08  0.639E-01
  0.100E+09  0.621E-01
TE131
         103
           0
          81
  0.148E+07  0.000E+00  0.550E+07  0.103E-04  0.600E+07  0.550E-04
  0.650E+07  0.142E-03  0.700E+07  0.297E-03  0.750E+07  0.515E-03
  0.800E+07  0.866E-03  0.850E+07  0.135E-02  0.900E+07  0.197E-02
  0.950E+07  0.274E-02  0.100E+08  0.365E-02  0.105E+08  0.444E-02
  0.110E+08  0.523E-02  0.115E+08  0.677E-02  0.120E+08  0.849E-02
  0.125E+08  0.104E-01  0.130E+08  0.124E-01  0.135E+08  0.145E-01
  0.140E+08  0.165E-01  0.145E+08  0.177E-01  0.150E+08  0.188E-01
  0.160E+08  0.230E-01  0.170E+08  0.261E-01  0.180E+08  0.284E-01
  0.190E+08  0.290E-01  0.200E+08  0.300E-01  0.210E+08  0.311E-01
  0.220E+08  0.321E-01  0.230E+08  0.327E-01  0.240E+08  0.324E-01
  0.250E+08  0.323E-01  0.260E+08  0.322E-01  0.270E+08  0.320E-01
  0.280E+08  0.319E-01  0.290E+08  0.318E-01  0.300E+08  0.315E-01
  0.310E+08  0.314E-01  0.320E+08  0.313E-01  0.330E+08  0.313E-01
  0.340E+08  0.312E-01  0.350E+08  0.311E-01  0.360E+08  0.308E-01
  0.370E+08  0.305E-01  0.380E+08  0.302E-01  0.390E+08  0.299E-01
  0.400E+08  0.296E-01  0.410E+08  0.293E-01  0.420E+08  0.288E-01
  0.430E+08  0.283E-01  0.440E+08  0.279E-01  0.450E+08  0.272E-01
  0.460E+08  0.264E-01  0.470E+08  0.257E-01  0.480E+08  0.253E-01
  0.490E+08  0.251E-01  0.500E+08  0.250E-01  0.520E+08  0.247E-01
  0.540E+08  0.244E-01  0.560E+08  0.241E-01  0.580E+08  0.233E-01
  0.600E+08  0.226E-01  0.620E+08  0.219E-01  0.640E+08  0.212E-01
  0.660E+08  0.205E-01  0.680E+08  0.199E-01  0.700E+08  0.193E-01
  0.720E+08  0.181E-01  0.740E+08  0.170E-01  0.760E+08  0.165E-01
  0.780E+08  0.160E-01  0.800E+08  0.156E-01  0.820E+08  0.151E-01
  0.840E+08  0.147E-01  0.860E+08  0.143E-01  0.880E+08  0.143E-01
  0.900E+08  0.143E-01  0.920E+08  0.139E-01  0.940E+08  0.135E-01
  0.960E+08  0.131E-01  0.980E+08  0.128E-01  0.100E+09  0.125E-01
SB130
         111
           0
          61
  0.117E+08  0.000E+00  0.160E+08  0.190E-03  0.170E+08  0.351E-03
  0.180E+08  0.505E-03  0.190E+08  0.585E-03  0.200E+08  0.774E-03
  0.210E+08  0.983E-03  0.220E+08  0.121E-02  0.230E+08  0.145E-02
  0.240E+08  0.157E-02  0.250E+08  0.185E-02  0.260E+08  0.213E-02
  0.270E+08  0.242E-02  0.280E+08  0.272E-02  0.290E+08  0.289E-02
  0.300E+08  0.322E-02  0.310E+08  0.358E-02  0.320E+08  0.395E-02
  0.330E+08  0.433E-02  0.340E+08  0.470E-02  0.350E+08  0.494E-02
  0.360E+08  0.533E-02  0.370E+08  0.570E-02  0.380E+08  0.604E-02
  0.390E+08  0.632E-02  0.400E+08  0.663E-02  0.410E+08  0.680E-02
  0.420E+08  0.682E-02  0.430E+08  0.689E-02  0.440E+08  0.692E-02
  0.450E+08  0.693E-02  0.460E+08  0.692E-02  0.470E+08  0.691E-02
  0.480E+08  0.689E-02  0.490E+08  0.670E-02  0.500E+08  0.669E-02
  0.520E+08  0.667E-02  0.540E+08  0.637E-02  0.560E+08  0.634E-02
  0.580E+08  0.629E-02  0.600E+08  0.627E-02  0.620E+08  0.625E-02
  0.640E+08  0.623E-02  0.660E+08  0.620E-02  0.680E+08  0.618E-02
  0.700E+08  0.617E-02  0.720E+08  0.633E-02  0.740E+08  0.629E-02
  0.760E+08  0.627E-02  0.780E+08  0.624E-02  0.800E+08  0.621E-02
  0.820E+08  0.618E-02  0.840E+08  0.614E-02  0.860E+08  0.612E-02
  0.880E+08  0.644E-02  0.900E+08  0.641E-02  0.920E+08  0.638E-02
  0.940E+08  0.633E-02  0.960E+08  0.646E-02  0.980E+08  0.642E-02
  0.100E+09  0.639E-02
I127 
         121
           0
          45
  0.310E+08  0.000E+00  0.320E+08  0.100E-05  0.330E+08  0.217E-03
  0.340E+08  0.292E-02  0.350E+08  0.143E-01  0.360E+08  0.434E-01
  0.370E+08  0.910E-01  0.380E+08  0.155E+00  0.390E+08  0.228E+00
  0.400E+08  0.286E+00  0.410E+08  0.381E+00  0.420E+08  0.449E+00
  0.430E+08  0.508E+00  0.440E+08  0.558E+00  0.450E+08  0.600E+00
  0.460E+08  0.632E+00  0.470E+08  0.640E+00  0.480E+08  0.655E+00
  0.490E+08  0.628E+00  0.500E+08  0.619E+00  0.520E+08  0.601E+00
  0.540E+08  0.550E+00  0.560E+08  0.494E+00  0.580E+08  0.440E+00
  0.600E+08  0.393E+00  0.620E+08  0.360E+00  0.640E+08  0.324E+00
  0.660E+08  0.311E+00  0.680E+08  0.278E+00  0.700E+08  0.254E+00
  0.720E+08  0.234E+00  0.740E+08  0.220E+00  0.760E+08  0.203E+00
  0.780E+08  0.190E+00  0.800E+08  0.179E+00  0.820E+08  0.171E+00
  0.840E+08  0.162E+00  0.860E+08  0.154E+00  0.880E+08  0.150E+00
  0.900E+08  0.147E+00  0.920E+08  0.143E+00  0.940E+08  0.137E+00
  0.960E+08  0.132E+00  0.980E+08  0.127E+00  0.100E+09  0.114E+00
I126 
         122
           0
          36
  0.402E+08  0.000E+00  0.410E+08  0.717E-10  0.420E+08  0.282E-06
  0.430E+08  0.137E-04  0.440E+08  0.158E-03  0.450E+08  0.873E-03
  0.460E+08  0.236E-02  0.470E+08  0.653E-02  0.480E+08  0.143E-01
  0.490E+08  0.273E-01  0.500E+08  0.449E-01  0.520E+08  0.930E-01
  0.540E+08  0.171E+00  0.560E+08  0.225E+00  0.580E+08  0.264E+00
  0.600E+08  0.287E+00  0.620E+08  0.298E+00  0.640E+08  0.300E+00
  0.660E+08  0.290E+00  0.680E+08  0.275E+00  0.700E+08  0.266E+00
  0.720E+08  0.257E+00  0.740E+08  0.236E+00  0.760E+08  0.217E+00
  0.780E+08  0.201E+00  0.800E+08  0.172E+00  0.820E+08  0.162E+00
  0.840E+08  0.150E+00  0.860E+08  0.140E+00  0.880E+08  0.127E+00
  0.900E+08  0.119E+00  0.920E+08  0.112E+00  0.940E+08  0.106E+00
  0.960E+08  0.100E+00  0.980E+08  0.955E-01  0.100E+09  0.933E-01
I125 
         123
           0
          27
  0.474E+08  0.000E+00  0.500E+08  0.264E-07  0.520E+08  0.211E-04
  0.540E+08  0.961E-03  0.560E+08  0.533E-02  0.580E+08  0.169E-01
  0.600E+08  0.375E-01  0.620E+08  0.695E-01  0.640E+08  0.109E+00
  0.660E+08  0.135E+00  0.680E+08  0.188E+00  0.700E+08  0.207E+00
  0.720E+08  0.236E+00  0.740E+08  0.258E+00  0.760E+08  0.279E+00
  0.780E+08  0.282E+00  0.800E+08  0.286E+00  0.820E+08  0.278E+00
  0.840E+08  0.267E+00  0.860E+08  0.255E+00  0.880E+08  0.243E+00
  0.900E+08  0.235E+00  0.920E+08  0.225E+00  0.940E+08  0.214E+00
  0.960E+08  0.208E+00  0.980E+08  0.203E+00  0.100E+09  0.196E+00
I124 
         124
           0
          22
  0.570E+08  0.000E+00  0.600E+08  0.893E-09  0.620E+08  0.701E-06
  0.640E+08  0.223E-04  0.660E+08  0.128E-03  0.680E+08  0.111E-02
  0.700E+08  0.378E-02  0.720E+08  0.947E-02  0.740E+08  0.192E-01
  0.760E+08  0.368E-01  0.780E+08  0.547E-01  0.800E+08  0.812E-01
  0.820E+08  0.933E-01  0.840E+08  0.108E+00  0.860E+08  0.119E+00
  0.880E+08  0.128E+00  0.900E+08  0.131E+00  0.920E+08  0.132E+00
  0.940E+08  0.131E+00  0.960E+08  0.126E+00  0.980E+08  0.121E+00
  0.100E+09  0.118E+00
I123 
         125
           0
          18
  0.646E+08  0.000E+00  0.680E+08  0.716E-09  0.700E+08  0.171E-06
  0.720E+08  0.509E-05  0.740E+08  0.541E-04  0.760E+08  0.449E-03
  0.780E+08  0.154E-02  0.800E+08  0.523E-02  0.820E+08  0.891E-02
  0.840E+08  0.162E-01  0.860E+08  0.263E-01  0.880E+08  0.342E-01
  0.900E+08  0.421E-01  0.920E+08  0.561E-01  0.940E+08  0.706E-01
  0.960E+08  0.782E-01  0.980E+08  0.912E-01  0.100E+09  0.103E+00
I122 
         126
           0
          13
  0.746E+08  0.000E+00  0.780E+08  0.155E-10  0.800E+08  0.994E-08
  0.820E+08  0.129E-06  0.840E+08  0.159E-05  0.860E+08  0.121E-04
  0.880E+08  0.149E-04  0.900E+08  0.688E-04  0.920E+08  0.236E-03
  0.940E+08  0.645E-03  0.960E+08  0.115E-02  0.980E+08  0.223E-02
  0.100E+09  0.416E-02
I121 
         127
           0
          10
  0.825E+08  0.000E+00  0.840E+08  0.878E-15  0.860E+08  0.990E-12
  0.880E+08  0.404E-11  0.900E+08  0.641E-09  0.920E+08  0.222E-07
  0.940E+08  0.319E-06  0.960E+08  0.148E-05  0.980E+08  0.513E-05
  0.100E+09  0.229E-04
I120 
         128
           0
           3
  0.930E+08  0.000E+00  0.980E+08  0.133E-15  0.100E+09  0.140E-12
TE130
         153
           0
          74
  0.521E+07  0.000E+00  0.900E+07  0.247E-08  0.950E+07  0.554E-07
  0.100E+08  0.351E-06  0.105E+08  0.124E-05  0.110E+08  0.446E-05
  0.115E+08  0.213E-02  0.120E+08  0.310E-02  0.125E+08  0.407E-02
  0.130E+08  0.504E-02  0.135E+08  0.601E-02  0.140E+08  0.698E-02
  0.145E+08  0.795E-02  0.150E+08  0.892E-02  0.160E+08  0.109E-01
  0.170E+08  0.128E-01  0.180E+08  0.161E-01  0.190E+08  0.225E-01
  0.200E+08  0.304E-01  0.210E+08  0.393E-01  0.220E+08  0.487E-01
  0.230E+08  0.587E-01  0.240E+08  0.681E-01  0.250E+08  0.778E-01
  0.260E+08  0.867E-01  0.270E+08  0.937E-01  0.280E+08  0.100E+00
  0.290E+08  0.105E+00  0.300E+08  0.110E+00  0.310E+08  0.114E+00
  0.320E+08  0.117E+00  0.330E+08  0.120E+00  0.340E+08  0.121E+00
  0.350E+08  0.120E+00  0.360E+08  0.119E+00  0.370E+08  0.118E+00
  0.380E+08  0.117E+00  0.390E+08  0.116E+00  0.400E+08  0.115E+00
  0.410E+08  0.115E+00  0.420E+08  0.114E+00  0.430E+08  0.113E+00
  0.440E+08  0.113E+00  0.450E+08  0.112E+00  0.460E+08  0.112E+00
  0.470E+08  0.111E+00  0.480E+08  0.110E+00  0.490E+08  0.109E+00
  0.500E+08  0.108E+00  0.520E+08  0.106E+00  0.540E+08  0.104E+00
  0.560E+08  0.103E+00  0.580E+08  0.102E+00  0.600E+08  0.101E+00
  0.620E+08  0.100E+00  0.640E+08  0.993E-01  0.660E+08  0.983E-01
  0.680E+08  0.977E-01  0.700E+08  0.967E-01  0.720E+08  0.956E-01
  0.740E+08  0.949E-01  0.760E+08  0.943E-01  0.780E+08  0.936E-01
  0.800E+08  0.861E-01  0.820E+08  0.854E-01  0.840E+08  0.845E-01
  0.860E+08  0.839E-01  0.880E+08  0.834E-01  0.900E+08  0.828E-01
  0.920E+08  0.820E-01  0.940E+08  0.812E-01  0.960E+08  0.804E-01
  0.980E+08  0.797E-01  0.100E+09  0.830E-01
TE129
         154
           0
          59
  0.137E+08  0.000E+00  0.180E+08  0.465E-08  0.190E+08  0.579E-06
  0.200E+08  0.890E-05  0.210E+08  0.640E-04  0.220E+08  0.273E-03
  0.230E+08  0.806E-03  0.240E+08  0.191E-02  0.250E+08  0.379E-02
  0.260E+08  0.667E-02  0.270E+08  0.116E-01  0.280E+08  0.169E-01
  0.290E+08  0.233E-01  0.300E+08  0.300E-01  0.310E+08  0.359E-01
  0.320E+08  0.426E-01  0.330E+08  0.496E-01  0.340E+08  0.571E-01
  0.350E+08  0.645E-01  0.360E+08  0.712E-01  0.370E+08  0.770E-01
  0.380E+08  0.818E-01  0.390E+08  0.882E-01  0.400E+08  0.886E-01
  0.410E+08  0.893E-01  0.420E+08  0.900E-01  0.430E+08  0.907E-01
  0.440E+08  0.913E-01  0.450E+08  0.920E-01  0.460E+08  0.927E-01
  0.470E+08  0.934E-01  0.480E+08  0.941E-01  0.490E+08  0.877E-01
  0.500E+08  0.858E-01  0.520E+08  0.819E-01  0.540E+08  0.786E-01
  0.560E+08  0.755E-01  0.580E+08  0.734E-01  0.600E+08  0.766E-01
  0.620E+08  0.750E-01  0.640E+08  0.734E-01  0.660E+08  0.723E-01
  0.680E+08  0.707E-01  0.700E+08  0.695E-01  0.720E+08  0.682E-01
  0.740E+08  0.666E-01  0.760E+08  0.657E-01  0.780E+08  0.650E-01
  0.800E+08  0.648E-01  0.820E+08  0.645E-01  0.840E+08  0.643E-01
  0.860E+08  0.641E-01  0.880E+08  0.634E-01  0.900E+08  0.627E-01
  0.920E+08  0.619E-01  0.940E+08  0.612E-01  0.960E+08  0.605E-01
  0.980E+08  0.602E-01  0.100E+09  0.556E-01
TE128
         155
           0
          53
  0.198E+08  0.000E+00  0.240E+08  0.371E-14  0.250E+08  0.135E-06
  0.260E+08  0.508E-05  0.270E+08  0.568E-04  0.280E+08  0.187E-03
  0.290E+08  0.595E-03  0.300E+08  0.147E-02  0.310E+08  0.286E-02
  0.320E+08  0.518E-02  0.330E+08  0.851E-02  0.340E+08  0.129E-01
  0.350E+08  0.185E-01  0.360E+08  0.251E-01  0.370E+08  0.327E-01
  0.380E+08  0.410E-01  0.390E+08  0.479E-01  0.400E+08  0.569E-01
  0.410E+08  0.647E-01  0.420E+08  0.735E-01  0.430E+08  0.821E-01
  0.440E+08  0.906E-01  0.450E+08  0.999E-01  0.460E+08  0.108E+00
  0.470E+08  0.116E+00  0.480E+08  0.124E+00  0.490E+08  0.134E+00
  0.500E+08  0.140E+00  0.520E+08  0.153E+00  0.540E+08  0.159E+00
  0.560E+08  0.163E+00  0.580E+08  0.165E+00  0.600E+08  0.166E+00
  0.620E+08  0.166E+00  0.640E+08  0.165E+00  0.660E+08  0.162E+00
  0.680E+08  0.157E+00  0.700E+08  0.152E+00  0.720E+08  0.146E+00
  0.740E+08  0.141E+00  0.760E+08  0.136E+00  0.780E+08  0.133E+00
  0.800E+08  0.130E+00  0.820E+08  0.124E+00  0.840E+08  0.118E+00
  0.860E+08  0.113E+00  0.880E+08  0.107E+00  0.900E+08  0.101E+00
  0.920E+08  0.100E+00  0.940E+08  0.988E-01  0.960E+08  0.976E-01
  0.980E+08  0.960E-01  0.100E+09  0.948E-01
TE127
         156
           0
          44
  0.287E+08  0.000E+00  0.330E+08  0.591E-11  0.340E+08  0.579E-08
  0.350E+08  0.190E-06  0.360E+08  0.231E-05  0.370E+08  0.157E-04
  0.380E+08  0.689E-04  0.390E+08  0.179E-03  0.400E+08  0.468E-03
  0.410E+08  0.128E-02  0.420E+08  0.240E-02  0.430E+08  0.409E-02
  0.440E+08  0.593E-02  0.450E+08  0.927E-02  0.460E+08  0.132E-01
  0.470E+08  0.178E-01  0.480E+08  0.229E-01  0.490E+08  0.286E-01
  0.500E+08  0.342E-01  0.520E+08  0.412E-01  0.540E+08  0.508E-01
  0.560E+08  0.587E-01  0.580E+08  0.647E-01  0.600E+08  0.678E-01
  0.620E+08  0.709E-01  0.640E+08  0.730E-01  0.660E+08  0.764E-01
  0.680E+08  0.798E-01  0.700E+08  0.831E-01  0.720E+08  0.865E-01
  0.740E+08  0.899E-01  0.760E+08  0.933E-01  0.780E+08  0.987E-01
  0.800E+08  0.105E+00  0.820E+08  0.107E+00  0.840E+08  0.104E+00
  0.860E+08  0.100E+00  0.880E+08  0.966E-01  0.900E+08  0.933E-01
  0.920E+08  0.881E-01  0.940E+08  0.855E-01  0.960E+08  0.830E-01
  0.980E+08  0.809E-01  0.100E+09  0.789E-01
TE126
         157
           0
          37
  0.350E+08  0.000E+00  0.400E+08  0.448E-10  0.410E+08  0.150E-07
  0.420E+08  0.278E-06  0.430E+08  0.265E-05  0.440E+08  0.172E-04
  0.450E+08  0.677E-04  0.460E+08  0.162E-03  0.470E+08  0.413E-03
  0.480E+08  0.896E-03  0.490E+08  0.194E-02  0.500E+08  0.325E-02
  0.520E+08  0.757E-02  0.540E+08  0.147E-01  0.560E+08  0.244E-01
  0.580E+08  0.365E-01  0.600E+08  0.460E-01  0.620E+08  0.600E-01
  0.640E+08  0.745E-01  0.660E+08  0.877E-01  0.680E+08  0.996E-01
  0.700E+08  0.109E+00  0.720E+08  0.113E+00  0.740E+08  0.117E+00
  0.760E+08  0.121E+00  0.780E+08  0.124E+00  0.800E+08  0.127E+00
  0.820E+08  0.131E+00  0.840E+08  0.135E+00  0.860E+08  0.140E+00
  0.880E+08  0.144E+00  0.900E+08  0.149E+00  0.920E+08  0.153E+00
  0.940E+08  0.154E+00  0.960E+08  0.155E+00  0.980E+08  0.154E+00
  0.100E+09  0.153E+00
TE125
         158
           0
          27
  0.442E+08  0.000E+00  0.500E+08  0.386E-10  0.520E+08  0.249E-07
  0.540E+08  0.145E-05  0.560E+08  0.218E-04  0.580E+08  0.145E-03
  0.600E+08  0.446E-03  0.620E+08  0.139E-02  0.640E+08  0.276E-02
  0.660E+08  0.575E-02  0.680E+08  0.106E-01  0.700E+08  0.167E-01
  0.720E+08  0.301E-01  0.740E+08  0.378E-01  0.760E+08  0.446E-01
  0.780E+08  0.485E-01  0.800E+08  0.524E-01  0.820E+08  0.563E-01
  0.840E+08  0.582E-01  0.860E+08  0.599E-01  0.880E+08  0.615E-01
  0.900E+08  0.632E-01  0.920E+08  0.650E-01  0.940E+08  0.667E-01
  0.960E+08  0.687E-01  0.980E+08  0.713E-01  0.100E+09  0.743E-01
TE124
         159
           0
          23
  0.508E+08  0.000E+00  0.580E+08  0.369E-09  0.600E+08  0.383E-07
  0.620E+08  0.147E-05  0.640E+08  0.185E-04  0.660E+08  0.116E-03
  0.680E+08  0.505E-03  0.700E+08  0.145E-02  0.720E+08  0.428E-02
  0.740E+08  0.810E-02  0.760E+08  0.137E-01  0.780E+08  0.180E-01
  0.800E+08  0.283E-01  0.820E+08  0.402E-01  0.840E+08  0.507E-01
  0.860E+08  0.608E-01  0.880E+08  0.698E-01  0.900E+08  0.747E-01
  0.920E+08  0.841E-01  0.940E+08  0.895E-01  0.960E+08  0.940E-01
  0.980E+08  0.969E-01  0.100E+09  0.985E-01
TE123
         160
           0
          19
  0.603E+08  0.000E+00  0.660E+08  0.159E-14  0.680E+08  0.442E-10
  0.700E+08  0.522E-08  0.720E+08  0.336E-06  0.740E+08  0.368E-05
  0.760E+08  0.240E-04  0.780E+08  0.577E-04  0.800E+08  0.167E-03
  0.820E+08  0.565E-03  0.840E+08  0.135E-02  0.860E+08  0.275E-02
  0.880E+08  0.485E-02  0.900E+08  0.686E-02  0.920E+08  0.110E-01
  0.940E+08  0.155E-01  0.960E+08  0.207E-01  0.980E+08  0.261E-01
  0.100E+09  0.309E-01
TE122
         161
           0
          16
  0.673E+08  0.000E+00  0.720E+08  0.537E-14  0.740E+08  0.203E-11
  0.760E+08  0.488E-09  0.780E+08  0.104E-07  0.800E+08  0.105E-06
  0.820E+08  0.139E-05  0.840E+08  0.983E-05  0.860E+08  0.451E-04
  0.880E+08  0.149E-03  0.900E+08  0.221E-03  0.920E+08  0.679E-03
  0.940E+08  0.148E-02  0.960E+08  0.286E-02  0.980E+08  0.498E-02
  0.100E+09  0.759E-02
TE121
         162
           0
          10
  0.772E+08  0.000E+00  0.840E+08  0.146E-14  0.860E+08  0.898E-12
  0.880E+08  0.667E-10  0.900E+08  0.302E-09  0.920E+08  0.116E-07
  0.940E+08  0.785E-07  0.960E+08  0.634E-06  0.980E+08  0.349E-05
  0.100E+09  0.816E-05
TE120
         163
           0
           6
  0.845E+08  0.000E+00  0.920E+08  0.335E-16  0.940E+08  0.463E-13
  0.960E+08  0.732E-11  0.980E+08  0.348E-09  0.100E+09  0.234E-08
SB129
         174
           0
          54
  0.153E+08  0.000E+00  0.230E+08  0.381E-16  0.240E+08  0.866E-13
  0.250E+08  0.223E-11  0.260E+08  0.365E-10  0.270E+08  0.549E-09
  0.280E+08  0.366E-08  0.290E+08  0.157E-07  0.300E+08  0.502E-07
  0.310E+08  0.110E-06  0.320E+08  0.245E-06  0.330E+08  0.480E-06
  0.340E+08  0.851E-06  0.350E+08  0.152E-05  0.360E+08  0.571E-05
  0.370E+08  0.272E-04  0.380E+08  0.943E-04  0.390E+08  0.232E-03
  0.400E+08  0.355E-03  0.410E+08  0.617E-03  0.420E+08  0.933E-03
  0.430E+08  0.131E-02  0.440E+08  0.172E-02  0.450E+08  0.216E-02
  0.460E+08  0.260E-02  0.470E+08  0.306E-02  0.480E+08  0.353E-02
  0.490E+08  0.403E-02  0.500E+08  0.450E-02  0.520E+08  0.543E-02
  0.540E+08  0.654E-02  0.560E+08  0.716E-02  0.580E+08  0.750E-02
  0.600E+08  0.764E-02  0.620E+08  0.762E-02  0.640E+08  0.752E-02
  0.660E+08  0.748E-02  0.680E+08  0.736E-02  0.700E+08  0.724E-02
  0.720E+08  0.699E-02  0.740E+08  0.710E-02  0.760E+08  0.722E-02
  0.780E+08  0.714E-02  0.800E+08  0.664E-02  0.820E+08  0.658E-02
  0.840E+08  0.656E-02  0.860E+08  0.651E-02  0.880E+08  0.614E-02
  0.900E+08  0.615E-02  0.920E+08  0.610E-02  0.940E+08  0.610E-02
  0.960E+08  0.588E-02  0.980E+08  0.587E-02  0.100E+09  0.587E-02
SB128
         175
           0
          79
  0.100E-04  0.000E+00  0.650E+07  0.263E-07  0.700E+07  0.113E-06
  0.750E+07  0.337E-06  0.800E+07  0.771E-06  0.850E+07  0.165E-05
  0.900E+07  0.341E-05  0.950E+07  0.686E-05  0.100E+08  0.134E-04
  0.105E+08  0.254E-04  0.110E+08  0.462E-04  0.115E+08  0.799E-04
  0.120E+08  0.131E-03  0.125E+08  0.205E-03  0.130E+08  0.303E-03
  0.135E+08  0.430E-03  0.140E+08  0.586E-03  0.145E+08  0.771E-03
  0.150E+08  0.985E-03  0.160E+08  0.147E-02  0.170E+08  0.201E-02
  0.180E+08  0.257E-02  0.190E+08  0.296E-02  0.200E+08  0.319E-02
  0.210E+08  0.327E-02  0.220E+08  0.327E-02  0.230E+08  0.321E-02
  0.240E+08  0.310E-02  0.250E+08  0.297E-02  0.260E+08  0.265E-02
  0.270E+08  0.249E-02  0.280E+08  0.232E-02  0.290E+08  0.215E-02
  0.300E+08  0.199E-02  0.310E+08  0.184E-02  0.320E+08  0.170E-02
  0.330E+08  0.157E-02  0.340E+08  0.145E-02  0.350E+08  0.134E-02
  0.360E+08  0.124E-02  0.370E+08  0.114E-02  0.380E+08  0.105E-02
  0.390E+08  0.101E-02  0.400E+08  0.925E-03  0.410E+08  0.845E-03
  0.420E+08  0.772E-03  0.430E+08  0.708E-03  0.440E+08  0.652E-03
  0.450E+08  0.642E-03  0.460E+08  0.601E-03  0.470E+08  0.564E-03
  0.480E+08  0.530E-03  0.490E+08  0.431E-03  0.500E+08  0.407E-03
  0.520E+08  0.422E-03  0.540E+08  0.485E-03  0.560E+08  0.759E-03
  0.580E+08  0.130E-02  0.600E+08  0.204E-02  0.620E+08  0.294E-02
  0.640E+08  0.390E-02  0.660E+08  0.475E-02  0.680E+08  0.555E-02
  0.700E+08  0.614E-02  0.720E+08  0.647E-02  0.740E+08  0.635E-02
  0.760E+08  0.622E-02  0.780E+08  0.614E-02  0.800E+08  0.599E-02
  0.820E+08  0.588E-02  0.840E+08  0.571E-02  0.860E+08  0.560E-02
  0.880E+08  0.546E-02  0.900E+08  0.533E-02  0.920E+08  0.526E-02
  0.940E+08  0.514E-02  0.960E+08  0.509E-02  0.980E+08  0.500E-02
  0.100E+09  0.530E-02
SB127
         176
           0
          67
  0.320E+07  0.000E+00  0.125E+08  0.674E-07  0.130E+08  0.553E-06
  0.135E+08  0.154E-05  0.140E+08  0.360E-05  0.145E+08  0.769E-05
  0.150E+08  0.155E-04  0.160E+08  0.509E-04  0.170E+08  0.163E-03
  0.180E+08  0.370E-03  0.190E+08  0.831E-03  0.200E+08  0.154E-02
  0.210E+08  0.245E-02  0.220E+08  0.352E-02  0.230E+08  0.470E-02
  0.240E+08  0.598E-02  0.250E+08  0.731E-02  0.260E+08  0.873E-02
  0.270E+08  0.991E-02  0.280E+08  0.109E-01  0.290E+08  0.115E-01
  0.300E+08  0.118E-01  0.310E+08  0.114E-01  0.320E+08  0.111E-01
  0.330E+08  0.107E-01  0.340E+08  0.102E-01  0.350E+08  0.979E-02
  0.360E+08  0.921E-02  0.370E+08  0.861E-02  0.380E+08  0.802E-02
  0.390E+08  0.763E-02  0.400E+08  0.707E-02  0.410E+08  0.654E-02
  0.420E+08  0.604E-02  0.430E+08  0.557E-02  0.440E+08  0.532E-02
  0.450E+08  0.485E-02  0.460E+08  0.445E-02  0.470E+08  0.409E-02
  0.480E+08  0.391E-02  0.490E+08  0.350E-02  0.500E+08  0.309E-02
  0.520E+08  0.227E-02  0.540E+08  0.196E-02  0.560E+08  0.170E-02
  0.580E+08  0.149E-02  0.600E+08  0.131E-02  0.620E+08  0.116E-02
  0.640E+08  0.103E-02  0.660E+08  0.968E-03  0.680E+08  0.113E-02
  0.700E+08  0.143E-02  0.720E+08  0.200E-02  0.740E+08  0.271E-02
  0.760E+08  0.356E-02  0.780E+08  0.456E-02  0.800E+08  0.598E-02
  0.820E+08  0.694E-02  0.840E+08  0.780E-02  0.860E+08  0.857E-02
  0.880E+08  0.915E-02  0.900E+08  0.957E-02  0.920E+08  0.982E-02
  0.940E+08  0.995E-02  0.960E+08  0.995E-02  0.980E+08  0.987E-02
  0.100E+09  0.982E-02
SB126
         177
           0
          55
  0.116E+08  0.000E+00  0.220E+08  0.990E-07  0.230E+08  0.142E-05
  0.240E+08  0.842E-05  0.250E+08  0.346E-04  0.260E+08  0.136E-03
  0.270E+08  0.382E-03  0.280E+08  0.884E-03  0.290E+08  0.170E-02
  0.300E+08  0.283E-02  0.310E+08  0.460E-02  0.320E+08  0.621E-02
  0.330E+08  0.786E-02  0.340E+08  0.936E-02  0.350E+08  0.106E-01
  0.360E+08  0.116E-01  0.370E+08  0.122E-01  0.380E+08  0.125E-01
  0.390E+08  0.125E-01  0.400E+08  0.123E-01  0.410E+08  0.120E-01
  0.420E+08  0.115E-01  0.430E+08  0.109E-01  0.440E+08  0.105E-01
  0.450E+08  0.983E-02  0.460E+08  0.937E-02  0.470E+08  0.890E-02
  0.480E+08  0.844E-02  0.490E+08  0.807E-02  0.500E+08  0.745E-02
  0.520E+08  0.633E-02  0.540E+08  0.534E-02  0.560E+08  0.449E-02
  0.580E+08  0.377E-02  0.600E+08  0.283E-02  0.620E+08  0.241E-02
  0.640E+08  0.209E-02  0.660E+08  0.185E-02  0.680E+08  0.158E-02
  0.700E+08  0.144E-02  0.720E+08  0.138E-02  0.740E+08  0.125E-02
  0.760E+08  0.114E-02  0.780E+08  0.107E-02  0.800E+08  0.955E-03
  0.820E+08  0.879E-03  0.840E+08  0.904E-03  0.860E+08  0.108E-02
  0.880E+08  0.139E-02  0.900E+08  0.186E-02  0.920E+08  0.249E-02
  0.940E+08  0.326E-02  0.960E+08  0.404E-02  0.980E+08  0.483E-02
  0.100E+09  0.522E-02
SB125
         178
           0
          49
  0.179E+08  0.000E+00  0.280E+08  0.646E-08  0.290E+08  0.236E-06
  0.300E+08  0.200E-05  0.310E+08  0.131E-04  0.320E+08  0.497E-04
  0.330E+08  0.154E-03  0.340E+08  0.487E-03  0.350E+08  0.105E-02
  0.360E+08  0.193E-02  0.370E+08  0.318E-02  0.380E+08  0.471E-02
  0.390E+08  0.616E-02  0.400E+08  0.798E-02  0.410E+08  0.100E-01
  0.420E+08  0.121E-01  0.430E+08  0.142E-01  0.440E+08  0.157E-01
  0.450E+08  0.176E-01  0.460E+08  0.189E-01  0.470E+08  0.200E-01
  0.480E+08  0.211E-01  0.490E+08  0.209E-01  0.500E+08  0.207E-01
  0.520E+08  0.203E-01  0.540E+08  0.188E-01  0.560E+08  0.170E-01
  0.580E+08  0.151E-01  0.600E+08  0.125E-01  0.620E+08  0.108E-01
  0.640E+08  0.936E-02  0.660E+08  0.838E-02  0.680E+08  0.741E-02
  0.700E+08  0.638E-02  0.720E+08  0.578E-02  0.740E+08  0.508E-02
  0.760E+08  0.457E-02  0.780E+08  0.455E-02  0.800E+08  0.423E-02
  0.820E+08  0.394E-02  0.840E+08  0.372E-02  0.860E+08  0.350E-02
  0.880E+08  0.331E-02  0.900E+08  0.309E-02  0.920E+08  0.298E-02
  0.940E+08  0.294E-02  0.960E+08  0.287E-02  0.980E+08  0.257E-02
  0.100E+09  0.259E-02
SB124
         179
           0
          41
  0.267E+08  0.000E+00  0.360E+08  0.691E-12  0.370E+08  0.985E-09
  0.380E+08  0.292E-07  0.390E+08  0.250E-06  0.400E+08  0.127E-05
  0.410E+08  0.621E-05  0.420E+08  0.237E-04  0.430E+08  0.707E-04
  0.440E+08  0.165E-03  0.450E+08  0.307E-03  0.460E+08  0.650E-03
  0.470E+08  0.107E-02  0.480E+08  0.183E-02  0.490E+08  0.302E-02
  0.500E+08  0.421E-02  0.520E+08  0.659E-02  0.540E+08  0.897E-02
  0.560E+08  0.114E-01  0.580E+08  0.137E-01  0.600E+08  0.161E-01
  0.620E+08  0.185E-01  0.640E+08  0.172E-01  0.660E+08  0.163E-01
  0.680E+08  0.147E-01  0.700E+08  0.132E-01  0.720E+08  0.116E-01
  0.740E+08  0.100E-01  0.760E+08  0.844E-02  0.780E+08  0.687E-02
  0.800E+08  0.594E-02  0.820E+08  0.557E-02  0.840E+08  0.520E-02
  0.860E+08  0.471E-02  0.880E+08  0.439E-02  0.900E+08  0.410E-02
  0.920E+08  0.391E-02  0.940E+08  0.385E-02  0.960E+08  0.378E-02
  0.980E+08  0.365E-02  0.100E+09  0.350E-02
SB123
         180
           0
          34
  0.332E+08  0.000E+00  0.430E+08  0.139E-12  0.440E+08  0.220E-09
  0.450E+08  0.365E-08  0.460E+08  0.454E-07  0.470E+08  0.237E-06
  0.480E+08  0.125E-05  0.490E+08  0.601E-05  0.500E+08  0.210E-04
  0.520E+08  0.154E-03  0.540E+08  0.673E-03  0.560E+08  0.190E-02
  0.580E+08  0.400E-02  0.600E+08  0.610E-02  0.620E+08  0.820E-02
  0.640E+08  0.103E-01  0.660E+08  0.124E-01  0.680E+08  0.145E-01
  0.700E+08  0.166E-01  0.720E+08  0.187E-01  0.740E+08  0.208E-01
  0.760E+08  0.229E-01  0.780E+08  0.250E-01  0.800E+08  0.233E-01
  0.820E+08  0.208E-01  0.840E+08  0.190E-01  0.860E+08  0.178E-01
  0.880E+08  0.165E-01  0.900E+08  0.147E-01  0.920E+08  0.132E-01
  0.940E+08  0.123E-01  0.960E+08  0.114E-01  0.980E+08  0.103E-01
  0.100E+09  0.984E-02
SB122
         181
           0
          25
  0.422E+08  0.000E+00  0.540E+08  0.174E-10  0.560E+08  0.389E-08
  0.580E+08  0.149E-06  0.600E+08  0.386E-05  0.620E+08  0.327E-04
  0.640E+08  0.164E-03  0.660E+08  0.421E-03  0.680E+08  0.127E-02
  0.700E+08  0.333E-02  0.720E+08  0.534E-02  0.740E+08  0.806E-02
  0.760E+08  0.118E-01  0.780E+08  0.156E-01  0.800E+08  0.176E-01
  0.820E+08  0.193E-01  0.840E+08  0.205E-01  0.860E+08  0.196E-01
  0.880E+08  0.192E-01  0.900E+08  0.187E-01  0.920E+08  0.176E-01
  0.940E+08  0.166E-01  0.960E+08  0.155E-01  0.980E+08  0.139E-01
  0.100E+09  0.126E-01
SB121
         182
           0
          22
  0.491E+08  0.000E+00  0.600E+08  0.203E-14  0.620E+08  0.178E-10
  0.640E+08  0.233E-08  0.660E+08  0.365E-07  0.680E+08  0.103E-05
  0.700E+08  0.155E-04  0.720E+08  0.681E-04  0.740E+08  0.251E-03
  0.760E+08  0.904E-03  0.780E+08  0.177E-02  0.800E+08  0.405E-02
  0.820E+08  0.628E-02  0.840E+08  0.940E-02  0.860E+08  0.129E-01
  0.880E+08  0.164E-01  0.900E+08  0.199E-01  0.920E+08  0.231E-01
  0.940E+08  0.253E-01  0.960E+08  0.278E-01  0.980E+08  0.297E-01
  0.100E+09  0.303E-01
SB120
         183
           0
          17
  0.584E+08  0.000E+00  0.700E+08  0.290E-13  0.720E+08  0.352E-11
  0.740E+08  0.296E-09  0.760E+08  0.214E-07  0.780E+08  0.253E-06
  0.800E+08  0.211E-05  0.820E+08  0.906E-05  0.840E+08  0.396E-04
  0.860E+08  0.131E-03  0.880E+08  0.328E-03  0.900E+08  0.742E-03
  0.920E+08  0.146E-02  0.940E+08  0.223E-02  0.960E+08  0.363E-02
  0.980E+08  0.584E-02  0.100E+09  0.765E-02
SB119
         184
           0
          14
  0.655E+08  0.000E+00  0.760E+08  0.184E-16  0.780E+08  0.317E-13
  0.800E+08  0.191E-10  0.820E+08  0.342E-09  0.840E+08  0.766E-08
  0.860E+08  0.976E-07  0.880E+08  0.631E-06  0.900E+08  0.378E-05
  0.920E+08  0.168E-04  0.940E+08  0.484E-04  0.960E+08  0.140E-03
  0.980E+08  0.401E-03  0.100E+09  0.757E-03
SB118
         185
           0
           9
  0.751E+08  0.000E+00  0.860E+08  0.180E-17  0.880E+08  0.303E-15
  0.900E+08  0.975E-13  0.920E+08  0.707E-11  0.940E+08  0.161E-09
  0.960E+08  0.249E-08  0.980E+08  0.357E-07  0.100E+09  0.198E-06
SB117
         186
           0
           5
  0.826E+08  0.000E+00  0.940E+08  0.782E-20  0.960E+08  0.550E-17
  0.980E+08  0.497E-14  0.100E+09  0.221E-12
SN129
         219
           0
          44
  0.208E+08  0.000E+00  0.330E+08  0.565E-18  0.340E+08  0.191E-16
  0.350E+08  0.250E-15  0.360E+08  0.193E-14  0.370E+08  0.106E-13
  0.380E+08  0.330E-13  0.390E+08  0.118E-12  0.400E+08  0.332E-12
  0.410E+08  0.892E-12  0.420E+08  0.213E-11  0.430E+08  0.460E-11
  0.440E+08  0.894E-11  0.450E+08  0.176E-10  0.460E+08  0.283E-10
  0.470E+08  0.424E-10  0.480E+08  0.593E-10  0.490E+08  0.763E-10
  0.500E+08  0.103E-09  0.520E+08  0.166E-09  0.540E+08  0.453E-09
  0.560E+08  0.117E-08  0.580E+08  0.220E-08  0.600E+08  0.519E-08
  0.620E+08  0.926E-08  0.640E+08  0.140E-07  0.660E+08  0.180E-07
  0.680E+08  0.212E-07  0.700E+08  0.234E-07  0.720E+08  0.210E-07
  0.740E+08  0.233E-07  0.760E+08  0.231E-07  0.780E+08  0.227E-07
  0.800E+08  0.220E-07  0.820E+08  0.216E-07  0.840E+08  0.237E-07
  0.860E+08  0.232E-07  0.880E+08  0.250E-07  0.900E+08  0.246E-07
  0.920E+08  0.242E-07  0.940E+08  0.237E-07  0.960E+08  0.234E-07
  0.980E+08  0.199E-07  0.100E+09  0.216E-07
SN128
         220
           0
          41
  0.240E+08  0.000E+00  0.360E+08  0.188E-19  0.370E+08  0.966E-18
  0.380E+08  0.188E-16  0.390E+08  0.194E-15  0.400E+08  0.168E-14
  0.410E+08  0.140E-13  0.420E+08  0.828E-13  0.430E+08  0.310E-12
  0.440E+08  0.114E-11  0.450E+08  0.441E-11  0.460E+08  0.117E-10
  0.470E+08  0.276E-10  0.480E+08  0.586E-10  0.490E+08  0.746E-10
  0.500E+08  0.142E-09  0.520E+08  0.445E-09  0.540E+08  0.116E-08
  0.560E+08  0.215E-08  0.580E+08  0.318E-08  0.600E+08  0.470E-08
  0.620E+08  0.807E-08  0.640E+08  0.134E-07  0.660E+08  0.237E-07
  0.680E+08  0.432E-07  0.700E+08  0.707E-07  0.720E+08  0.998E-07
  0.740E+08  0.162E-06  0.760E+08  0.231E-06  0.780E+08  0.314E-06
  0.800E+08  0.407E-06  0.820E+08  0.488E-06  0.840E+08  0.538E-06
  0.860E+08  0.594E-06  0.880E+08  0.679E-06  0.900E+08  0.703E-06
  0.920E+08  0.716E-06  0.940E+08  0.722E-06  0.960E+08  0.604E-06
  0.980E+08  0.562E-06  0.100E+09  0.585E-06
SN127
         221
           0
          58
  0.564E+07  0.000E+00  0.190E+08  0.229E-13  0.200E+08  0.711E-12
  0.210E+08  0.674E-11  0.220E+08  0.389E-10  0.230E+08  0.167E-09
  0.240E+08  0.593E-09  0.250E+08  0.174E-08  0.260E+08  0.472E-08
  0.270E+08  0.107E-07  0.280E+08  0.213E-07  0.290E+08  0.373E-07
  0.300E+08  0.628E-07  0.310E+08  0.961E-07  0.320E+08  0.137E-06
  0.330E+08  0.168E-06  0.340E+08  0.204E-06  0.350E+08  0.236E-06
  0.360E+08  0.259E-06  0.370E+08  0.275E-06  0.380E+08  0.284E-06
  0.390E+08  0.289E-06  0.400E+08  0.290E-06  0.410E+08  0.342E-06
  0.420E+08  0.290E-06  0.430E+08  0.284E-06  0.440E+08  0.277E-06
  0.450E+08  0.276E-06  0.460E+08  0.267E-06  0.470E+08  0.259E-06
  0.480E+08  0.251E-06  0.490E+08  0.250E-06  0.500E+08  0.243E-06
  0.520E+08  0.233E-06  0.540E+08  0.220E-06  0.560E+08  0.209E-06
  0.580E+08  0.200E-06  0.600E+08  0.197E-06  0.620E+08  0.185E-06
  0.640E+08  0.191E-06  0.660E+08  0.200E-06  0.680E+08  0.208E-06
  0.700E+08  0.219E-06  0.720E+08  0.224E-06  0.740E+08  0.249E-06
  0.760E+08  0.233E-06  0.780E+08  0.247E-06  0.800E+08  0.286E-06
  0.820E+08  0.365E-06  0.840E+08  0.451E-06  0.860E+08  0.630E-06
  0.880E+08  0.924E-06  0.900E+08  0.121E-05  0.920E+08  0.161E-05
  0.940E+08  0.197E-05  0.960E+08  0.228E-05  0.980E+08  0.244E-05
  0.100E+09  0.273E-05
SN126
         222
           0
          55
  0.899E+07  0.000E+00  0.220E+08  0.582E-18  0.230E+08  0.327E-14
  0.240E+08  0.841E-13  0.250E+08  0.277E-11  0.260E+08  0.274E-10
  0.270E+08  0.217E-09  0.280E+08  0.107E-08  0.290E+08  0.402E-08
  0.300E+08  0.127E-07  0.310E+08  0.315E-07  0.320E+08  0.751E-07
  0.330E+08  0.171E-06  0.340E+08  0.318E-06  0.350E+08  0.552E-06
  0.360E+08  0.894E-06  0.370E+08  0.137E-05  0.380E+08  0.200E-05
  0.390E+08  0.274E-05  0.400E+08  0.373E-05  0.410E+08  0.509E-05
  0.420E+08  0.588E-05  0.430E+08  0.716E-05  0.440E+08  0.839E-05
  0.450E+08  0.989E-05  0.460E+08  0.109E-04  0.470E+08  0.118E-04
  0.480E+08  0.122E-04  0.490E+08  0.113E-04  0.500E+08  0.115E-04
  0.520E+08  0.117E-04  0.540E+08  0.112E-04  0.560E+08  0.108E-04
  0.580E+08  0.104E-04  0.600E+08  0.116E-04  0.620E+08  0.109E-04
  0.640E+08  0.105E-04  0.660E+08  0.100E-04  0.680E+08  0.929E-05
  0.700E+08  0.893E-05  0.720E+08  0.865E-05  0.740E+08  0.103E-04
  0.760E+08  0.946E-05  0.780E+08  0.933E-05  0.800E+08  0.973E-05
  0.820E+08  0.925E-05  0.840E+08  0.908E-05  0.860E+08  0.911E-05
  0.880E+08  0.965E-05  0.900E+08  0.946E-05  0.920E+08  0.741E-05
  0.940E+08  0.721E-05  0.960E+08  0.744E-05  0.980E+08  0.776E-05
  0.100E+09  0.820E-05
SN125
         223
           0
          46
  0.172E+08  0.000E+00  0.310E+08  0.308E-13  0.320E+08  0.120E-11
  0.330E+08  0.166E-10  0.340E+08  0.119E-09  0.350E+08  0.658E-09
  0.360E+08  0.285E-08  0.370E+08  0.103E-07  0.380E+08  0.320E-07
  0.390E+08  0.104E-06  0.400E+08  0.255E-06  0.410E+08  0.532E-06
  0.420E+08  0.104E-05  0.430E+08  0.194E-05  0.440E+08  0.327E-05
  0.450E+08  0.563E-05  0.460E+08  0.848E-05  0.470E+08  0.120E-04
  0.480E+08  0.158E-04  0.490E+08  0.215E-04  0.500E+08  0.267E-04
  0.520E+08  0.378E-04  0.540E+08  0.463E-04  0.560E+08  0.521E-04
  0.580E+08  0.556E-04  0.600E+08  0.602E-04  0.620E+08  0.591E-04
  0.640E+08  0.585E-04  0.660E+08  0.491E-04  0.680E+08  0.459E-04
  0.700E+08  0.444E-04  0.720E+08  0.431E-04  0.740E+08  0.429E-04
  0.760E+08  0.400E-04  0.780E+08  0.388E-04  0.800E+08  0.396E-04
  0.820E+08  0.364E-04  0.840E+08  0.351E-04  0.860E+08  0.351E-04
  0.880E+08  0.347E-04  0.900E+08  0.336E-04  0.920E+08  0.301E-04
  0.940E+08  0.281E-04  0.960E+08  0.272E-04  0.980E+08  0.266E-04
  0.100E+09  0.296E-04
SN124
         224
           0
          41
  0.230E+08  0.000E+00  0.360E+08  0.448E-21  0.370E+08  0.192E-13
  0.380E+08  0.921E-12  0.390E+08  0.195E-10  0.400E+08  0.261E-09
  0.410E+08  0.145E-08  0.420E+08  0.627E-08  0.430E+08  0.221E-07
  0.440E+08  0.579E-07  0.450E+08  0.167E-06  0.460E+08  0.416E-06
  0.470E+08  0.879E-06  0.480E+08  0.172E-05  0.490E+08  0.270E-05
  0.500E+08  0.492E-05  0.520E+08  0.136E-04  0.540E+08  0.296E-04
  0.560E+08  0.545E-04  0.580E+08  0.893E-04  0.600E+08  0.131E-03
  0.620E+08  0.178E-03  0.640E+08  0.226E-03  0.660E+08  0.263E-03
  0.680E+08  0.300E-03  0.700E+08  0.319E-03  0.720E+08  0.335E-03
  0.740E+08  0.350E-03  0.760E+08  0.341E-03  0.780E+08  0.339E-03
  0.800E+08  0.340E-03  0.820E+08  0.323E-03  0.840E+08  0.323E-03
  0.860E+08  0.327E-03  0.880E+08  0.330E-03  0.900E+08  0.328E-03
  0.920E+08  0.314E-03  0.940E+08  0.301E-03  0.960E+08  0.295E-03
  0.980E+08  0.298E-03  0.100E+09  0.315E-03
SN123
         225
           0
          32
  0.316E+08  0.000E+00  0.450E+08  0.124E-16  0.460E+08  0.720E-14
  0.470E+08  0.232E-12  0.480E+08  0.378E-11  0.490E+08  0.861E-10
  0.500E+08  0.547E-09  0.520E+08  0.112E-07  0.540E+08  0.105E-06
  0.560E+08  0.691E-06  0.580E+08  0.299E-05  0.600E+08  0.941E-05
  0.620E+08  0.253E-04  0.640E+08  0.561E-04  0.660E+08  0.116E-03
  0.680E+08  0.167E-03  0.700E+08  0.255E-03  0.720E+08  0.342E-03
  0.740E+08  0.435E-03  0.760E+08  0.499E-03  0.780E+08  0.550E-03
  0.800E+08  0.593E-03  0.820E+08  0.594E-03  0.840E+08  0.590E-03
  0.860E+08  0.594E-03  0.880E+08  0.590E-03  0.900E+08  0.577E-03
  0.920E+08  0.559E-03  0.940E+08  0.539E-03  0.960E+08  0.527E-03
  0.980E+08  0.518E-03  0.100E+09  0.538E-03
SN122
         226
           0
          26
  0.376E+08  0.000E+00  0.520E+08  0.492E-14  0.540E+08  0.174E-11
  0.560E+08  0.144E-09  0.580E+08  0.398E-08  0.600E+08  0.482E-07
  0.620E+08  0.404E-06  0.640E+08  0.216E-05  0.660E+08  0.103E-04
  0.680E+08  0.237E-04  0.700E+08  0.469E-04  0.720E+08  0.995E-04
  0.740E+08  0.191E-03  0.760E+08  0.320E-03  0.780E+08  0.477E-03
  0.800E+08  0.703E-03  0.820E+08  0.920E-03  0.840E+08  0.116E-02
  0.860E+08  0.141E-02  0.880E+08  0.162E-02  0.900E+08  0.180E-02
  0.920E+08  0.197E-02  0.940E+08  0.203E-02  0.960E+08  0.206E-02
  0.980E+08  0.208E-02  0.100E+09  0.210E-02
SN121
         227
           0
          22
  0.465E+08  0.000E+00  0.600E+08  0.497E-17  0.620E+08  0.175E-13
  0.640E+08  0.315E-11  0.660E+08  0.321E-09  0.680E+08  0.461E-08
  0.700E+08  0.328E-07  0.720E+08  0.241E-06  0.740E+08  0.135E-05
  0.760E+08  0.392E-05  0.780E+08  0.825E-05  0.800E+08  0.261E-04
  0.820E+08  0.634E-04  0.840E+08  0.132E-03  0.860E+08  0.240E-03
  0.880E+08  0.389E-03  0.900E+08  0.558E-03  0.920E+08  0.835E-03
  0.940E+08  0.106E-02  0.960E+08  0.129E-02  0.980E+08  0.152E-02
  0.100E+09  0.170E-02
SN120
         228
           0
          19
  0.527E+08  0.000E+00  0.660E+08  0.144E-19  0.680E+08  0.163E-14
  0.700E+08  0.196E-12  0.720E+08  0.161E-10  0.740E+08  0.452E-09
  0.760E+08  0.684E-08  0.780E+08  0.289E-07  0.800E+08  0.244E-06
  0.820E+08  0.139E-05  0.840E+08  0.554E-05  0.860E+08  0.171E-04
  0.880E+08  0.443E-04  0.900E+08  0.951E-04  0.920E+08  0.216E-03
  0.940E+08  0.373E-03  0.960E+08  0.611E-03  0.980E+08  0.935E-03
  0.100E+09  0.129E-02
SN119
         229
           0
          14
  0.618E+08  0.000E+00  0.760E+08  0.607E-18  0.780E+08  0.266E-15
  0.800E+08  0.113E-13  0.820E+08  0.697E-12  0.840E+08  0.244E-10
  0.860E+08  0.448E-09  0.880E+08  0.499E-08  0.900E+08  0.336E-07
  0.920E+08  0.254E-06  0.940E+08  0.113E-05  0.960E+08  0.416E-05
  0.980E+08  0.125E-04  0.100E+09  0.283E-04
SN118
         230
           0
          11
  0.684E+08  0.000E+00  0.820E+08  0.164E-27  0.840E+08  0.223E-18
  0.860E+08  0.148E-15  0.880E+08  0.171E-13  0.900E+08  0.463E-12
  0.920E+08  0.243E-10  0.940E+08  0.407E-09  0.960E+08  0.473E-08
  0.980E+08  0.650E-07  0.100E+09  0.276E-06
SN117
         231
           0
           6
  0.778E+08  0.000E+00  0.920E+08  0.952E-29  0.940E+08  0.509E-21
  0.960E+08  0.955E-18  0.980E+08  0.397E-15  0.100E+09  0.537E-13
SN116
         232
           0
           2
  0.848E+08  0.000E+00  0.100E+09  0.299E-25
IN128
         254
           0
          26
  0.343E+08  0.000E+00  0.520E+08  0.253E-22  0.540E+08  0.970E-20
  0.560E+08  0.256E-18  0.580E+08  0.371E-17  0.600E+08  0.351E-16
  0.620E+08  0.225E-15  0.640E+08  0.108E-14  0.660E+08  0.349E-14
  0.680E+08  0.881E-14  0.700E+08  0.154E-13  0.720E+08  0.281E-13
  0.740E+08  0.434E-13  0.760E+08  0.622E-13  0.780E+08  0.753E-13
  0.800E+08  0.856E-13  0.820E+08  0.803E-13  0.840E+08  0.838E-13
  0.860E+08  0.880E-13  0.880E+08  0.985E-13  0.900E+08  0.125E-12
  0.920E+08  0.216E-12  0.940E+08  0.320E-12  0.960E+08  0.519E-12
  0.980E+08  0.770E-12  0.100E+09  0.125E-11
IN127
         255
           0
          25
  0.371E+08  0.000E+00  0.540E+08  0.223E-24  0.560E+08  0.120E-21
  0.580E+08  0.167E-19  0.600E+08  0.850E-18  0.620E+08  0.286E-16
  0.640E+08  0.344E-15  0.660E+08  0.241E-14  0.680E+08  0.124E-13
  0.700E+08  0.444E-13  0.720E+08  0.172E-12  0.740E+08  0.462E-12
  0.760E+08  0.106E-11  0.780E+08  0.201E-11  0.800E+08  0.343E-11
  0.820E+08  0.480E-11  0.840E+08  0.619E-11  0.860E+08  0.641E-11
  0.880E+08  0.811E-11  0.900E+08  0.987E-11  0.920E+08  0.106E-10
  0.940E+08  0.115E-10  0.960E+08  0.128E-10  0.980E+08  0.127E-10
  0.100E+09  0.135E-10
IN126
         256
           0
          41
  0.187E+08  0.000E+00  0.360E+08  0.124E-19  0.370E+08  0.537E-18
  0.380E+08  0.811E-17  0.390E+08  0.686E-16  0.400E+08  0.425E-15
  0.410E+08  0.191E-14  0.420E+08  0.791E-14  0.430E+08  0.291E-13
  0.440E+08  0.849E-13  0.450E+08  0.291E-12  0.460E+08  0.736E-12
  0.470E+08  0.169E-11  0.480E+08  0.359E-11  0.490E+08  0.607E-11
  0.500E+08  0.104E-10  0.520E+08  0.271E-10  0.540E+08  0.559E-10
  0.560E+08  0.103E-09  0.580E+08  0.145E-09  0.600E+08  0.199E-09
  0.620E+08  0.262E-09  0.640E+08  0.335E-09  0.660E+08  0.551E-09
  0.680E+08  0.924E-09  0.700E+08  0.157E-08  0.720E+08  0.248E-08
  0.740E+08  0.374E-08  0.760E+08  0.466E-08  0.780E+08  0.465E-08
  0.800E+08  0.503E-08  0.820E+08  0.522E-08  0.840E+08  0.527E-08
  0.860E+08  0.525E-08  0.880E+08  0.564E-08  0.900E+08  0.663E-08
  0.920E+08  0.655E-08  0.940E+08  0.644E-08  0.960E+08  0.635E-08
  0.980E+08  0.624E-08  0.100E+09  0.663E-08
IN125
         257
           0
          38
  0.220E+08  0.000E+00  0.390E+08  0.168E-21  0.400E+08  0.141E-19
  0.410E+08  0.260E-18  0.420E+08  0.636E-17  0.430E+08  0.827E-16
  0.440E+08  0.742E-15  0.450E+08  0.713E-14  0.460E+08  0.376E-13
  0.470E+08  0.161E-12  0.480E+08  0.535E-12  0.490E+08  0.148E-11
  0.500E+08  0.410E-11  0.520E+08  0.247E-10  0.540E+08  0.114E-09
  0.560E+08  0.317E-09  0.580E+08  0.845E-09  0.600E+08  0.197E-08
  0.620E+08  0.368E-08  0.640E+08  0.580E-08  0.660E+08  0.825E-08
  0.680E+08  0.102E-07  0.700E+08  0.115E-07  0.720E+08  0.138E-07
  0.740E+08  0.184E-07  0.760E+08  0.231E-07  0.780E+08  0.296E-07
  0.800E+08  0.420E-07  0.820E+08  0.619E-07  0.840E+08  0.916E-07
  0.860E+08  0.127E-06  0.880E+08  0.177E-06  0.900E+08  0.212E-06
  0.920E+08  0.257E-06  0.940E+08  0.299E-06  0.960E+08  0.327E-06
  0.980E+08  0.351E-06  0.100E+09  0.391E-06
IN124
         258
           0
          55
  0.320E+07  0.000E+00  0.220E+08  0.335E-15  0.230E+08  0.784E-14
  0.240E+08  0.698E-13  0.250E+08  0.422E-12  0.260E+08  0.256E-11
  0.270E+08  0.995E-11  0.280E+08  0.345E-10  0.290E+08  0.101E-09
  0.300E+08  0.266E-09  0.310E+08  0.698E-09  0.320E+08  0.127E-08
  0.330E+08  0.251E-08  0.340E+08  0.454E-08  0.350E+08  0.754E-08
  0.360E+08  0.115E-07  0.370E+08  0.161E-07  0.380E+08  0.208E-07
  0.390E+08  0.245E-07  0.400E+08  0.280E-07  0.410E+08  0.308E-07
  0.420E+08  0.325E-07  0.430E+08  0.333E-07  0.440E+08  0.375E-07
  0.450E+08  0.349E-07  0.460E+08  0.340E-07  0.470E+08  0.327E-07
  0.480E+08  0.312E-07  0.490E+08  0.377E-07  0.500E+08  0.252E-07
  0.520E+08  0.207E-07  0.540E+08  0.180E-07  0.560E+08  0.158E-07
  0.580E+08  0.140E-07  0.600E+08  0.128E-07  0.620E+08  0.128E-07
  0.640E+08  0.160E-07  0.660E+08  0.215E-07  0.680E+08  0.343E-07
  0.700E+08  0.517E-07  0.720E+08  0.779E-07  0.740E+08  0.111E-06
  0.760E+08  0.134E-06  0.780E+08  0.154E-06  0.800E+08  0.170E-06
  0.820E+08  0.184E-06  0.840E+08  0.186E-06  0.860E+08  0.199E-06
  0.880E+08  0.215E-06  0.900E+08  0.232E-06  0.920E+08  0.279E-06
  0.940E+08  0.361E-06  0.960E+08  0.508E-06  0.980E+08  0.673E-06
  0.100E+09  0.927E-06
IN123
         259
           0
          49
  0.895E+07  0.000E+00  0.280E+08  0.263E-13  0.290E+08  0.376E-12
  0.300E+08  0.288E-11  0.310E+08  0.177E-10  0.320E+08  0.705E-10
  0.330E+08  0.266E-09  0.340E+08  0.864E-09  0.350E+08  0.245E-08
  0.360E+08  0.610E-08  0.370E+08  0.136E-07  0.380E+08  0.277E-07
  0.390E+08  0.459E-07  0.400E+08  0.794E-07  0.410E+08  0.132E-06
  0.420E+08  0.206E-06  0.430E+08  0.304E-06  0.440E+08  0.430E-06
  0.450E+08  0.576E-06  0.460E+08  0.762E-06  0.470E+08  0.968E-06
  0.480E+08  0.119E-05  0.490E+08  0.150E-05  0.500E+08  0.153E-05
  0.520E+08  0.167E-05  0.540E+08  0.175E-05  0.560E+08  0.197E-05
  0.580E+08  0.186E-05  0.600E+08  0.169E-05  0.620E+08  0.151E-05
  0.640E+08  0.140E-05  0.660E+08  0.114E-05  0.680E+08  0.103E-05
  0.700E+08  0.909E-06  0.720E+08  0.858E-06  0.740E+08  0.823E-06
  0.760E+08  0.835E-06  0.780E+08  0.980E-06  0.800E+08  0.116E-05
  0.820E+08  0.138E-05  0.840E+08  0.163E-05  0.860E+08  0.194E-05
  0.880E+08  0.189E-05  0.900E+08  0.207E-05  0.920E+08  0.223E-05
  0.940E+08  0.236E-05  0.960E+08  0.231E-05  0.980E+08  0.232E-05
  0.100E+09  0.236E-05
IN122
         260
           0
          42
  0.169E+08  0.000E+00  0.350E+08  0.557E-19  0.360E+08  0.111E-13
  0.370E+08  0.285E-12  0.380E+08  0.304E-11  0.390E+08  0.155E-10
  0.400E+08  0.833E-10  0.410E+08  0.399E-09  0.420E+08  0.157E-08
  0.430E+08  0.517E-08  0.440E+08  0.129E-07  0.450E+08  0.342E-07
  0.460E+08  0.819E-07  0.470E+08  0.176E-06  0.480E+08  0.341E-06
  0.490E+08  0.720E-06  0.500E+08  0.129E-05  0.520E+08  0.259E-05
  0.540E+08  0.435E-05  0.560E+08  0.618E-05  0.580E+08  0.783E-05
  0.600E+08  0.890E-05  0.620E+08  0.940E-05  0.640E+08  0.958E-05
  0.660E+08  0.100E-04  0.680E+08  0.109E-04  0.700E+08  0.984E-05
  0.720E+08  0.902E-05  0.740E+08  0.794E-05  0.760E+08  0.679E-05
  0.780E+08  0.641E-05  0.800E+08  0.559E-05  0.820E+08  0.495E-05
  0.840E+08  0.453E-05  0.860E+08  0.439E-05  0.880E+08  0.424E-05
  0.900E+08  0.462E-05  0.920E+08  0.542E-05  0.940E+08  0.621E-05
  0.960E+08  0.694E-05  0.980E+08  0.772E-05  0.100E+09  0.759E-05
IN121
         261
           0
          35
  0.228E+08  0.000E+00  0.420E+08  0.729E-15  0.430E+08  0.368E-13
  0.440E+08  0.399E-12  0.450E+08  0.399E-11  0.460E+08  0.283E-10
  0.470E+08  0.216E-09  0.480E+08  0.993E-09  0.490E+08  0.765E-08
  0.500E+08  0.331E-07  0.520E+08  0.200E-06  0.540E+08  0.836E-06
  0.560E+08  0.213E-05  0.580E+08  0.513E-05  0.600E+08  0.102E-04
  0.620E+08  0.176E-04  0.640E+08  0.273E-04  0.660E+08  0.349E-04
  0.680E+08  0.456E-04  0.700E+08  0.547E-04  0.720E+08  0.597E-04
  0.740E+08  0.636E-04  0.760E+08  0.629E-04  0.780E+08  0.636E-04
  0.800E+08  0.607E-04  0.820E+08  0.573E-04  0.840E+08  0.523E-04
  0.860E+08  0.471E-04  0.880E+08  0.384E-04  0.900E+08  0.334E-04
  0.920E+08  0.346E-04  0.940E+08  0.322E-04  0.960E+08  0.305E-04
  0.980E+08  0.300E-04  0.100E+09  0.291E-04
IN120
         262
           0
          27
  0.310E+08  0.000E+00  0.500E+08  0.841E-15  0.520E+08  0.675E-13
  0.540E+08  0.572E-11  0.560E+08  0.120E-09  0.580E+08  0.227E-08
  0.600E+08  0.515E-07  0.620E+08  0.310E-06  0.640E+08  0.138E-05
  0.660E+08  0.427E-05  0.680E+08  0.957E-05  0.700E+08  0.203E-04
  0.720E+08  0.323E-04  0.740E+08  0.512E-04  0.760E+08  0.700E-04
  0.780E+08  0.903E-04  0.800E+08  0.112E-03  0.820E+08  0.130E-03
  0.840E+08  0.141E-03  0.860E+08  0.146E-03  0.880E+08  0.139E-03
  0.900E+08  0.130E-03  0.920E+08  0.131E-03  0.940E+08  0.123E-03
  0.960E+08  0.113E-03  0.980E+08  0.102E-03  0.100E+09  0.966E-04
IN119
         263
           0
          24
  0.371E+08  0.000E+00  0.560E+08  0.150E-17  0.580E+08  0.471E-14
  0.600E+08  0.276E-11  0.620E+08  0.783E-10  0.640E+08  0.156E-08
  0.660E+08  0.173E-07  0.680E+08  0.112E-06  0.700E+08  0.620E-06
  0.720E+08  0.193E-05  0.740E+08  0.599E-05  0.760E+08  0.141E-04
  0.780E+08  0.219E-04  0.800E+08  0.435E-04  0.820E+08  0.758E-04
  0.840E+08  0.119E-03  0.860E+08  0.171E-03  0.880E+08  0.231E-03
  0.900E+08  0.281E-03  0.920E+08  0.318E-03  0.940E+08  0.359E-03
  0.960E+08  0.392E-03  0.980E+08  0.410E-03  0.100E+09  0.390E-03
IN118
         264
           0
          20
  0.456E+08  0.000E+00  0.640E+08  0.394E-20  0.660E+08  0.319E-16
  0.680E+08  0.157E-13  0.700E+08  0.128E-11  0.720E+08  0.293E-10
  0.740E+08  0.524E-09  0.760E+08  0.518E-08  0.780E+08  0.221E-07
  0.800E+08  0.136E-06  0.820E+08  0.603E-06  0.840E+08  0.230E-05
  0.860E+08  0.665E-05  0.880E+08  0.180E-04  0.900E+08  0.372E-04
  0.920E+08  0.756E-04  0.940E+08  0.118E-03  0.960E+08  0.181E-03
  0.980E+08  0.256E-03  0.100E+09  0.336E-03
IN117
         265
           0
          16
  0.522E+08  0.000E+00  0.720E+08  0.621E-18  0.740E+08  0.434E-15
  0.760E+08  0.462E-13  0.780E+08  0.450E-12  0.800E+08  0.130E-10
  0.820E+08  0.144E-09  0.840E+08  0.178E-08  0.860E+08  0.139E-07
  0.880E+08  0.955E-07  0.900E+08  0.453E-06  0.920E+08  0.200E-05
  0.940E+08  0.524E-05  0.960E+08  0.137E-04  0.980E+08  0.325E-04
  0.100E+09  0.652E-04
IN116
         266
           0
          12
  0.610E+08  0.000E+00  0.800E+08  0.101E-22  0.820E+08  0.155E-19
  0.840E+08  0.973E-17  0.860E+08  0.109E-14  0.880E+08  0.367E-13
  0.900E+08  0.110E-11  0.920E+08  0.307E-10  0.940E+08  0.270E-09
  0.960E+08  0.260E-08  0.980E+08  0.236E-07  0.100E+09  0.107E-06
IN115
         267
           0
           8
  0.679E+08  0.000E+00  0.880E+08  0.838E-22  0.900E+08  0.169E-18
  0.920E+08  0.414E-16  0.940E+08  0.203E-14  0.960E+08  0.813E-13
  0.980E+08  0.144E-11  0.100E+09  0.159E-10
IN114
         268
           0
           3
  0.770E+08  0.000E+00  0.980E+08  0.114E-22  0.100E+09  0.399E-20
CD127
         275
           0
          19
  0.465E+08  0.000E+00  0.660E+08  0.616E-32  0.680E+08  0.106E-28
  0.700E+08  0.196E-26  0.720E+08  0.298E-24  0.740E+08  0.813E-23
  0.760E+08  0.133E-21  0.780E+08  0.134E-20  0.800E+08  0.103E-19
  0.820E+08  0.466E-19  0.840E+08  0.133E-18  0.860E+08  0.342E-18
  0.880E+08  0.104E-17  0.900E+08  0.268E-17  0.920E+08  0.602E-17
  0.940E+08  0.109E-16  0.960E+08  0.138E-16  0.980E+08  0.197E-16
  0.100E+09  0.274E-16
CD126
         276
           0
          18
  0.489E+08  0.000E+00  0.680E+08  0.182E-35  0.700E+08  0.507E-31
  0.720E+08  0.547E-27  0.740E+08  0.105E-24  0.760E+08  0.655E-23
  0.780E+08  0.183E-21  0.800E+08  0.322E-20  0.820E+08  0.225E-19
  0.840E+08  0.113E-18  0.860E+08  0.515E-18  0.880E+08  0.280E-17
  0.900E+08  0.120E-16  0.920E+08  0.426E-16  0.940E+08  0.124E-15
  0.960E+08  0.246E-15  0.980E+08  0.496E-15  0.100E+09  0.987E-15
CD125
         277
           0
          26
  0.291E+08  0.000E+00  0.520E+08  0.229E-24  0.540E+08  0.102E-21
  0.560E+08  0.420E-20  0.580E+08  0.865E-19  0.600E+08  0.102E-17
  0.620E+08  0.103E-16  0.640E+08  0.760E-16  0.660E+08  0.393E-15
  0.680E+08  0.171E-14  0.700E+08  0.504E-14  0.720E+08  0.118E-13
  0.740E+08  0.244E-13  0.760E+08  0.408E-13  0.780E+08  0.402E-13
  0.800E+08  0.516E-13  0.820E+08  0.634E-13  0.840E+08  0.708E-13
  0.860E+08  0.664E-13  0.880E+08  0.721E-13  0.900E+08  0.774E-13
  0.920E+08  0.820E-13  0.940E+08  0.908E-13  0.960E+08  0.113E-12
  0.980E+08  0.149E-12  0.100E+09  0.202E-12
CD124
         278
           0
          25
  0.330E+08  0.000E+00  0.540E+08  0.143E-26  0.560E+08  0.145E-23
  0.580E+08  0.366E-21  0.600E+08  0.231E-19  0.620E+08  0.761E-18
  0.640E+08  0.144E-16  0.660E+08  0.162E-15  0.680E+08  0.141E-14
  0.700E+08  0.808E-14  0.720E+08  0.423E-13  0.740E+08  0.158E-12
  0.760E+08  0.470E-12  0.780E+08  0.112E-11  0.800E+08  0.240E-11
  0.820E+08  0.450E-11  0.840E+08  0.713E-11  0.860E+08  0.946E-11
  0.880E+08  0.128E-10  0.900E+08  0.167E-10  0.920E+08  0.204E-10
  0.940E+08  0.237E-10  0.960E+08  0.272E-10  0.980E+08  0.291E-10
  0.100E+09  0.282E-10
CD123
         279
           0
          41
  0.143E+08  0.000E+00  0.360E+08  0.110E-24  0.370E+08  0.142E-21
  0.380E+08  0.447E-20  0.390E+08  0.475E-19  0.400E+08  0.465E-18
  0.410E+08  0.268E-17  0.420E+08  0.147E-16  0.430E+08  0.710E-16
  0.440E+08  0.271E-15  0.450E+08  0.116E-14  0.460E+08  0.331E-14
  0.470E+08  0.938E-14  0.480E+08  0.259E-13  0.490E+08  0.808E-13
  0.500E+08  0.214E-12  0.520E+08  0.817E-12  0.540E+08  0.219E-11
  0.560E+08  0.505E-11  0.580E+08  0.884E-11  0.600E+08  0.135E-10
  0.620E+08  0.170E-10  0.640E+08  0.201E-10  0.660E+08  0.189E-10
  0.680E+08  0.184E-10  0.700E+08  0.188E-10  0.720E+08  0.187E-10
  0.740E+08  0.202E-10  0.760E+08  0.197E-10  0.780E+08  0.215E-10
  0.800E+08  0.323E-10  0.820E+08  0.396E-10  0.840E+08  0.523E-10
  0.860E+08  0.752E-10  0.880E+08  0.107E-09  0.900E+08  0.126E-09
  0.920E+08  0.184E-09  0.940E+08  0.261E-09  0.960E+08  0.345E-09
  0.980E+08  0.426E-09  0.100E+09  0.486E-09
CD122
         280
           0
          38
  0.169E+08  0.000E+00  0.390E+08  0.228E-24  0.400E+08  0.306E-22
  0.410E+08  0.825E-21  0.420E+08  0.126E-19  0.430E+08  0.186E-18
  0.440E+08  0.166E-17  0.450E+08  0.164E-16  0.460E+08  0.108E-15
  0.470E+08  0.592E-15  0.480E+08  0.286E-14  0.490E+08  0.167E-13
  0.500E+08  0.726E-13  0.520E+08  0.532E-12  0.540E+08  0.317E-11
  0.560E+08  0.153E-10  0.580E+08  0.558E-10  0.600E+08  0.174E-09
  0.620E+08  0.439E-09  0.640E+08  0.965E-09  0.660E+08  0.163E-08
  0.680E+08  0.251E-08  0.700E+08  0.364E-08  0.720E+08  0.463E-08
  0.740E+08  0.449E-08  0.760E+08  0.475E-08  0.780E+08  0.491E-08
  0.800E+08  0.473E-08  0.820E+08  0.484E-08  0.840E+08  0.471E-08
  0.860E+08  0.474E-08  0.880E+08  0.470E-08  0.900E+08  0.388E-08
  0.920E+08  0.380E-08  0.940E+08  0.400E-08  0.960E+08  0.477E-08
  0.980E+08  0.552E-08  0.100E+09  0.670E-08
CD121
         281
           0
          30
  0.247E+08  0.000E+00  0.470E+08  0.461E-21  0.480E+08  0.271E-19
  0.490E+08  0.769E-18  0.500E+08  0.985E-17  0.520E+08  0.456E-15
  0.540E+08  0.109E-13  0.560E+08  0.162E-12  0.580E+08  0.168E-11
  0.600E+08  0.135E-10  0.620E+08  0.782E-10  0.640E+08  0.344E-09
  0.660E+08  0.113E-08  0.680E+08  0.320E-08  0.700E+08  0.755E-08
  0.720E+08  0.147E-07  0.740E+08  0.262E-07  0.760E+08  0.383E-07
  0.780E+08  0.492E-07  0.800E+08  0.584E-07  0.820E+08  0.681E-07
  0.840E+08  0.743E-07  0.860E+08  0.800E-07  0.880E+08  0.818E-07
  0.900E+08  0.715E-07  0.920E+08  0.658E-07  0.940E+08  0.617E-07
  0.960E+08  0.586E-07  0.980E+08  0.554E-07  0.100E+09  0.546E-07
CD120
         282
           0
          26
  0.298E+08  0.000E+00  0.520E+08  0.254E-21  0.540E+08  0.436E-18
  0.560E+08  0.648E-16  0.580E+08  0.317E-14  0.600E+08  0.846E-13
  0.620E+08  0.129E-11  0.640E+08  0.122E-10  0.660E+08  0.852E-10
  0.680E+08  0.327E-09  0.700E+08  0.147E-08  0.720E+08  0.478E-08
  0.740E+08  0.172E-07  0.760E+08  0.395E-07  0.780E+08  0.756E-07
  0.800E+08  0.141E-06  0.820E+08  0.243E-06  0.840E+08  0.383E-06
  0.860E+08  0.573E-06  0.880E+08  0.768E-06  0.900E+08  0.933E-06
  0.920E+08  0.111E-05  0.940E+08  0.125E-05  0.960E+08  0.138E-05
  0.980E+08  0.145E-05  0.100E+09  0.172E-05
CD119
         283
           0
          22
  0.379E+08  0.000E+00  0.600E+08  0.703E-22  0.620E+08  0.198E-18
  0.640E+08  0.427E-16  0.660E+08  0.312E-14  0.680E+08  0.485E-13
  0.700E+08  0.106E-11  0.720E+08  0.110E-10  0.740E+08  0.925E-10
  0.760E+08  0.490E-09  0.780E+08  0.194E-08  0.800E+08  0.824E-08
  0.820E+08  0.273E-07  0.840E+08  0.752E-07  0.860E+08  0.176E-06
  0.880E+08  0.359E-06  0.900E+08  0.640E-06  0.920E+08  0.103E-05
  0.940E+08  0.149E-05  0.960E+08  0.204E-05  0.980E+08  0.258E-05
  0.100E+09  0.305E-05
CD118
         284
           0
          19
  0.433E+08  0.000E+00  0.660E+08  0.250E-22  0.680E+08  0.267E-19
  0.700E+08  0.964E-17  0.720E+08  0.697E-15  0.740E+08  0.247E-13
  0.760E+08  0.418E-12  0.780E+08  0.436E-11  0.800E+08  0.529E-10
  0.820E+08  0.428E-09  0.840E+08  0.250E-08  0.860E+08  0.112E-07
  0.880E+08  0.409E-07  0.900E+08  0.117E-06  0.920E+08  0.398E-06
  0.940E+08  0.826E-06  0.960E+08  0.158E-05  0.980E+08  0.272E-05
  0.100E+09  0.451E-05
CD117
         285
           0
          15
  0.517E+08  0.000E+00  0.740E+08  0.442E-24  0.760E+08  0.203E-20
  0.780E+08  0.125E-18  0.800E+08  0.203E-16  0.820E+08  0.138E-14
  0.840E+08  0.460E-13  0.860E+08  0.441E-12  0.880E+08  0.707E-11
  0.900E+08  0.647E-10  0.920E+08  0.107E-08  0.940E+08  0.555E-08
  0.960E+08  0.232E-07  0.980E+08  0.785E-07  0.100E+09  0.219E-06
CD116
         286
           0
          12
  0.575E+08  0.000E+00  0.800E+08  0.925E-25  0.820E+08  0.378E-21
  0.840E+08  0.203E-18  0.860E+08  0.954E-17  0.880E+08  0.608E-15
  0.900E+08  0.152E-13  0.920E+08  0.109E-11  0.940E+08  0.142E-10
  0.960E+08  0.133E-09  0.980E+08  0.961E-09  0.100E+09  0.477E-08
CD115
         287
           0
           7
  0.663E+08  0.000E+00  0.900E+08  0.303E-27  0.920E+08  0.416E-22
  0.940E+08  0.205E-19  0.960E+08  0.240E-17  0.980E+08  0.153E-15
  0.100E+09  0.400E-14
CD114
         288
           0
           4
  0.725E+08  0.000E+00  0.960E+08  0.583E-27  0.980E+08  0.370E-23
  0.100E+09  0.140E-20
AG126
         467
           0
          10
  0.613E+08  0.000E+00  0.840E+08  0.906E-40  0.860E+08  0.232E-36
  0.880E+08  0.219E-33  0.900E+08  0.421E-31  0.920E+08  0.318E-29
  0.940E+08  0.703E-28  0.960E+08  0.727E-27  0.980E+08  0.132E-25
  0.100E+09  0.154E-24
AG125
         468
           0
           8
  0.634E+08  0.000E+00  0.880E+08  0.681E-37  0.900E+08  0.771E-34
  0.920E+08  0.190E-31  0.940E+08  0.219E-29  0.960E+08  0.171E-27
  0.980E+08  0.297E-26  0.100E+09  0.634E-25
AG124
         469
           0
          18
  0.433E+08  0.000E+00  0.680E+08  0.574E-32  0.700E+08  0.486E-29
  0.720E+08  0.234E-26  0.740E+08  0.135E-24  0.760E+08  0.408E-23
  0.780E+08  0.104E-21  0.800E+08  0.126E-20  0.820E+08  0.806E-20
  0.840E+08  0.376E-19  0.860E+08  0.138E-18  0.880E+08  0.611E-18
  0.900E+08  0.250E-17  0.920E+08  0.748E-17  0.940E+08  0.183E-16
  0.960E+08  0.323E-16  0.980E+08  0.584E-16  0.100E+09  0.103E-15
AG123
         470
           0
          17
  0.457E+08  0.000E+00  0.700E+08  0.468E-35  0.720E+08  0.318E-30
  0.740E+08  0.126E-27  0.760E+08  0.473E-25  0.780E+08  0.428E-23
  0.800E+08  0.133E-21  0.820E+08  0.209E-20  0.840E+08  0.165E-19
  0.860E+08  0.104E-18  0.880E+08  0.799E-18  0.900E+08  0.399E-17
  0.920E+08  0.201E-16  0.940E+08  0.816E-16  0.960E+08  0.250E-15
  0.980E+08  0.691E-15  0.100E+09  0.185E-14
AG122
         471
           0
          25
  0.269E+08  0.000E+00  0.540E+08  0.221E-26  0.560E+08  0.921E-24
  0.580E+08  0.809E-22  0.600E+08  0.328E-20  0.620E+08  0.754E-19
  0.640E+08  0.110E-17  0.660E+08  0.912E-17  0.680E+08  0.801E-16
  0.700E+08  0.409E-15  0.720E+08  0.183E-14  0.740E+08  0.584E-14
  0.760E+08  0.136E-13  0.780E+08  0.302E-13  0.800E+08  0.536E-13
  0.820E+08  0.857E-13  0.840E+08  0.169E-12  0.860E+08  0.224E-12
  0.880E+08  0.265E-12  0.900E+08  0.294E-12  0.920E+08  0.271E-12
  0.940E+08  0.293E-12  0.960E+08  0.313E-12  0.980E+08  0.321E-12
  0.100E+09  0.343E-12
AG121
         472
           0
          24
  0.305E+08  0.000E+00  0.560E+08  0.286E-28  0.580E+08  0.339E-25
  0.600E+08  0.124E-22  0.620E+08  0.128E-20  0.640E+08  0.563E-19
  0.660E+08  0.122E-17  0.680E+08  0.245E-16  0.700E+08  0.242E-15
  0.720E+08  0.230E-14  0.740E+08  0.134E-13  0.760E+08  0.558E-13
  0.780E+08  0.165E-12  0.800E+08  0.508E-12  0.820E+08  0.136E-11
  0.840E+08  0.298E-11  0.860E+08  0.583E-11  0.880E+08  0.949E-11
  0.900E+08  0.150E-10  0.920E+08  0.231E-10  0.940E+08  0.318E-10
  0.960E+08  0.404E-10  0.980E+08  0.479E-10  0.100E+09  0.562E-10
AG120
         473
           0
          39
  0.110E+08  0.000E+00  0.380E+08  0.489E-25  0.390E+08  0.667E-23
  0.400E+08  0.201E-21  0.410E+08  0.288E-20  0.420E+08  0.266E-19
  0.430E+08  0.189E-18  0.440E+08  0.801E-18  0.450E+08  0.409E-17
  0.460E+08  0.185E-16  0.470E+08  0.743E-16  0.480E+08  0.269E-15
  0.490E+08  0.116E-14  0.500E+08  0.536E-14  0.520E+08  0.350E-13
  0.540E+08  0.166E-12  0.560E+08  0.631E-12  0.580E+08  0.151E-11
  0.600E+08  0.320E-11  0.620E+08  0.552E-11  0.640E+08  0.834E-11
  0.660E+08  0.977E-11  0.680E+08  0.110E-10  0.700E+08  0.107E-10
  0.720E+08  0.107E-10  0.740E+08  0.103E-10  0.760E+08  0.979E-11
  0.780E+08  0.978E-11  0.800E+08  0.956E-11  0.820E+08  0.925E-11
  0.840E+08  0.109E-10  0.860E+08  0.157E-10  0.880E+08  0.257E-10
  0.900E+08  0.473E-10  0.920E+08  0.809E-10  0.940E+08  0.139E-09
  0.960E+08  0.218E-09  0.980E+08  0.323E-09  0.100E+09  0.469E-09
AG119
         474
           0
          33
  0.163E+08  0.000E+00  0.440E+08  0.412E-22  0.450E+08  0.441E-20
  0.460E+08  0.463E-19  0.470E+08  0.498E-18  0.480E+08  0.295E-17
  0.490E+08  0.471E-16  0.500E+08  0.475E-15  0.520E+08  0.481E-14
  0.540E+08  0.527E-13  0.560E+08  0.306E-12  0.580E+08  0.215E-11
  0.600E+08  0.920E-11  0.620E+08  0.320E-10  0.640E+08  0.956E-10
  0.660E+08  0.213E-09  0.680E+08  0.425E-09  0.700E+08  0.693E-09
  0.720E+08  0.933E-09  0.740E+08  0.125E-08  0.760E+08  0.151E-08
  0.780E+08  0.207E-08  0.800E+08  0.276E-08  0.820E+08  0.281E-08
  0.840E+08  0.282E-08  0.860E+08  0.274E-08  0.880E+08  0.263E-08
  0.900E+08  0.246E-08  0.920E+08  0.228E-08  0.940E+08  0.226E-08
  0.960E+08  0.222E-08  0.980E+08  0.243E-08  0.100E+09  0.302E-08
AG118
         475
           0
          27
  0.234E+08  0.000E+00  0.500E+08  0.241E-22  0.520E+08  0.412E-19
  0.540E+08  0.511E-17  0.560E+08  0.111E-15  0.580E+08  0.602E-14
  0.600E+08  0.984E-13  0.620E+08  0.110E-11  0.640E+08  0.899E-11
  0.660E+08  0.476E-10  0.680E+08  0.201E-09  0.700E+08  0.637E-09
  0.720E+08  0.130E-08  0.740E+08  0.291E-08  0.760E+08  0.536E-08
  0.780E+08  0.808E-08  0.800E+08  0.118E-07  0.820E+08  0.161E-07
  0.840E+08  0.201E-07  0.860E+08  0.272E-07  0.880E+08  0.304E-07
  0.900E+08  0.317E-07  0.920E+08  0.316E-07  0.940E+08  0.311E-07
  0.960E+08  0.290E-07  0.980E+08  0.269E-07  0.100E+09  0.247E-07
AG117
         476
           0
          24
  0.288E+08  0.000E+00  0.560E+08  0.307E-24  0.580E+08  0.174E-19
  0.600E+08  0.303E-17  0.620E+08  0.191E-15  0.640E+08  0.668E-14
  0.660E+08  0.132E-12  0.680E+08  0.179E-11  0.700E+08  0.161E-10
  0.720E+08  0.996E-10  0.740E+08  0.472E-09  0.760E+08  0.166E-08
  0.780E+08  0.336E-08  0.800E+08  0.894E-08  0.820E+08  0.203E-07
  0.840E+08  0.399E-07  0.860E+08  0.658E-07  0.880E+08  0.107E-06
  0.900E+08  0.154E-06  0.920E+08  0.206E-06  0.940E+08  0.265E-06
  0.960E+08  0.310E-06  0.980E+08  0.347E-06  0.100E+09  0.372E-06
AG116
         477
           0
          20
  0.365E+08  0.000E+00  0.640E+08  0.174E-23  0.660E+08  0.446E-20
  0.680E+08  0.117E-17  0.700E+08  0.898E-16  0.720E+08  0.183E-14
  0.740E+08  0.459E-13  0.760E+08  0.650E-12  0.780E+08  0.612E-11
  0.800E+08  0.531E-10  0.820E+08  0.339E-09  0.840E+08  0.162E-08
  0.860E+08  0.602E-08  0.880E+08  0.186E-07  0.900E+08  0.453E-07
  0.920E+08  0.957E-07  0.940E+08  0.187E-06  0.960E+08  0.313E-06
  0.980E+08  0.497E-06  0.100E+09  0.707E-06
AG115
         478
           0
          17
  0.424E+08  0.000E+00  0.700E+08  0.171E-23  0.720E+08  0.368E-20
  0.740E+08  0.697E-18  0.760E+08  0.338E-16  0.780E+08  0.132E-14
  0.800E+08  0.325E-13  0.820E+08  0.507E-12  0.840E+08  0.618E-11
  0.860E+08  0.539E-10  0.880E+08  0.378E-09  0.900E+08  0.181E-08
  0.920E+08  0.705E-08  0.940E+08  0.173E-07  0.960E+08  0.495E-07
  0.980E+08  0.994E-07  0.100E+09  0.227E-06
AG114
         479
           0
          13
  0.505E+08  0.000E+00  0.780E+08  0.357E-25  0.800E+08  0.104E-21
  0.820E+08  0.139E-19  0.840E+08  0.160E-17  0.860E+08  0.883E-16
  0.880E+08  0.336E-14  0.900E+08  0.547E-13  0.920E+08  0.777E-12
  0.940E+08  0.786E-11  0.960E+08  0.674E-10  0.980E+08  0.288E-09
  0.100E+09  0.165E-08
AG113
         480
           0
          10
  0.565E+08  0.000E+00  0.840E+08  0.980E-30  0.860E+08  0.310E-23
  0.880E+08  0.197E-20  0.900E+08  0.167E-18  0.920E+08  0.105E-16
  0.940E+08  0.314E-15  0.960E+08  0.842E-14  0.980E+08  0.880E-13
  0.100E+09  0.125E-11
AG112
         481
           0
           5
  0.651E+08  0.000E+00  0.940E+08  0.301E-26  0.960E+08  0.507E-23
  0.980E+08  0.714E-21  0.100E+09  0.561E-19
AG111
         482
           0
           2
  0.716E+08  0.000E+00  0.100E+09  0.275E-30
PD123
         575
           0
          10
  0.561E+08  0.000E+00  0.840E+08  0.599E-40  0.860E+08  0.458E-37
  0.880E+08  0.291E-34  0.900E+08  0.505E-32  0.920E+08  0.367E-30
  0.940E+08  0.144E-28  0.960E+08  0.201E-27  0.980E+08  0.348E-26
  0.100E+09  0.493E-25
PD122
         576
           0
           9
  0.581E+08  0.000E+00  0.860E+08  0.184E-41  0.880E+08  0.175E-37
  0.900E+08  0.112E-34  0.920E+08  0.276E-32  0.940E+08  0.325E-30
  0.960E+08  0.231E-28  0.980E+08  0.504E-27  0.100E+09  0.133E-25
PD121
         577
           0
          18
  0.379E+08  0.000E+00  0.680E+08  0.824E-35  0.700E+08  0.210E-31
  0.720E+08  0.157E-28  0.740E+08  0.129E-26  0.760E+08  0.519E-25
  0.780E+08  0.172E-23  0.800E+08  0.224E-22  0.820E+08  0.261E-21
  0.840E+08  0.185E-20  0.860E+08  0.962E-20  0.880E+08  0.523E-19
  0.900E+08  0.234E-18  0.920E+08  0.879E-18  0.940E+08  0.237E-17
  0.960E+08  0.674E-17  0.980E+08  0.152E-16  0.100E+09  0.336E-16
PD120
         578
           0
          17
  0.414E+08  0.000E+00  0.700E+08  0.354E-37  0.720E+08  0.280E-32
  0.740E+08  0.216E-29  0.760E+08  0.516E-27  0.780E+08  0.814E-25
  0.800E+08  0.162E-23  0.820E+08  0.411E-22  0.840E+08  0.483E-21
  0.860E+08  0.413E-20  0.880E+08  0.402E-19  0.900E+08  0.300E-18
  0.920E+08  0.198E-17  0.940E+08  0.921E-17  0.960E+08  0.432E-16
  0.980E+08  0.159E-15  0.100E+09  0.592E-15
PD119
         579
           0
          25
  0.224E+08  0.000E+00  0.540E+08  0.222E-28  0.560E+08  0.448E-26
  0.580E+08  0.494E-24  0.600E+08  0.226E-22  0.620E+08  0.640E-21
  0.640E+08  0.125E-19  0.660E+08  0.163E-18  0.680E+08  0.170E-17
  0.700E+08  0.106E-16  0.720E+08  0.504E-16  0.740E+08  0.236E-15
  0.760E+08  0.807E-15  0.780E+08  0.202E-14  0.800E+08  0.479E-14
  0.820E+08  0.937E-14  0.840E+08  0.132E-13  0.860E+08  0.200E-13
  0.880E+08  0.257E-13  0.900E+08  0.189E-13  0.920E+08  0.214E-13
  0.940E+08  0.246E-13  0.960E+08  0.225E-13  0.980E+08  0.245E-13
  0.100E+09  0.289E-13
PD118
         580
           0
          24
  0.250E+08  0.000E+00  0.560E+08  0.219E-30  0.580E+08  0.164E-27
  0.600E+08  0.525E-25  0.620E+08  0.674E-23  0.640E+08  0.421E-21
  0.660E+08  0.141E-19  0.680E+08  0.211E-18  0.700E+08  0.300E-17
  0.720E+08  0.273E-16  0.740E+08  0.248E-15  0.760E+08  0.155E-14
  0.780E+08  0.672E-14  0.800E+08  0.280E-13  0.820E+08  0.993E-13
  0.840E+08  0.263E-12  0.860E+08  0.681E-12  0.880E+08  0.134E-11
  0.900E+08  0.245E-11  0.920E+08  0.473E-11  0.940E+08  0.727E-11
  0.960E+08  0.912E-11  0.980E+08  0.116E-10  0.100E+09  0.145E-10
PD117
         581
           0
          21
  0.321E+08  0.000E+00  0.620E+08  0.270E-29  0.640E+08  0.780E-26
  0.660E+08  0.198E-23  0.680E+08  0.120E-21  0.700E+08  0.609E-20
  0.720E+08  0.128E-18  0.740E+08  0.428E-17  0.760E+08  0.289E-16
  0.780E+08  0.233E-15  0.800E+08  0.198E-14  0.820E+08  0.144E-13
  0.840E+08  0.758E-13  0.860E+08  0.345E-12  0.880E+08  0.109E-11
  0.900E+08  0.395E-11  0.920E+08  0.968E-11  0.940E+08  0.210E-10
  0.960E+08  0.382E-10  0.980E+08  0.646E-10  0.100E+09  0.106E-09
PD116
         582
           0
          19
  0.370E+08  0.000E+00  0.660E+08  0.765E-34  0.680E+08  0.345E-29
  0.700E+08  0.121E-24  0.720E+08  0.193E-22  0.740E+08  0.463E-20
  0.760E+08  0.921E-19  0.780E+08  0.134E-17  0.800E+08  0.245E-16
  0.820E+08  0.356E-15  0.840E+08  0.358E-14  0.860E+08  0.285E-13
  0.880E+08  0.164E-12  0.900E+08  0.952E-12  0.920E+08  0.368E-11
  0.940E+08  0.121E-10  0.960E+08  0.356E-10  0.980E+08  0.906E-10
  0.100E+09  0.226E-09
PD115
         583
           0
          15
  0.439E+08  0.000E+00  0.740E+08  0.104E-29  0.760E+08  0.294E-26
  0.780E+08  0.696E-24  0.800E+08  0.142E-21  0.820E+08  0.121E-19
  0.840E+08  0.535E-18  0.860E+08  0.149E-16  0.880E+08  0.288E-15
  0.900E+08  0.368E-14  0.920E+08  0.245E-13  0.940E+08  0.182E-12
  0.960E+08  0.813E-12  0.980E+08  0.410E-11  0.100E+09  0.181E-10
PD114
         584
           0
          12
  0.489E+08  0.000E+00  0.800E+08  0.182E-31  0.820E+08  0.682E-27
  0.840E+08  0.605E-24  0.860E+08  0.122E-21  0.880E+08  0.311E-19
  0.900E+08  0.110E-17  0.920E+08  0.231E-16  0.940E+08  0.417E-15
  0.960E+08  0.588E-14  0.980E+08  0.593E-13  0.100E+09  0.456E-12
PD113
         585
           0
           8
  0.569E+08  0.000E+00  0.880E+08  0.458E-32  0.900E+08  0.395E-28
  0.920E+08  0.102E-24  0.940E+08  0.222E-22  0.960E+08  0.233E-20
  0.980E+08  0.117E-18  0.100E+09  0.327E-17
PD112
         586
           0
           5
  0.624E+08  0.000E+00  0.940E+08  0.183E-33  0.960E+08  0.255E-28
  0.980E+08  0.345E-25  0.100E+09  0.637E-23
RH120
         875
           0
           9
  0.527E+08  0.000E+00  0.860E+08  0.725E-41  0.880E+08  0.366E-37
  0.900E+08  0.166E-34  0.920E+08  0.230E-32  0.940E+08  0.154E-30
  0.960E+08  0.473E-29  0.980E+08  0.124E-27  0.100E+09  0.193E-26
RH119
         876
           0
           8
  0.547E+08  0.000E+00  0.880E+08  0.558E-41  0.900E+08  0.178E-37
  0.920E+08  0.760E-35  0.940E+08  0.882E-33  0.960E+08  0.155E-30
  0.980E+08  0.593E-29  0.100E+09  0.230E-27
RH118
         877
           0
          17
  0.356E+08  0.000E+00  0.700E+08  0.108E-35  0.720E+08  0.101E-31
  0.740E+08  0.201E-29  0.760E+08  0.154E-27  0.780E+08  0.223E-26
  0.800E+08  0.691E-25  0.820E+08  0.152E-23  0.840E+08  0.254E-22
  0.860E+08  0.241E-21  0.880E+08  0.170E-20  0.900E+08  0.152E-19
  0.920E+08  0.744E-19  0.940E+08  0.388E-18  0.960E+08  0.158E-17
  0.980E+08  0.396E-17  0.100E+09  0.121E-16
RH117
         878
           0
          15
  0.387E+08  0.000E+00  0.740E+08  0.322E-34  0.760E+08  0.601E-31
  0.780E+08  0.550E-29  0.800E+08  0.783E-27  0.820E+08  0.446E-25
  0.840E+08  0.158E-23  0.860E+08  0.280E-22  0.880E+08  0.366E-21
  0.900E+08  0.533E-20  0.920E+08  0.501E-19  0.940E+08  0.422E-18
  0.960E+08  0.280E-17  0.980E+08  0.162E-16  0.100E+09  0.896E-16
RH116
         879
           0
          25
  0.189E+08  0.000E+00  0.540E+08  0.239E-32  0.560E+08  0.146E-29
  0.580E+08  0.130E-26  0.600E+08  0.967E-25  0.620E+08  0.347E-23
  0.640E+08  0.100E-21  0.660E+08  0.198E-20  0.680E+08  0.268E-19
  0.700E+08  0.268E-18  0.720E+08  0.127E-17  0.740E+08  0.750E-17
  0.760E+08  0.389E-16  0.780E+08  0.115E-15  0.800E+08  0.349E-15
  0.820E+08  0.913E-15  0.840E+08  0.199E-14  0.860E+08  0.367E-14
  0.880E+08  0.494E-14  0.900E+08  0.700E-14  0.920E+08  0.970E-14
  0.940E+08  0.116E-13  0.960E+08  0.128E-13  0.980E+08  0.138E-13
  0.100E+09  0.146E-13
RH115
         880
           0
          22
  0.237E+08  0.000E+00  0.600E+08  0.125E-28  0.620E+08  0.584E-26
  0.640E+08  0.771E-24  0.660E+08  0.468E-22  0.680E+08  0.159E-20
  0.700E+08  0.349E-19  0.720E+08  0.280E-18  0.740E+08  0.227E-17
  0.760E+08  0.222E-16  0.780E+08  0.103E-15  0.800E+08  0.773E-15
  0.820E+08  0.364E-14  0.840E+08  0.142E-13  0.860E+08  0.462E-13
  0.880E+08  0.113E-12  0.900E+08  0.264E-12  0.920E+08  0.568E-12
  0.940E+08  0.101E-11  0.960E+08  0.158E-11  0.980E+08  0.225E-11
  0.100E+09  0.365E-11
RH114
         881
           0
          19
  0.302E+08  0.000E+00  0.660E+08  0.876E-30  0.680E+08  0.295E-26
  0.700E+08  0.758E-24  0.720E+08  0.267E-22  0.740E+08  0.135E-20
  0.760E+08  0.436E-19  0.780E+08  0.446E-18  0.800E+08  0.126E-16
  0.820E+08  0.146E-15  0.840E+08  0.127E-14  0.860E+08  0.853E-14
  0.880E+08  0.410E-13  0.900E+08  0.173E-12  0.920E+08  0.628E-12
  0.940E+08  0.181E-11  0.960E+08  0.444E-11  0.980E+08  0.949E-11
  0.100E+09  0.164E-10
RH113
         882
           0
          16
  0.347E+08  0.000E+00  0.720E+08  0.194E-28  0.740E+08  0.219E-25
  0.760E+08  0.286E-23  0.780E+08  0.785E-22  0.800E+08  0.576E-20
  0.820E+08  0.187E-18  0.840E+08  0.431E-17  0.860E+08  0.721E-16
  0.880E+08  0.845E-15  0.900E+08  0.750E-14  0.920E+08  0.539E-13
  0.940E+08  0.288E-12  0.960E+08  0.129E-11  0.980E+08  0.476E-11
  0.100E+09  0.160E-10
RH112
         883
           0
          13
  0.420E+08  0.000E+00  0.780E+08  0.260E-30  0.800E+08  0.780E-27
  0.820E+08  0.121E-24  0.840E+08  0.129E-22  0.860E+08  0.810E-21
  0.880E+08  0.386E-19  0.900E+08  0.879E-18  0.920E+08  0.167E-16
  0.940E+08  0.215E-15  0.960E+08  0.251E-14  0.980E+08  0.226E-13
  0.100E+09  0.213E-12
RH111
         884
           0
          10
  0.475E+08  0.000E+00  0.840E+08  0.781E-31  0.860E+08  0.259E-27
  0.880E+08  0.144E-24  0.900E+08  0.116E-22  0.920E+08  0.721E-21
  0.940E+08  0.243E-19  0.960E+08  0.735E-18  0.980E+08  0.266E-16
  0.100E+09  0.449E-15
RH110
         885
           0
           6
  0.550E+08  0.000E+00  0.920E+08  0.155E-31  0.940E+08  0.347E-28
  0.960E+08  0.176E-25  0.980E+08  0.315E-23  0.100E+09  0.684E-21
RH109
         886
           0
           3
  0.610E+08  0.000E+00  0.980E+08  0.158E-33  0.100E+09  0.226E-29
