         120
BA135
          16
           0
          73
  0.917E+07  0.000E+00  0.950E+07  0.304E-02  0.100E+08  0.288E-01
  0.105E+08  0.143E+00  0.110E+08  0.342E+00  0.115E+08  0.582E+00
  0.120E+08  0.822E+00  0.125E+08  0.104E+01  0.130E+08  0.123E+01
  0.135E+08  0.138E+01  0.140E+08  0.158E+01  0.145E+08  0.167E+01
  0.150E+08  0.174E+01  0.160E+08  0.180E+01  0.170E+08  0.185E+01
  0.180E+08  0.175E+01  0.190E+08  0.145E+01  0.200E+08  0.109E+01
  0.210E+08  0.796E+00  0.220E+08  0.582E+00  0.230E+08  0.440E+00
  0.240E+08  0.348E+00  0.250E+08  0.289E+00  0.260E+08  0.250E+00
  0.270E+08  0.233E+00  0.280E+08  0.208E+00  0.290E+08  0.192E+00
  0.300E+08  0.181E+00  0.310E+08  0.176E+00  0.320E+08  0.171E+00
  0.330E+08  0.165E+00  0.340E+08  0.159E+00  0.350E+08  0.153E+00
  0.360E+08  0.148E+00  0.370E+08  0.144E+00  0.380E+08  0.140E+00
  0.390E+08  0.136E+00  0.400E+08  0.133E+00  0.410E+08  0.121E+00
  0.420E+08  0.119E+00  0.430E+08  0.117E+00  0.440E+08  0.114E+00
  0.450E+08  0.112E+00  0.460E+08  0.111E+00  0.470E+08  0.109E+00
  0.480E+08  0.107E+00  0.490E+08  0.104E+00  0.500E+08  0.102E+00
  0.520E+08  0.963E-01  0.540E+08  0.910E-01  0.560E+08  0.879E-01
  0.580E+08  0.850E-01  0.600E+08  0.823E-01  0.620E+08  0.784E-01
  0.640E+08  0.745E-01  0.660E+08  0.779E-01  0.680E+08  0.756E-01
  0.700E+08  0.741E-01  0.720E+08  0.727E-01  0.740E+08  0.712E-01
  0.760E+08  0.697E-01  0.780E+08  0.677E-01  0.800E+08  0.663E-01
  0.820E+08  0.645E-01  0.840E+08  0.627E-01  0.860E+08  0.610E-01
  0.880E+08  0.600E-01  0.900E+08  0.594E-01  0.920E+08  0.589E-01
  0.940E+08  0.583E-01  0.960E+08  0.569E-01  0.980E+08  0.555E-01
  0.100E+09  0.541E-01
BA134
          17
           0
          60
  0.162E+08  0.000E+00  0.170E+08  0.499E-02  0.180E+08  0.127E+00
  0.190E+08  0.437E+00  0.200E+08  0.788E+00  0.210E+08  0.107E+01
  0.220E+08  0.127E+01  0.230E+08  0.140E+01  0.240E+08  0.148E+01
  0.250E+08  0.152E+01  0.260E+08  0.154E+01  0.270E+08  0.154E+01
  0.280E+08  0.154E+01  0.290E+08  0.152E+01  0.300E+08  0.147E+01
  0.310E+08  0.140E+01  0.320E+08  0.130E+01  0.330E+08  0.119E+01
  0.340E+08  0.106E+01  0.350E+08  0.970E+00  0.360E+08  0.858E+00
  0.370E+08  0.758E+00  0.380E+08  0.672E+00  0.390E+08  0.599E+00
  0.400E+08  0.538E+00  0.410E+08  0.480E+00  0.420E+08  0.446E+00
  0.430E+08  0.411E+00  0.440E+08  0.356E+00  0.450E+08  0.332E+00
  0.460E+08  0.313E+00  0.470E+08  0.297E+00  0.480E+08  0.283E+00
  0.490E+08  0.277E+00  0.500E+08  0.271E+00  0.520E+08  0.259E+00
  0.540E+08  0.242E+00  0.560E+08  0.233E+00  0.580E+08  0.196E+00
  0.600E+08  0.188E+00  0.620E+08  0.179E+00  0.640E+08  0.172E+00
  0.660E+08  0.160E+00  0.680E+08  0.154E+00  0.700E+08  0.150E+00
  0.720E+08  0.147E+00  0.740E+08  0.143E+00  0.760E+08  0.139E+00
  0.780E+08  0.135E+00  0.800E+08  0.130E+00  0.820E+08  0.127E+00
  0.840E+08  0.125E+00  0.860E+08  0.122E+00  0.880E+08  0.118E+00
  0.900E+08  0.115E+00  0.920E+08  0.117E+00  0.940E+08  0.114E+00
  0.960E+08  0.111E+00  0.980E+08  0.110E+00  0.100E+09  0.108E+00
BA133
          37
           0
          50
  0.257E+08  0.000E+00  0.270E+08  0.180E-04  0.280E+08  0.223E-02
  0.290E+08  0.155E-01  0.300E+08  0.524E-01  0.310E+08  0.101E+00
  0.320E+08  0.186E+00  0.330E+08  0.289E+00  0.340E+08  0.397E+00
  0.350E+08  0.472E+00  0.360E+08  0.564E+00  0.370E+08  0.637E+00
  0.380E+08  0.683E+00  0.390E+08  0.697E+00  0.400E+08  0.683E+00
  0.410E+08  0.644E+00  0.420E+08  0.600E+00  0.430E+08  0.546E+00
  0.440E+08  0.498E+00  0.450E+08  0.445E+00  0.460E+08  0.399E+00
  0.470E+08  0.359E+00  0.480E+08  0.338E+00  0.490E+08  0.327E+00
  0.500E+08  0.317E+00  0.520E+08  0.265E+00  0.540E+08  0.219E+00
  0.560E+08  0.187E+00  0.580E+08  0.179E+00  0.600E+08  0.162E+00
  0.620E+08  0.131E+00  0.640E+08  0.122E+00  0.660E+08  0.115E+00
  0.680E+08  0.108E+00  0.700E+08  0.972E-01  0.720E+08  0.936E-01
  0.740E+08  0.896E-01  0.760E+08  0.859E-01  0.780E+08  0.826E-01
  0.800E+08  0.796E-01  0.820E+08  0.768E-01  0.840E+08  0.720E-01
  0.860E+08  0.706E-01  0.880E+08  0.684E-01  0.900E+08  0.664E-01
  0.920E+08  0.646E-01  0.940E+08  0.626E-01  0.960E+08  0.660E-01
  0.980E+08  0.632E-01  0.100E+09  0.615E-01
CS136
         103
           0
          80
  0.178E+07  0.000E+00  0.600E+07  0.154E-04  0.650E+07  0.668E-04
  0.700E+07  0.169E-03  0.750E+07  0.332E-03  0.800E+07  0.621E-03
  0.850E+07  0.105E-02  0.900E+07  0.163E-02  0.950E+07  0.240E-02
  0.100E+08  0.337E-02  0.105E+08  0.433E-02  0.110E+08  0.529E-02
  0.115E+08  0.689E-02  0.120E+08  0.850E-02  0.125E+08  0.105E-01
  0.130E+08  0.128E-01  0.135E+08  0.153E-01  0.140E+08  0.172E-01
  0.145E+08  0.191E-01  0.150E+08  0.219E-01  0.160E+08  0.277E-01
  0.170E+08  0.326E-01  0.180E+08  0.364E-01  0.190E+08  0.382E-01
  0.200E+08  0.407E-01  0.210E+08  0.428E-01  0.220E+08  0.446E-01
  0.230E+08  0.459E-01  0.240E+08  0.471E-01  0.250E+08  0.477E-01
  0.260E+08  0.480E-01  0.270E+08  0.480E-01  0.280E+08  0.479E-01
  0.290E+08  0.476E-01  0.300E+08  0.473E-01  0.310E+08  0.472E-01
  0.320E+08  0.469E-01  0.330E+08  0.454E-01  0.340E+08  0.449E-01
  0.350E+08  0.441E-01  0.360E+08  0.435E-01  0.370E+08  0.430E-01
  0.380E+08  0.426E-01  0.390E+08  0.421E-01  0.400E+08  0.416E-01
  0.410E+08  0.410E-01  0.420E+08  0.404E-01  0.430E+08  0.398E-01
  0.440E+08  0.392E-01  0.450E+08  0.386E-01  0.460E+08  0.381E-01
  0.470E+08  0.377E-01  0.480E+08  0.372E-01  0.490E+08  0.367E-01
  0.500E+08  0.362E-01  0.520E+08  0.351E-01  0.540E+08  0.340E-01
  0.560E+08  0.330E-01  0.580E+08  0.320E-01  0.600E+08  0.312E-01
  0.620E+08  0.303E-01  0.640E+08  0.293E-01  0.660E+08  0.285E-01
  0.680E+08  0.282E-01  0.700E+08  0.280E-01  0.720E+08  0.277E-01
  0.740E+08  0.274E-01  0.760E+08  0.271E-01  0.780E+08  0.269E-01
  0.800E+08  0.266E-01  0.820E+08  0.259E-01  0.840E+08  0.253E-01
  0.860E+08  0.247E-01  0.880E+08  0.241E-01  0.900E+08  0.234E-01
  0.920E+08  0.228E-01  0.940E+08  0.223E-01  0.960E+08  0.218E-01
  0.980E+08  0.213E-01  0.100E+09  0.208E-01
XE135
         111
           0
          65
  0.897E+07  0.000E+00  0.135E+08  0.121E-03  0.140E+08  0.133E-03
  0.145E+08  0.176E-03  0.150E+08  0.225E-03  0.160E+08  0.308E-03
  0.170E+08  0.444E-03  0.180E+08  0.595E-03  0.190E+08  0.645E-03
  0.200E+08  0.833E-03  0.210E+08  0.104E-02  0.220E+08  0.128E-02
  0.230E+08  0.140E-02  0.240E+08  0.166E-02  0.250E+08  0.193E-02
  0.260E+08  0.221E-02  0.270E+08  0.251E-02  0.280E+08  0.282E-02
  0.290E+08  0.301E-02  0.300E+08  0.336E-02  0.310E+08  0.373E-02
  0.320E+08  0.410E-02  0.330E+08  0.448E-02  0.340E+08  0.486E-02
  0.350E+08  0.511E-02  0.360E+08  0.550E-02  0.370E+08  0.587E-02
  0.380E+08  0.620E-02  0.390E+08  0.647E-02  0.400E+08  0.669E-02
  0.410E+08  0.670E-02  0.420E+08  0.679E-02  0.430E+08  0.685E-02
  0.440E+08  0.689E-02  0.450E+08  0.692E-02  0.460E+08  0.690E-02
  0.470E+08  0.706E-02  0.480E+08  0.703E-02  0.490E+08  0.686E-02
  0.500E+08  0.669E-02  0.520E+08  0.669E-02  0.540E+08  0.670E-02
  0.560E+08  0.667E-02  0.580E+08  0.666E-02  0.600E+08  0.683E-02
  0.620E+08  0.682E-02  0.640E+08  0.681E-02  0.660E+08  0.680E-02
  0.680E+08  0.678E-02  0.700E+08  0.676E-02  0.720E+08  0.675E-02
  0.740E+08  0.672E-02  0.760E+08  0.670E-02  0.780E+08  0.668E-02
  0.800E+08  0.682E-02  0.820E+08  0.650E-02  0.840E+08  0.648E-02
  0.860E+08  0.646E-02  0.880E+08  0.643E-02  0.900E+08  0.640E-02
  0.920E+08  0.636E-02  0.940E+08  0.632E-02  0.960E+08  0.663E-02
  0.980E+08  0.659E-02  0.100E+09  0.671E-02
BA132
         121
           0
          43
  0.330E+08  0.000E+00  0.340E+08  0.433E-07  0.350E+08  0.154E-03
  0.360E+08  0.229E-02  0.370E+08  0.110E-01  0.380E+08  0.336E-01
  0.390E+08  0.738E-01  0.400E+08  0.130E+00  0.410E+08  0.216E+00
  0.420E+08  0.272E+00  0.430E+08  0.343E+00  0.440E+08  0.429E+00
  0.450E+08  0.486E+00  0.460E+08  0.533E+00  0.470E+08  0.573E+00
  0.480E+08  0.591E+00  0.490E+08  0.595E+00  0.500E+08  0.600E+00
  0.520E+08  0.608E+00  0.540E+08  0.619E+00  0.560E+08  0.592E+00
  0.580E+08  0.554E+00  0.600E+08  0.505E+00  0.620E+08  0.456E+00
  0.640E+08  0.412E+00  0.660E+08  0.375E+00  0.680E+08  0.343E+00
  0.700E+08  0.335E+00  0.720E+08  0.308E+00  0.740E+08  0.284E+00
  0.760E+08  0.264E+00  0.780E+08  0.246E+00  0.800E+08  0.230E+00
  0.820E+08  0.216E+00  0.840E+08  0.209E+00  0.860E+08  0.197E+00
  0.880E+08  0.187E+00  0.900E+08  0.179E+00  0.920E+08  0.172E+00
  0.940E+08  0.165E+00  0.960E+08  0.159E+00  0.980E+08  0.155E+00
  0.100E+09  0.150E+00
BA131
         122
           0
          33
  0.429E+08  0.000E+00  0.440E+08  0.366E-08  0.450E+08  0.603E-06
  0.460E+08  0.130E-04  0.470E+08  0.108E-03  0.480E+08  0.377E-03
  0.490E+08  0.674E-03  0.500E+08  0.214E-02  0.520E+08  0.110E-01
  0.540E+08  0.410E-01  0.560E+08  0.794E-01  0.580E+08  0.133E+00
  0.600E+08  0.174E+00  0.620E+08  0.218E+00  0.640E+08  0.213E+00
  0.660E+08  0.206E+00  0.680E+08  0.198E+00  0.700E+08  0.191E+00
  0.720E+08  0.187E+00  0.740E+08  0.183E+00  0.760E+08  0.174E+00
  0.780E+08  0.164E+00  0.800E+08  0.155E+00  0.820E+08  0.146E+00
  0.840E+08  0.136E+00  0.860E+08  0.127E+00  0.880E+08  0.117E+00
  0.900E+08  0.108E+00  0.920E+08  0.102E+00  0.940E+08  0.964E-01
  0.960E+08  0.922E-01  0.980E+08  0.919E-01  0.100E+09  0.889E-01
BA130
         123
           0
          25
  0.504E+08  0.000E+00  0.540E+08  0.819E-06  0.560E+08  0.749E-04
  0.580E+08  0.149E-02  0.600E+08  0.661E-02  0.620E+08  0.236E-01
  0.640E+08  0.633E-01  0.660E+08  0.981E-01  0.680E+08  0.137E+00
  0.700E+08  0.171E+00  0.720E+08  0.192E+00  0.740E+08  0.222E+00
  0.760E+08  0.246E+00  0.780E+08  0.263E+00  0.800E+08  0.273E+00
  0.820E+08  0.278E+00  0.840E+08  0.277E+00  0.860E+08  0.270E+00
  0.880E+08  0.262E+00  0.900E+08  0.257E+00  0.920E+08  0.246E+00
  0.940E+08  0.236E+00  0.960E+08  0.226E+00  0.980E+08  0.221E+00
  0.100E+09  0.211E+00
BA129
         124
           0
          20
  0.608E+08  0.000E+00  0.640E+08  0.328E-07  0.660E+08  0.202E-05
  0.680E+08  0.312E-04  0.700E+08  0.213E-03  0.720E+08  0.928E-03
  0.740E+08  0.285E-02  0.760E+08  0.610E-02  0.780E+08  0.123E-01
  0.800E+08  0.214E-01  0.820E+08  0.330E-01  0.840E+08  0.463E-01
  0.860E+08  0.598E-01  0.880E+08  0.720E-01  0.900E+08  0.769E-01
  0.920E+08  0.818E-01  0.940E+08  0.867E-01  0.960E+08  0.792E-01
  0.980E+08  0.758E-01  0.100E+09  0.758E-01
BA128
         125
           0
          17
  0.685E+08  0.000E+00  0.700E+08  0.991E-12  0.720E+08  0.360E-08
  0.740E+08  0.309E-06  0.760E+08  0.350E-05  0.780E+08  0.353E-04
  0.800E+08  0.197E-03  0.820E+08  0.738E-03  0.840E+08  0.208E-02
  0.860E+08  0.473E-02  0.880E+08  0.909E-02  0.900E+08  0.126E-01
  0.920E+08  0.176E-01  0.940E+08  0.260E-01  0.960E+08  0.413E-01
  0.980E+08  0.479E-01  0.100E+09  0.544E-01
BA127
         126
           0
          11
  0.794E+08  0.000E+00  0.820E+08  0.765E-13  0.840E+08  0.452E-10
  0.860E+08  0.304E-08  0.880E+08  0.667E-07  0.900E+08  0.416E-06
  0.920E+08  0.191E-05  0.940E+08  0.883E-05  0.960E+08  0.384E-04
  0.980E+08  0.635E-04  0.100E+09  0.186E-03
BA126
         127
           0
           6
  0.876E+08  0.000E+00  0.920E+08  0.372E-14  0.940E+08  0.287E-11
  0.960E+08  0.202E-09  0.980E+08  0.103E-08  0.100E+09  0.686E-07
CS135
         153
           0
          71
  0.635E+07  0.000E+00  0.105E+08  0.529E-08  0.110E+08  0.654E-07
  0.115E+08  0.368E-06  0.120E+08  0.152E-05  0.125E+08  0.506E-05
  0.130E+08  0.330E-02  0.135E+08  0.454E-02  0.140E+08  0.577E-02
  0.145E+08  0.701E-02  0.150E+08  0.824E-02  0.160E+08  0.107E-01
  0.170E+08  0.132E-01  0.180E+08  0.157E-01  0.190E+08  0.181E-01
  0.200E+08  0.206E-01  0.210E+08  0.284E-01  0.220E+08  0.374E-01
  0.230E+08  0.466E-01  0.240E+08  0.563E-01  0.250E+08  0.668E-01
  0.260E+08  0.773E-01  0.270E+08  0.872E-01  0.280E+08  0.963E-01
  0.290E+08  0.104E+00  0.300E+08  0.111E+00  0.310E+08  0.117E+00
  0.320E+08  0.123E+00  0.330E+08  0.127E+00  0.340E+08  0.131E+00
  0.350E+08  0.134E+00  0.360E+08  0.136E+00  0.370E+08  0.132E+00
  0.380E+08  0.131E+00  0.390E+08  0.130E+00  0.400E+08  0.128E+00
  0.410E+08  0.127E+00  0.420E+08  0.126E+00  0.430E+08  0.125E+00
  0.440E+08  0.123E+00  0.450E+08  0.122E+00  0.460E+08  0.121E+00
  0.470E+08  0.120E+00  0.480E+08  0.119E+00  0.490E+08  0.119E+00
  0.500E+08  0.118E+00  0.520E+08  0.116E+00  0.540E+08  0.114E+00
  0.560E+08  0.112E+00  0.580E+08  0.110E+00  0.600E+08  0.107E+00
  0.620E+08  0.105E+00  0.640E+08  0.103E+00  0.660E+08  0.101E+00
  0.680E+08  0.100E+00  0.700E+08  0.988E-01  0.720E+08  0.975E-01
  0.740E+08  0.966E-01  0.760E+08  0.960E-01  0.780E+08  0.950E-01
  0.800E+08  0.944E-01  0.820E+08  0.937E-01  0.840E+08  0.931E-01
  0.860E+08  0.926E-01  0.880E+08  0.918E-01  0.900E+08  0.909E-01
  0.920E+08  0.903E-01  0.940E+08  0.895E-01  0.960E+08  0.928E-01
  0.980E+08  0.920E-01  0.100E+09  0.922E-01
CS134
         154
           0
          57
  0.152E+08  0.000E+00  0.200E+08  0.107E-06  0.210E+08  0.136E-05
  0.220E+08  0.141E-04  0.230E+08  0.854E-04  0.240E+08  0.316E-03
  0.250E+08  0.899E-03  0.260E+08  0.207E-02  0.270E+08  0.390E-02
  0.280E+08  0.696E-02  0.290E+08  0.113E-01  0.300E+08  0.166E-01
  0.310E+08  0.230E-01  0.320E+08  0.303E-01  0.330E+08  0.389E-01
  0.340E+08  0.462E-01  0.350E+08  0.526E-01  0.360E+08  0.612E-01
  0.370E+08  0.717E-01  0.380E+08  0.789E-01  0.390E+08  0.854E-01
  0.400E+08  0.911E-01  0.410E+08  0.959E-01  0.420E+08  0.999E-01
  0.430E+08  0.103E+00  0.440E+08  0.106E+00  0.450E+08  0.108E+00
  0.460E+08  0.110E+00  0.470E+08  0.111E+00  0.480E+08  0.111E+00
  0.490E+08  0.110E+00  0.500E+08  0.109E+00  0.520E+08  0.108E+00
  0.540E+08  0.107E+00  0.560E+08  0.101E+00  0.580E+08  0.971E-01
  0.600E+08  0.937E-01  0.620E+08  0.903E-01  0.640E+08  0.875E-01
  0.660E+08  0.882E-01  0.680E+08  0.864E-01  0.700E+08  0.845E-01
  0.720E+08  0.831E-01  0.740E+08  0.817E-01  0.760E+08  0.804E-01
  0.780E+08  0.794E-01  0.800E+08  0.778E-01  0.820E+08  0.767E-01
  0.840E+08  0.756E-01  0.860E+08  0.748E-01  0.880E+08  0.741E-01
  0.900E+08  0.679E-01  0.920E+08  0.670E-01  0.940E+08  0.663E-01
  0.960E+08  0.616E-01  0.980E+08  0.612E-01  0.100E+09  0.607E-01
CS133
         155
           0
          50
  0.222E+08  0.000E+00  0.270E+08  0.586E-08  0.280E+08  0.409E-06
  0.290E+08  0.556E-05  0.300E+08  0.382E-04  0.310E+08  0.170E-03
  0.320E+08  0.542E-03  0.330E+08  0.143E-02  0.340E+08  0.357E-02
  0.350E+08  0.643E-02  0.360E+08  0.943E-02  0.370E+08  0.154E-01
  0.380E+08  0.215E-01  0.390E+08  0.285E-01  0.400E+08  0.364E-01
  0.410E+08  0.454E-01  0.420E+08  0.546E-01  0.430E+08  0.641E-01
  0.440E+08  0.736E-01  0.450E+08  0.830E-01  0.460E+08  0.904E-01
  0.470E+08  0.986E-01  0.480E+08  0.104E+00  0.490E+08  0.112E+00
  0.500E+08  0.119E+00  0.520E+08  0.132E+00  0.540E+08  0.138E+00
  0.560E+08  0.147E+00  0.580E+08  0.152E+00  0.600E+08  0.156E+00
  0.620E+08  0.158E+00  0.640E+08  0.159E+00  0.660E+08  0.159E+00
  0.680E+08  0.160E+00  0.700E+08  0.160E+00  0.720E+08  0.155E+00
  0.740E+08  0.150E+00  0.760E+08  0.144E+00  0.780E+08  0.140E+00
  0.800E+08  0.135E+00  0.820E+08  0.131E+00  0.840E+08  0.128E+00
  0.860E+08  0.125E+00  0.880E+08  0.122E+00  0.900E+08  0.119E+00
  0.920E+08  0.117E+00  0.940E+08  0.115E+00  0.960E+08  0.113E+00
  0.980E+08  0.112E+00  0.100E+09  0.110E+00
CS132
         156
           0
          41
  0.313E+08  0.000E+00  0.360E+08  0.172E-10  0.370E+08  0.138E-07
  0.380E+08  0.315E-06  0.390E+08  0.314E-05  0.400E+08  0.188E-04
  0.410E+08  0.783E-04  0.420E+08  0.235E-03  0.430E+08  0.596E-03
  0.440E+08  0.130E-02  0.450E+08  0.250E-02  0.460E+08  0.417E-02
  0.470E+08  0.669E-02  0.480E+08  0.928E-02  0.490E+08  0.170E-01
  0.500E+08  0.224E-01  0.520E+08  0.349E-01  0.540E+08  0.444E-01
  0.560E+08  0.554E-01  0.580E+08  0.657E-01  0.600E+08  0.732E-01
  0.620E+08  0.794E-01  0.640E+08  0.835E-01  0.660E+08  0.881E-01
  0.680E+08  0.927E-01  0.700E+08  0.984E-01  0.720E+08  0.103E+00
  0.740E+08  0.108E+00  0.760E+08  0.112E+00  0.780E+08  0.115E+00
  0.800E+08  0.118E+00  0.820E+08  0.118E+00  0.840E+08  0.116E+00
  0.860E+08  0.114E+00  0.880E+08  0.111E+00  0.900E+08  0.109E+00
  0.920E+08  0.106E+00  0.940E+08  0.104E+00  0.960E+08  0.101E+00
  0.980E+08  0.988E-01  0.100E+09  0.959E-01
CS131
         157
           0
          34
  0.385E+08  0.000E+00  0.430E+08  0.101E-17  0.440E+08  0.243E-09
  0.450E+08  0.153E-07  0.460E+08  0.262E-06  0.470E+08  0.229E-05
  0.480E+08  0.148E-04  0.490E+08  0.126E-03  0.500E+08  0.326E-03
  0.520E+08  0.141E-02  0.540E+08  0.336E-02  0.560E+08  0.797E-02
  0.580E+08  0.155E-01  0.600E+08  0.257E-01  0.620E+08  0.371E-01
  0.640E+08  0.506E-01  0.660E+08  0.688E-01  0.680E+08  0.805E-01
  0.700E+08  0.852E-01  0.720E+08  0.966E-01  0.740E+08  0.106E+00
  0.760E+08  0.113E+00  0.780E+08  0.119E+00  0.800E+08  0.124E+00
  0.820E+08  0.120E+00  0.840E+08  0.123E+00  0.860E+08  0.127E+00
  0.880E+08  0.132E+00  0.900E+08  0.135E+00  0.920E+08  0.139E+00
  0.940E+08  0.142E+00  0.960E+08  0.145E+00  0.980E+08  0.148E+00
  0.100E+09  0.150E+00
CS130
         158
           0
          25
  0.478E+08  0.000E+00  0.540E+08  0.229E-10  0.560E+08  0.183E-07
  0.580E+08  0.110E-05  0.600E+08  0.172E-04  0.620E+08  0.982E-04
  0.640E+08  0.409E-03  0.660E+08  0.161E-02  0.680E+08  0.365E-02
  0.700E+08  0.570E-02  0.720E+08  0.105E-01  0.740E+08  0.170E-01
  0.760E+08  0.253E-01  0.780E+08  0.332E-01  0.800E+08  0.420E-01
  0.820E+08  0.569E-01  0.840E+08  0.630E-01  0.860E+08  0.676E-01
  0.880E+08  0.706E-01  0.900E+08  0.734E-01  0.920E+08  0.734E-01
  0.940E+08  0.739E-01  0.960E+08  0.740E-01  0.980E+08  0.745E-01
  0.100E+09  0.753E-01
CS129
         159
           0
          21
  0.553E+08  0.000E+00  0.620E+08  0.131E-09  0.640E+08  0.772E-08
  0.660E+08  0.540E-06  0.680E+08  0.862E-05  0.700E+08  0.395E-04
  0.720E+08  0.192E-03  0.740E+08  0.653E-03  0.760E+08  0.134E-02
  0.780E+08  0.305E-02  0.800E+08  0.606E-02  0.820E+08  0.123E-01
  0.840E+08  0.191E-01  0.860E+08  0.272E-01  0.880E+08  0.364E-01
  0.900E+08  0.479E-01  0.920E+08  0.572E-01  0.940E+08  0.670E-01
  0.960E+08  0.749E-01  0.980E+08  0.819E-01  0.100E+09  0.861E-01
CS128
         160
           0
          17
  0.650E+08  0.000E+00  0.700E+08  0.137E-14  0.720E+08  0.380E-11
  0.740E+08  0.634E-09  0.760E+08  0.120E-07  0.780E+08  0.253E-06
  0.800E+08  0.227E-05  0.820E+08  0.223E-04  0.840E+08  0.933E-04
  0.860E+08  0.281E-03  0.880E+08  0.730E-03  0.900E+08  0.171E-02
  0.920E+08  0.261E-02  0.940E+08  0.446E-02  0.960E+08  0.721E-02
  0.980E+08  0.109E-01  0.100E+09  0.146E-01
CS127
         161
           0
          13
  0.728E+08  0.000E+00  0.780E+08  0.151E-18  0.800E+08  0.134E-13
  0.820E+08  0.232E-10  0.840E+08  0.184E-08  0.860E+08  0.411E-07
  0.880E+08  0.511E-06  0.900E+08  0.356E-05  0.920E+08  0.109E-04
  0.940E+08  0.463E-04  0.960E+08  0.146E-03  0.980E+08  0.387E-03
  0.100E+09  0.112E-02
CS126
         162
           0
           8
  0.829E+08  0.000E+00  0.880E+08  0.335E-20  0.900E+08  0.352E-16
  0.920E+08  0.484E-14  0.940E+08  0.158E-11  0.960E+08  0.101E-09
  0.980E+08  0.119E-08  0.100E+09  0.339E-07
CS125
         163
           0
           2
  0.913E+08  0.000E+00  0.100E+09  0.874E-16
XE134
         174
           0
          55
  0.132E+08  0.000E+00  0.220E+08  0.795E-13  0.230E+08  0.237E-11
  0.240E+08  0.376E-10  0.250E+08  0.641E-09  0.260E+08  0.523E-08
  0.270E+08  0.203E-07  0.280E+08  0.690E-07  0.290E+08  0.208E-06
  0.300E+08  0.495E-06  0.310E+08  0.102E-05  0.320E+08  0.186E-05
  0.330E+08  0.336E-05  0.340E+08  0.507E-05  0.350E+08  0.892E-05
  0.360E+08  0.215E-04  0.370E+08  0.615E-04  0.380E+08  0.155E-03
  0.390E+08  0.315E-03  0.400E+08  0.547E-03  0.410E+08  0.869E-03
  0.420E+08  0.122E-02  0.430E+08  0.162E-02  0.440E+08  0.203E-02
  0.450E+08  0.245E-02  0.460E+08  0.289E-02  0.470E+08  0.319E-02
  0.480E+08  0.363E-02  0.490E+08  0.439E-02  0.500E+08  0.486E-02
  0.520E+08  0.577E-02  0.540E+08  0.665E-02  0.560E+08  0.734E-02
  0.580E+08  0.780E-02  0.600E+08  0.785E-02  0.620E+08  0.791E-02
  0.640E+08  0.793E-02  0.660E+08  0.785E-02  0.680E+08  0.768E-02
  0.700E+08  0.761E-02  0.720E+08  0.751E-02  0.740E+08  0.741E-02
  0.760E+08  0.733E-02  0.780E+08  0.738E-02  0.800E+08  0.717E-02
  0.820E+08  0.721E-02  0.840E+08  0.717E-02  0.860E+08  0.714E-02
  0.880E+08  0.671E-02  0.900E+08  0.670E-02  0.920E+08  0.678E-02
  0.940E+08  0.674E-02  0.960E+08  0.639E-02  0.980E+08  0.638E-02
  0.100E+09  0.620E-02
XE133
         175
           0
          82
  0.100E-04  0.000E+00  0.500E+07  0.800E-09  0.550E+07  0.198E-06
  0.600E+07  0.621E-06  0.650E+07  0.135E-05  0.700E+07  0.261E-05
  0.750E+07  0.468E-05  0.800E+07  0.798E-05  0.850E+07  0.145E-04
  0.900E+07  0.261E-04  0.950E+07  0.465E-04  0.100E+08  0.810E-04
  0.105E+08  0.137E-03  0.110E+08  0.221E-03  0.115E+08  0.342E-03
  0.120E+08  0.505E-03  0.125E+08  0.715E-03  0.130E+08  0.976E-03
  0.135E+08  0.129E-02  0.140E+08  0.165E-02  0.145E+08  0.206E-02
  0.150E+08  0.251E-02  0.160E+08  0.354E-02  0.170E+08  0.457E-02
  0.180E+08  0.544E-02  0.190E+08  0.604E-02  0.200E+08  0.634E-02
  0.210E+08  0.642E-02  0.220E+08  0.636E-02  0.230E+08  0.626E-02
  0.240E+08  0.604E-02  0.250E+08  0.578E-02  0.260E+08  0.546E-02
  0.270E+08  0.511E-02  0.280E+08  0.478E-02  0.290E+08  0.429E-02
  0.300E+08  0.380E-02  0.310E+08  0.350E-02  0.320E+08  0.324E-02
  0.330E+08  0.299E-02  0.340E+08  0.276E-02  0.350E+08  0.256E-02
  0.360E+08  0.236E-02  0.370E+08  0.231E-02  0.380E+08  0.211E-02
  0.390E+08  0.194E-02  0.400E+08  0.178E-02  0.410E+08  0.163E-02
  0.420E+08  0.157E-02  0.430E+08  0.145E-02  0.440E+08  0.134E-02
  0.450E+08  0.126E-02  0.460E+08  0.119E-02  0.470E+08  0.112E-02
  0.480E+08  0.108E-02  0.490E+08  0.108E-02  0.500E+08  0.104E-02
  0.520E+08  0.600E-03  0.540E+08  0.598E-03  0.560E+08  0.722E-03
  0.580E+08  0.116E-02  0.600E+08  0.184E-02  0.620E+08  0.266E-02
  0.640E+08  0.349E-02  0.660E+08  0.440E-02  0.680E+08  0.516E-02
  0.700E+08  0.571E-02  0.720E+08  0.638E-02  0.740E+08  0.656E-02
  0.760E+08  0.660E-02  0.780E+08  0.643E-02  0.800E+08  0.634E-02
  0.820E+08  0.615E-02  0.840E+08  0.602E-02  0.860E+08  0.592E-02
  0.880E+08  0.573E-02  0.900E+08  0.560E-02  0.920E+08  0.535E-02
  0.940E+08  0.527E-02  0.960E+08  0.518E-02  0.980E+08  0.512E-02
  0.100E+09  0.505E-02
XE132
         176
           0
          68
  0.206E+07  0.000E+00  0.120E+08  0.273E-06  0.125E+08  0.142E-05
  0.130E+08  0.374E-05  0.135E+08  0.801E-05  0.140E+08  0.156E-04
  0.145E+08  0.281E-04  0.150E+08  0.541E-04  0.160E+08  0.119E-03
  0.170E+08  0.305E-03  0.180E+08  0.690E-03  0.190E+08  0.134E-02
  0.200E+08  0.224E-02  0.210E+08  0.335E-02  0.220E+08  0.463E-02
  0.230E+08  0.597E-02  0.240E+08  0.745E-02  0.250E+08  0.898E-02
  0.260E+08  0.105E-01  0.270E+08  0.119E-01  0.280E+08  0.130E-01
  0.290E+08  0.139E-01  0.300E+08  0.143E-01  0.310E+08  0.144E-01
  0.320E+08  0.145E-01  0.330E+08  0.141E-01  0.340E+08  0.136E-01
  0.350E+08  0.130E-01  0.360E+08  0.126E-01  0.370E+08  0.119E-01
  0.380E+08  0.111E-01  0.390E+08  0.104E-01  0.400E+08  0.962E-02
  0.410E+08  0.894E-02  0.420E+08  0.847E-02  0.430E+08  0.783E-02
  0.440E+08  0.723E-02  0.450E+08  0.666E-02  0.460E+08  0.628E-02
  0.470E+08  0.590E-02  0.480E+08  0.543E-02  0.490E+08  0.492E-02
  0.500E+08  0.452E-02  0.520E+08  0.385E-02  0.540E+08  0.340E-02
  0.560E+08  0.283E-02  0.580E+08  0.253E-02  0.600E+08  0.232E-02
  0.620E+08  0.214E-02  0.640E+08  0.170E-02  0.660E+08  0.171E-02
  0.680E+08  0.178E-02  0.700E+08  0.213E-02  0.720E+08  0.235E-02
  0.740E+08  0.303E-02  0.760E+08  0.384E-02  0.780E+08  0.477E-02
  0.800E+08  0.581E-02  0.820E+08  0.698E-02  0.840E+08  0.798E-02
  0.860E+08  0.885E-02  0.880E+08  0.986E-02  0.900E+08  0.104E-01
  0.920E+08  0.107E-01  0.940E+08  0.109E-01  0.960E+08  0.110E-01
  0.980E+08  0.115E-01  0.100E+09  0.114E-01
XE131
         177
           0
          56
  0.111E+08  0.000E+00  0.210E+08  0.599E-10  0.220E+08  0.369E-06
  0.230E+08  0.337E-05  0.240E+08  0.161E-04  0.250E+08  0.569E-04
  0.260E+08  0.166E-03  0.270E+08  0.417E-03  0.280E+08  0.942E-03
  0.290E+08  0.194E-02  0.300E+08  0.318E-02  0.310E+08  0.473E-02
  0.320E+08  0.625E-02  0.330E+08  0.808E-02  0.340E+08  0.984E-02
  0.350E+08  0.114E-01  0.360E+08  0.123E-01  0.370E+08  0.132E-01
  0.380E+08  0.136E-01  0.390E+08  0.136E-01  0.400E+08  0.134E-01
  0.410E+08  0.130E-01  0.420E+08  0.127E-01  0.430E+08  0.126E-01
  0.440E+08  0.119E-01  0.450E+08  0.113E-01  0.460E+08  0.106E-01
  0.470E+08  0.991E-02  0.480E+08  0.920E-02  0.490E+08  0.874E-02
  0.500E+08  0.829E-02  0.520E+08  0.707E-02  0.540E+08  0.590E-02
  0.560E+08  0.475E-02  0.580E+08  0.398E-02  0.600E+08  0.335E-02
  0.620E+08  0.287E-02  0.640E+08  0.278E-02  0.660E+08  0.251E-02
  0.680E+08  0.231E-02  0.700E+08  0.222E-02  0.720E+08  0.193E-02
  0.740E+08  0.188E-02  0.760E+08  0.181E-02  0.780E+08  0.173E-02
  0.800E+08  0.158E-02  0.820E+08  0.148E-02  0.840E+08  0.151E-02
  0.860E+08  0.157E-02  0.880E+08  0.189E-02  0.900E+08  0.230E-02
  0.920E+08  0.284E-02  0.940E+08  0.342E-02  0.960E+08  0.415E-02
  0.980E+08  0.456E-02  0.100E+09  0.531E-02
XE130
         178
           0
          49
  0.177E+08  0.000E+00  0.280E+08  0.585E-08  0.290E+08  0.402E-06
  0.300E+08  0.328E-05  0.310E+08  0.232E-04  0.320E+08  0.816E-04
  0.330E+08  0.237E-03  0.340E+08  0.585E-03  0.350E+08  0.125E-02
  0.360E+08  0.203E-02  0.370E+08  0.343E-02  0.380E+08  0.523E-02
  0.390E+08  0.735E-02  0.400E+08  0.969E-02  0.410E+08  0.123E-01
  0.420E+08  0.145E-01  0.430E+08  0.164E-01  0.440E+08  0.189E-01
  0.450E+08  0.209E-01  0.460E+08  0.232E-01  0.470E+08  0.253E-01
  0.480E+08  0.271E-01  0.490E+08  0.282E-01  0.500E+08  0.293E-01
  0.520E+08  0.305E-01  0.540E+08  0.301E-01  0.560E+08  0.254E-01
  0.580E+08  0.227E-01  0.600E+08  0.201E-01  0.620E+08  0.177E-01
  0.640E+08  0.144E-01  0.660E+08  0.124E-01  0.680E+08  0.107E-01
  0.700E+08  0.958E-02  0.720E+08  0.794E-02  0.740E+08  0.709E-02
  0.760E+08  0.652E-02  0.780E+08  0.608E-02  0.800E+08  0.581E-02
  0.820E+08  0.565E-02  0.840E+08  0.575E-02  0.860E+08  0.567E-02
  0.880E+08  0.564E-02  0.900E+08  0.573E-02  0.920E+08  0.591E-02
  0.940E+08  0.579E-02  0.960E+08  0.572E-02  0.980E+08  0.605E-02
  0.100E+09  0.610E-02
XE129
         179
           0
          40
  0.270E+08  0.000E+00  0.370E+08  0.306E-12  0.380E+08  0.564E-09
  0.390E+08  0.197E-07  0.400E+08  0.215E-06  0.410E+08  0.154E-05
  0.420E+08  0.500E-05  0.430E+08  0.142E-04  0.440E+08  0.448E-04
  0.450E+08  0.105E-03  0.460E+08  0.256E-03  0.470E+08  0.551E-03
  0.480E+08  0.106E-02  0.490E+08  0.156E-02  0.500E+08  0.206E-02
  0.520E+08  0.466E-02  0.540E+08  0.846E-02  0.560E+08  0.160E-01
  0.580E+08  0.193E-01  0.600E+08  0.214E-01  0.620E+08  0.222E-01
  0.640E+08  0.215E-01  0.660E+08  0.203E-01  0.680E+08  0.187E-01
  0.700E+08  0.166E-01  0.720E+08  0.141E-01  0.740E+08  0.124E-01
  0.760E+08  0.109E-01  0.780E+08  0.949E-02  0.800E+08  0.830E-02
  0.820E+08  0.735E-02  0.840E+08  0.656E-02  0.860E+08  0.605E-02
  0.880E+08  0.576E-02  0.900E+08  0.513E-02  0.920E+08  0.516E-02
  0.940E+08  0.518E-02  0.960E+08  0.528E-02  0.980E+08  0.511E-02
  0.100E+09  0.509E-02
XE128
         180
           0
          33
  0.340E+08  0.000E+00  0.440E+08  0.535E-14  0.450E+08  0.232E-10
  0.460E+08  0.157E-08  0.470E+08  0.257E-07  0.480E+08  0.196E-06
  0.490E+08  0.329E-06  0.500E+08  0.178E-05  0.520E+08  0.252E-04
  0.540E+08  0.209E-03  0.560E+08  0.970E-03  0.580E+08  0.270E-02
  0.600E+08  0.556E-02  0.620E+08  0.959E-02  0.640E+08  0.153E-01
  0.660E+08  0.207E-01  0.680E+08  0.263E-01  0.700E+08  0.318E-01
  0.720E+08  0.364E-01  0.740E+08  0.389E-01  0.760E+08  0.404E-01
  0.780E+08  0.401E-01  0.800E+08  0.389E-01  0.820E+08  0.378E-01
  0.840E+08  0.359E-01  0.860E+08  0.340E-01  0.880E+08  0.321E-01
  0.900E+08  0.302E-01  0.920E+08  0.282E-01  0.940E+08  0.263E-01
  0.960E+08  0.244E-01  0.980E+08  0.225E-01  0.100E+09  0.206E-01
XE127
         181
           0
          24
  0.437E+08  0.000E+00  0.560E+08  0.562E-11  0.580E+08  0.543E-08
  0.600E+08  0.174E-06  0.620E+08  0.274E-05  0.640E+08  0.254E-04
  0.660E+08  0.129E-03  0.680E+08  0.296E-03  0.700E+08  0.102E-02
  0.720E+08  0.270E-02  0.740E+08  0.502E-02  0.760E+08  0.820E-02
  0.780E+08  0.118E-01  0.800E+08  0.156E-01  0.820E+08  0.183E-01
  0.840E+08  0.210E-01  0.860E+08  0.231E-01  0.880E+08  0.218E-01
  0.900E+08  0.210E-01  0.920E+08  0.201E-01  0.940E+08  0.192E-01
  0.960E+08  0.184E-01  0.980E+08  0.174E-01  0.100E+09  0.161E-01
XE126
         182
           0
          21
  0.510E+08  0.000E+00  0.620E+08  0.207E-13  0.640E+08  0.223E-10
  0.660E+08  0.301E-08  0.680E+08  0.461E-07  0.700E+08  0.103E-05
  0.720E+08  0.122E-04  0.740E+08  0.672E-04  0.760E+08  0.263E-03
  0.780E+08  0.736E-03  0.800E+08  0.174E-02  0.820E+08  0.344E-02
  0.840E+08  0.599E-02  0.860E+08  0.942E-02  0.880E+08  0.158E-01
  0.900E+08  0.209E-01  0.920E+08  0.239E-01  0.940E+08  0.287E-01
  0.960E+08  0.327E-01  0.980E+08  0.358E-01  0.100E+09  0.393E-01
XE125
         183
           0
          16
  0.611E+08  0.000E+00  0.720E+08  0.368E-16  0.740E+08  0.205E-12
  0.760E+08  0.346E-10  0.780E+08  0.129E-08  0.800E+08  0.239E-07
  0.820E+08  0.265E-06  0.840E+08  0.200E-05  0.860E+08  0.944E-05
  0.880E+08  0.548E-04  0.900E+08  0.120E-03  0.920E+08  0.248E-03
  0.940E+08  0.583E-03  0.960E+08  0.114E-02  0.980E+08  0.191E-02
  0.100E+09  0.298E-02
XE124
         184
           0
          12
  0.687E+08  0.000E+00  0.800E+08  0.136E-15  0.820E+08  0.219E-12
  0.840E+08  0.791E-11  0.860E+08  0.337E-09  0.880E+08  0.128E-07
  0.900E+08  0.705E-07  0.920E+08  0.366E-06  0.940E+08  0.243E-05
  0.960E+08  0.105E-04  0.980E+08  0.305E-04  0.100E+09  0.960E-04
XE123
         185
           0
           6
  0.793E+08  0.000E+00  0.920E+08  0.835E-20  0.940E+08  0.889E-16
  0.960E+08  0.238E-13  0.980E+08  0.324E-12  0.100E+09  0.196E-10
I134 
         219
           0
          45
  0.189E+08  0.000E+00  0.320E+08  0.341E-16  0.330E+08  0.161E-14
  0.340E+08  0.184E-13  0.350E+08  0.116E-12  0.360E+08  0.531E-12
  0.370E+08  0.192E-11  0.380E+08  0.525E-11  0.390E+08  0.137E-10
  0.400E+08  0.319E-10  0.410E+08  0.701E-10  0.420E+08  0.135E-09
  0.430E+08  0.236E-09  0.440E+08  0.387E-09  0.450E+08  0.593E-09
  0.460E+08  0.795E-09  0.470E+08  0.121E-08  0.480E+08  0.158E-08
  0.490E+08  0.180E-08  0.500E+08  0.221E-08  0.520E+08  0.332E-08
  0.540E+08  0.636E-08  0.560E+08  0.124E-07  0.580E+08  0.211E-07
  0.600E+08  0.399E-07  0.620E+08  0.667E-07  0.640E+08  0.101E-06
  0.660E+08  0.136E-06  0.680E+08  0.183E-06  0.700E+08  0.204E-06
  0.720E+08  0.225E-06  0.740E+08  0.231E-06  0.760E+08  0.233E-06
  0.780E+08  0.231E-06  0.800E+08  0.228E-06  0.820E+08  0.245E-06
  0.840E+08  0.239E-06  0.860E+08  0.205E-06  0.880E+08  0.200E-06
  0.900E+08  0.196E-06  0.920E+08  0.192E-06  0.940E+08  0.188E-06
  0.960E+08  0.249E-06  0.980E+08  0.245E-06  0.100E+09  0.211E-06
I133 
         220
           0
          42
  0.228E+08  0.000E+00  0.350E+08  0.116E-19  0.360E+08  0.279E-17
  0.370E+08  0.110E-15  0.380E+08  0.158E-14  0.390E+08  0.171E-13
  0.400E+08  0.138E-12  0.410E+08  0.102E-11  0.420E+08  0.467E-11
  0.430E+08  0.174E-10  0.440E+08  0.528E-10  0.450E+08  0.138E-09
  0.460E+08  0.274E-09  0.470E+08  0.594E-09  0.480E+08  0.116E-08
  0.490E+08  0.197E-08  0.500E+08  0.341E-08  0.520E+08  0.837E-08
  0.540E+08  0.176E-07  0.560E+08  0.321E-07  0.580E+08  0.497E-07
  0.600E+08  0.771E-07  0.620E+08  0.100E-06  0.640E+08  0.138E-06
  0.660E+08  0.191E-06  0.680E+08  0.279E-06  0.700E+08  0.405E-06
  0.720E+08  0.520E-06  0.740E+08  0.734E-06  0.760E+08  0.100E-05
  0.780E+08  0.137E-05  0.800E+08  0.179E-05  0.820E+08  0.247E-05
  0.840E+08  0.298E-05  0.860E+08  0.320E-05  0.880E+08  0.323E-05
  0.900E+08  0.342E-05  0.920E+08  0.357E-05  0.940E+08  0.361E-05
  0.960E+08  0.374E-05  0.980E+08  0.370E-05  0.100E+09  0.342E-05
I132 
         221
           0
          58
  0.488E+07  0.000E+00  0.190E+08  0.719E-12  0.200E+08  0.134E-10
  0.210E+08  0.989E-10  0.220E+08  0.474E-09  0.230E+08  0.157E-08
  0.240E+08  0.520E-08  0.250E+08  0.138E-07  0.260E+08  0.326E-07
  0.270E+08  0.690E-07  0.280E+08  0.133E-06  0.290E+08  0.250E-06
  0.300E+08  0.407E-06  0.310E+08  0.615E-06  0.320E+08  0.865E-06
  0.330E+08  0.116E-05  0.340E+08  0.143E-05  0.350E+08  0.167E-05
  0.360E+08  0.199E-05  0.370E+08  0.194E-05  0.380E+08  0.215E-05
  0.390E+08  0.219E-05  0.400E+08  0.221E-05  0.410E+08  0.220E-05
  0.420E+08  0.218E-05  0.430E+08  0.213E-05  0.440E+08  0.208E-05
  0.450E+08  0.202E-05  0.460E+08  0.196E-05  0.470E+08  0.209E-05
  0.480E+08  0.203E-05  0.490E+08  0.144E-05  0.500E+08  0.139E-05
  0.520E+08  0.131E-05  0.540E+08  0.156E-05  0.560E+08  0.175E-05
  0.580E+08  0.154E-05  0.600E+08  0.160E-05  0.620E+08  0.157E-05
  0.640E+08  0.159E-05  0.660E+08  0.165E-05  0.680E+08  0.170E-05
  0.700E+08  0.181E-05  0.720E+08  0.186E-05  0.740E+08  0.195E-05
  0.760E+08  0.197E-05  0.780E+08  0.203E-05  0.800E+08  0.206E-05
  0.820E+08  0.214E-05  0.840E+08  0.245E-05  0.860E+08  0.272E-05
  0.880E+08  0.360E-05  0.900E+08  0.450E-05  0.920E+08  0.541E-05
  0.940E+08  0.676E-05  0.960E+08  0.829E-05  0.980E+08  0.956E-05
  0.100E+09  0.102E-04
I131 
         222
           0
          54
  0.901E+07  0.000E+00  0.230E+08  0.410E-14  0.240E+08  0.165E-12
  0.250E+08  0.251E-11  0.260E+08  0.498E-10  0.270E+08  0.435E-09
  0.280E+08  0.250E-08  0.290E+08  0.118E-07  0.300E+08  0.390E-07
  0.310E+08  0.110E-06  0.320E+08  0.269E-06  0.330E+08  0.617E-06
  0.340E+08  0.117E-05  0.350E+08  0.208E-05  0.360E+08  0.325E-05
  0.370E+08  0.474E-05  0.380E+08  0.731E-05  0.390E+08  0.103E-04
  0.400E+08  0.140E-04  0.410E+08  0.185E-04  0.420E+08  0.234E-04
  0.430E+08  0.291E-04  0.440E+08  0.350E-04  0.450E+08  0.407E-04
  0.460E+08  0.458E-04  0.470E+08  0.505E-04  0.480E+08  0.552E-04
  0.490E+08  0.507E-04  0.500E+08  0.526E-04  0.520E+08  0.534E-04
  0.540E+08  0.512E-04  0.560E+08  0.529E-04  0.580E+08  0.488E-04
  0.600E+08  0.487E-04  0.620E+08  0.465E-04  0.640E+08  0.453E-04
  0.660E+08  0.433E-04  0.680E+08  0.400E-04  0.700E+08  0.389E-04
  0.720E+08  0.368E-04  0.740E+08  0.357E-04  0.760E+08  0.348E-04
  0.780E+08  0.354E-04  0.800E+08  0.366E-04  0.820E+08  0.380E-04
  0.840E+08  0.385E-04  0.860E+08  0.378E-04  0.880E+08  0.373E-04
  0.900E+08  0.367E-04  0.920E+08  0.352E-04  0.940E+08  0.348E-04
  0.960E+08  0.341E-04  0.980E+08  0.331E-04  0.100E+09  0.346E-04
I130 
         223
           0
          45
  0.177E+08  0.000E+00  0.320E+08  0.314E-13  0.330E+08  0.280E-11
  0.340E+08  0.367E-10  0.350E+08  0.322E-09  0.360E+08  0.177E-08
  0.370E+08  0.942E-08  0.380E+08  0.340E-07  0.390E+08  0.106E-06
  0.400E+08  0.296E-06  0.410E+08  0.744E-06  0.420E+08  0.162E-05
  0.430E+08  0.292E-05  0.440E+08  0.565E-05  0.450E+08  0.101E-04
  0.460E+08  0.157E-04  0.470E+08  0.225E-04  0.480E+08  0.340E-04
  0.490E+08  0.557E-04  0.500E+08  0.715E-04  0.520E+08  0.108E-03
  0.540E+08  0.139E-03  0.560E+08  0.172E-03  0.580E+08  0.184E-03
  0.600E+08  0.198E-03  0.620E+08  0.200E-03  0.640E+08  0.218E-03
  0.660E+08  0.214E-03  0.680E+08  0.201E-03  0.700E+08  0.200E-03
  0.720E+08  0.191E-03  0.740E+08  0.185E-03  0.760E+08  0.180E-03
  0.780E+08  0.172E-03  0.800E+08  0.173E-03  0.820E+08  0.167E-03
  0.840E+08  0.168E-03  0.860E+08  0.161E-03  0.880E+08  0.157E-03
  0.900E+08  0.153E-03  0.920E+08  0.144E-03  0.940E+08  0.141E-03
  0.960E+08  0.137E-03  0.980E+08  0.114E-03  0.100E+09  0.113E-03
I129 
         224
           0
          39
  0.242E+08  0.000E+00  0.380E+08  0.371E-14  0.390E+08  0.562E-12
  0.400E+08  0.124E-10  0.410E+08  0.134E-09  0.420E+08  0.817E-09
  0.430E+08  0.329E-08  0.440E+08  0.141E-07  0.450E+08  0.507E-07
  0.460E+08  0.136E-06  0.470E+08  0.347E-06  0.480E+08  0.872E-06
  0.490E+08  0.287E-05  0.500E+08  0.585E-05  0.520E+08  0.196E-04
  0.540E+08  0.487E-04  0.560E+08  0.104E-03  0.580E+08  0.179E-03
  0.600E+08  0.288E-03  0.620E+08  0.410E-03  0.640E+08  0.539E-03
  0.660E+08  0.700E-03  0.680E+08  0.814E-03  0.700E+08  0.947E-03
  0.720E+08  0.102E-02  0.740E+08  0.107E-02  0.760E+08  0.109E-02
  0.780E+08  0.110E-02  0.800E+08  0.111E-02  0.820E+08  0.108E-02
  0.840E+08  0.109E-02  0.860E+08  0.107E-02  0.880E+08  0.105E-02
  0.900E+08  0.105E-02  0.920E+08  0.103E-02  0.940E+08  0.103E-02
  0.960E+08  0.101E-02  0.980E+08  0.965E-03  0.100E+09  0.969E-03
I128 
         225
           0
          30
  0.331E+08  0.000E+00  0.470E+08  0.118E-17  0.480E+08  0.839E-14
  0.490E+08  0.412E-11  0.500E+08  0.475E-10  0.520E+08  0.224E-08
  0.540E+08  0.319E-07  0.560E+08  0.348E-06  0.580E+08  0.205E-05
  0.600E+08  0.869E-05  0.620E+08  0.258E-04  0.640E+08  0.465E-04
  0.660E+08  0.122E-03  0.680E+08  0.189E-03  0.700E+08  0.353E-03
  0.720E+08  0.554E-03  0.740E+08  0.781E-03  0.760E+08  0.101E-02
  0.780E+08  0.119E-02  0.800E+08  0.135E-02  0.820E+08  0.143E-02
  0.840E+08  0.153E-02  0.860E+08  0.156E-02  0.880E+08  0.171E-02
  0.900E+08  0.186E-02  0.920E+08  0.178E-02  0.940E+08  0.175E-02
  0.960E+08  0.168E-02  0.980E+08  0.162E-02  0.100E+09  0.162E-02
I127 
         226
           0
          24
  0.400E+08  0.000E+00  0.560E+08  0.610E-12  0.580E+08  0.906E-10
  0.600E+08  0.323E-08  0.620E+08  0.365E-07  0.640E+08  0.261E-06
  0.660E+08  0.219E-05  0.680E+08  0.652E-05  0.700E+08  0.246E-04
  0.720E+08  0.702E-04  0.740E+08  0.162E-03  0.760E+08  0.327E-03
  0.780E+08  0.574E-03  0.800E+08  0.904E-03  0.820E+08  0.128E-02
  0.840E+08  0.180E-02  0.860E+08  0.233E-02  0.880E+08  0.272E-02
  0.900E+08  0.316E-02  0.920E+08  0.360E-02  0.940E+08  0.400E-02
  0.960E+08  0.427E-02  0.980E+08  0.447E-02  0.100E+09  0.454E-02
I126 
         227
           0
          20
  0.492E+08  0.000E+00  0.640E+08  0.603E-17  0.660E+08  0.339E-13
  0.680E+08  0.104E-11  0.700E+08  0.841E-10  0.720E+08  0.249E-08
  0.740E+08  0.343E-07  0.760E+08  0.301E-06  0.780E+08  0.176E-05
  0.800E+08  0.120E-04  0.820E+08  0.345E-04  0.840E+08  0.905E-04
  0.860E+08  0.195E-03  0.880E+08  0.377E-03  0.900E+08  0.583E-03
  0.920E+08  0.931E-03  0.940E+08  0.139E-02  0.960E+08  0.192E-02
  0.980E+08  0.261E-02  0.100E+09  0.315E-02
I125 
         228
           0
          16
  0.564E+08  0.000E+00  0.720E+08  0.525E-16  0.740E+08  0.426E-13
  0.760E+08  0.468E-11  0.780E+08  0.191E-09  0.800E+08  0.740E-08
  0.820E+08  0.800E-07  0.840E+08  0.567E-06  0.860E+08  0.268E-05
  0.880E+08  0.103E-04  0.900E+08  0.250E-04  0.920E+08  0.651E-04
  0.940E+08  0.149E-03  0.960E+08  0.249E-03  0.980E+08  0.502E-03
  0.100E+09  0.829E-03
I124 
         229
           0
          11
  0.660E+08  0.000E+00  0.820E+08  0.450E-17  0.840E+08  0.284E-14
  0.860E+08  0.326E-12  0.880E+08  0.143E-10  0.900E+08  0.172E-09
  0.920E+08  0.215E-08  0.940E+08  0.205E-07  0.960E+08  0.909E-07
  0.980E+08  0.496E-06  0.100E+09  0.200E-05
I123 
         230
           0
           8
  0.736E+08  0.000E+00  0.880E+08  0.257E-24  0.900E+08  0.992E-19
  0.920E+08  0.460E-16  0.940E+08  0.104E-13  0.960E+08  0.303E-12
  0.980E+08  0.109E-10  0.100E+09  0.203E-09
I122 
         231
           0
           2
  0.836E+08  0.000E+00  0.100E+09  0.227E-25
TE133
         254
           0
          34
  0.272E+08  0.000E+00  0.430E+08  0.213E-25  0.440E+08  0.186E-22
  0.450E+08  0.799E-21  0.460E+08  0.808E-20  0.470E+08  0.110E-18
  0.480E+08  0.842E-18  0.490E+08  0.636E-17  0.500E+08  0.267E-16
  0.520E+08  0.307E-15  0.540E+08  0.275E-14  0.560E+08  0.144E-13
  0.580E+08  0.522E-13  0.600E+08  0.170E-12  0.620E+08  0.344E-12
  0.640E+08  0.709E-12  0.660E+08  0.125E-11  0.680E+08  0.167E-11
  0.700E+08  0.229E-11  0.720E+08  0.284E-11  0.740E+08  0.334E-11
  0.760E+08  0.304E-11  0.780E+08  0.328E-11  0.800E+08  0.357E-11
  0.820E+08  0.500E-11  0.840E+08  0.666E-11  0.860E+08  0.923E-11
  0.880E+08  0.140E-10  0.900E+08  0.175E-10  0.920E+08  0.245E-10
  0.940E+08  0.325E-10  0.960E+08  0.475E-10  0.980E+08  0.690E-10
  0.100E+09  0.734E-10
TE132
         255
           0
          30
  0.308E+08  0.000E+00  0.470E+08  0.703E-26  0.480E+08  0.262E-23
  0.490E+08  0.745E-21  0.500E+08  0.999E-20  0.520E+08  0.681E-18
  0.540E+08  0.161E-16  0.560E+08  0.359E-15  0.580E+08  0.437E-14
  0.600E+08  0.360E-13  0.620E+08  0.166E-12  0.640E+08  0.679E-12
  0.660E+08  0.227E-11  0.680E+08  0.580E-11  0.700E+08  0.133E-10
  0.720E+08  0.251E-10  0.740E+08  0.473E-10  0.760E+08  0.716E-10
  0.780E+08  0.112E-09  0.800E+08  0.158E-09  0.820E+08  0.235E-09
  0.840E+08  0.276E-09  0.860E+08  0.369E-09  0.880E+08  0.410E-09
  0.900E+08  0.315E-09  0.920E+08  0.339E-09  0.940E+08  0.367E-09
  0.960E+08  0.447E-09  0.980E+08  0.489E-09  0.100E+09  0.596E-09
TE131
         256
           0
          47
  0.127E+08  0.000E+00  0.300E+08  0.389E-20  0.310E+08  0.233E-17
  0.320E+08  0.593E-16  0.330E+08  0.866E-15  0.340E+08  0.667E-14
  0.350E+08  0.336E-13  0.360E+08  0.116E-12  0.370E+08  0.392E-12
  0.380E+08  0.986E-12  0.390E+08  0.278E-11  0.400E+08  0.708E-11
  0.410E+08  0.168E-10  0.420E+08  0.352E-10  0.430E+08  0.691E-10
  0.440E+08  0.127E-09  0.450E+08  0.217E-09  0.460E+08  0.324E-09
  0.470E+08  0.546E-09  0.480E+08  0.822E-09  0.490E+08  0.107E-08
  0.500E+08  0.137E-08  0.520E+08  0.158E-08  0.540E+08  0.224E-08
  0.560E+08  0.291E-08  0.580E+08  0.347E-08  0.600E+08  0.506E-08
  0.620E+08  0.790E-08  0.640E+08  0.124E-07  0.660E+08  0.180E-07
  0.680E+08  0.313E-07  0.700E+08  0.388E-07  0.720E+08  0.384E-07
  0.740E+08  0.412E-07  0.760E+08  0.430E-07  0.780E+08  0.432E-07
  0.800E+08  0.432E-07  0.820E+08  0.470E-07  0.840E+08  0.466E-07
  0.860E+08  0.521E-07  0.880E+08  0.516E-07  0.900E+08  0.506E-07
  0.920E+08  0.502E-07  0.940E+08  0.496E-07  0.960E+08  0.544E-07
  0.980E+08  0.535E-07  0.100E+09  0.466E-07
TE130
         257
           0
          43
  0.165E+08  0.000E+00  0.340E+08  0.542E-21  0.350E+08  0.144E-18
  0.360E+08  0.400E-17  0.370E+08  0.855E-16  0.380E+08  0.104E-14
  0.390E+08  0.959E-14  0.400E+08  0.657E-13  0.410E+08  0.382E-12
  0.420E+08  0.159E-11  0.430E+08  0.585E-11  0.440E+08  0.184E-10
  0.450E+08  0.511E-10  0.460E+08  0.111E-09  0.470E+08  0.271E-09
  0.480E+08  0.525E-09  0.490E+08  0.117E-08  0.500E+08  0.216E-08
  0.520E+08  0.651E-08  0.540E+08  0.158E-07  0.560E+08  0.304E-07
  0.580E+08  0.505E-07  0.600E+08  0.803E-07  0.620E+08  0.101E-06
  0.640E+08  0.133E-06  0.660E+08  0.163E-06  0.680E+08  0.193E-06
  0.700E+08  0.230E-06  0.720E+08  0.257E-06  0.740E+08  0.316E-06
  0.760E+08  0.394E-06  0.780E+08  0.511E-06  0.800E+08  0.686E-06
  0.820E+08  0.945E-06  0.840E+08  0.116E-05  0.860E+08  0.132E-05
  0.880E+08  0.153E-05  0.900E+08  0.171E-05  0.920E+08  0.186E-05
  0.940E+08  0.203E-05  0.960E+08  0.243E-05  0.980E+08  0.248E-05
  0.100E+09  0.232E-05
TE129
         258
           0
          59
  0.100E-04  0.000E+00  0.180E+08  0.336E-14  0.190E+08  0.962E-13
  0.200E+08  0.745E-12  0.210E+08  0.377E-11  0.220E+08  0.151E-10
  0.230E+08  0.598E-10  0.240E+08  0.180E-09  0.250E+08  0.484E-09
  0.260E+08  0.118E-08  0.270E+08  0.262E-08  0.280E+08  0.536E-08
  0.290E+08  0.114E-07  0.300E+08  0.198E-07  0.310E+08  0.330E-07
  0.320E+08  0.426E-07  0.330E+08  0.608E-07  0.340E+08  0.811E-07
  0.350E+08  0.101E-06  0.360E+08  0.118E-06  0.370E+08  0.144E-06
  0.380E+08  0.153E-06  0.390E+08  0.157E-06  0.400E+08  0.158E-06
  0.410E+08  0.155E-06  0.420E+08  0.153E-06  0.430E+08  0.147E-06
  0.440E+08  0.140E-06  0.450E+08  0.133E-06  0.460E+08  0.927E-07
  0.470E+08  0.869E-07  0.480E+08  0.930E-07  0.490E+08  0.970E-07
  0.500E+08  0.902E-07  0.520E+08  0.780E-07  0.540E+08  0.588E-07
  0.560E+08  0.519E-07  0.580E+08  0.560E-07  0.600E+08  0.686E-07
  0.620E+08  0.117E-06  0.640E+08  0.206E-06  0.660E+08  0.347E-06
  0.680E+08  0.475E-06  0.700E+08  0.684E-06  0.720E+08  0.860E-06
  0.740E+08  0.103E-05  0.760E+08  0.115E-05  0.780E+08  0.128E-05
  0.800E+08  0.130E-05  0.820E+08  0.134E-05  0.840E+08  0.142E-05
  0.860E+08  0.150E-05  0.880E+08  0.172E-05  0.900E+08  0.203E-05
  0.920E+08  0.255E-05  0.940E+08  0.315E-05  0.960E+08  0.392E-05
  0.980E+08  0.476E-05  0.100E+09  0.535E-05
TE128
         259
           0
          53
  0.480E+07  0.000E+00  0.240E+08  0.829E-14  0.250E+08  0.667E-12
  0.260E+08  0.683E-11  0.270E+08  0.413E-10  0.280E+08  0.189E-09
  0.290E+08  0.901E-09  0.300E+08  0.282E-08  0.310E+08  0.681E-08
  0.320E+08  0.153E-07  0.330E+08  0.346E-07  0.340E+08  0.698E-07
  0.350E+08  0.132E-06  0.360E+08  0.230E-06  0.370E+08  0.412E-06
  0.380E+08  0.639E-06  0.390E+08  0.949E-06  0.400E+08  0.135E-05
  0.410E+08  0.187E-05  0.420E+08  0.241E-05  0.430E+08  0.310E-05
  0.440E+08  0.392E-05  0.450E+08  0.481E-05  0.460E+08  0.524E-05
  0.470E+08  0.618E-05  0.480E+08  0.676E-05  0.490E+08  0.673E-05
  0.500E+08  0.704E-05  0.520E+08  0.728E-05  0.540E+08  0.654E-05
  0.560E+08  0.600E-05  0.580E+08  0.610E-05  0.600E+08  0.547E-05
  0.620E+08  0.487E-05  0.640E+08  0.429E-05  0.660E+08  0.363E-05
  0.680E+08  0.376E-05  0.700E+08  0.355E-05  0.720E+08  0.413E-05
  0.740E+08  0.445E-05  0.760E+08  0.515E-05  0.780E+08  0.639E-05
  0.800E+08  0.790E-05  0.820E+08  0.931E-05  0.840E+08  0.113E-04
  0.860E+08  0.132E-04  0.880E+08  0.149E-04  0.900E+08  0.161E-04
  0.920E+08  0.176E-04  0.940E+08  0.182E-04  0.960E+08  0.189E-04
  0.980E+08  0.192E-04  0.100E+09  0.200E-04
TE127
         260
           0
          44
  0.136E+08  0.000E+00  0.330E+08  0.787E-15  0.340E+08  0.298E-12
  0.350E+08  0.435E-11  0.360E+08  0.274E-10  0.370E+08  0.151E-09
  0.380E+08  0.711E-09  0.390E+08  0.280E-08  0.400E+08  0.952E-08
  0.410E+08  0.288E-07  0.420E+08  0.649E-07  0.430E+08  0.155E-06
  0.440E+08  0.345E-06  0.450E+08  0.697E-06  0.460E+08  0.134E-05
  0.470E+08  0.212E-05  0.480E+08  0.332E-05  0.490E+08  0.572E-05
  0.500E+08  0.804E-05  0.520E+08  0.138E-04  0.540E+08  0.191E-04
  0.560E+08  0.257E-04  0.580E+08  0.297E-04  0.600E+08  0.311E-04
  0.620E+08  0.306E-04  0.640E+08  0.243E-04  0.660E+08  0.214E-04
  0.680E+08  0.208E-04  0.700E+08  0.182E-04  0.720E+08  0.160E-04
  0.740E+08  0.139E-04  0.760E+08  0.121E-04  0.780E+08  0.106E-04
  0.800E+08  0.999E-05  0.820E+08  0.932E-05  0.840E+08  0.984E-05
  0.860E+08  0.112E-04  0.880E+08  0.137E-04  0.900E+08  0.168E-04
  0.920E+08  0.210E-04  0.940E+08  0.243E-04  0.960E+08  0.272E-04
  0.980E+08  0.337E-04  0.100E+09  0.390E-04
TE126
         261
           0
          37
  0.200E+08  0.000E+00  0.400E+08  0.149E-13  0.410E+08  0.578E-12
  0.420E+08  0.461E-11  0.430E+08  0.374E-10  0.440E+08  0.221E-09
  0.450E+08  0.104E-08  0.460E+08  0.478E-08  0.470E+08  0.134E-07
  0.480E+08  0.404E-07  0.490E+08  0.774E-07  0.500E+08  0.205E-06
  0.520E+08  0.105E-05  0.540E+08  0.356E-05  0.560E+08  0.114E-04
  0.580E+08  0.237E-04  0.600E+08  0.408E-04  0.620E+08  0.634E-04
  0.640E+08  0.971E-04  0.660E+08  0.125E-03  0.680E+08  0.149E-03
  0.700E+08  0.174E-03  0.720E+08  0.197E-03  0.740E+08  0.206E-03
  0.760E+08  0.208E-03  0.780E+08  0.203E-03  0.800E+08  0.196E-03
  0.820E+08  0.178E-03  0.840E+08  0.163E-03  0.860E+08  0.161E-03
  0.880E+08  0.145E-03  0.900E+08  0.136E-03  0.920E+08  0.128E-03
  0.940E+08  0.978E-04  0.960E+08  0.955E-04  0.980E+08  0.109E-03
  0.100E+09  0.111E-03
TE125
         262
           0
          27
  0.292E+08  0.000E+00  0.500E+08  0.145E-15  0.520E+08  0.309E-12
  0.540E+08  0.278E-10  0.560E+08  0.139E-08  0.580E+08  0.158E-07
  0.600E+08  0.792E-07  0.620E+08  0.489E-06  0.640E+08  0.345E-05
  0.660E+08  0.105E-04  0.680E+08  0.216E-04  0.700E+08  0.473E-04
  0.720E+08  0.819E-04  0.740E+08  0.127E-03  0.760E+08  0.184E-03
  0.780E+08  0.223E-03  0.800E+08  0.259E-03  0.820E+08  0.279E-03
  0.840E+08  0.292E-03  0.860E+08  0.282E-03  0.880E+08  0.275E-03
  0.900E+08  0.266E-03  0.920E+08  0.251E-03  0.940E+08  0.225E-03
  0.960E+08  0.200E-03  0.980E+08  0.192E-03  0.100E+09  0.173E-03
TE124
         263
           0
          23
  0.358E+08  0.000E+00  0.580E+08  0.113E-13  0.600E+08  0.920E-12
  0.620E+08  0.448E-10  0.640E+08  0.251E-08  0.660E+08  0.306E-07
  0.680E+08  0.173E-06  0.700E+08  0.118E-05  0.720E+08  0.513E-05
  0.740E+08  0.154E-04  0.760E+08  0.306E-04  0.780E+08  0.803E-04
  0.800E+08  0.139E-03  0.820E+08  0.220E-03  0.840E+08  0.324E-03
  0.860E+08  0.441E-03  0.880E+08  0.568E-03  0.900E+08  0.669E-03
  0.920E+08  0.786E-03  0.940E+08  0.894E-03  0.960E+08  0.949E-03
  0.980E+08  0.988E-03  0.100E+09  0.102E-02
TE123
         264
           0
          19
  0.453E+08  0.000E+00  0.660E+08  0.355E-19  0.680E+08  0.662E-15
  0.700E+08  0.322E-12  0.720E+08  0.188E-10  0.740E+08  0.383E-09
  0.760E+08  0.496E-08  0.780E+08  0.708E-07  0.800E+08  0.393E-06
  0.820E+08  0.170E-05  0.840E+08  0.583E-05  0.860E+08  0.128E-04
  0.880E+08  0.312E-04  0.900E+08  0.584E-04  0.920E+08  0.105E-03
  0.940E+08  0.201E-03  0.960E+08  0.300E-03  0.980E+08  0.372E-03
  0.100E+09  0.473E-03
TE122
         265
           0
          15
  0.523E+08  0.000E+00  0.740E+08  0.313E-17  0.760E+08  0.339E-14
  0.780E+08  0.270E-11  0.800E+08  0.728E-10  0.820E+08  0.113E-08
  0.840E+08  0.119E-07  0.860E+08  0.857E-07  0.880E+08  0.464E-06
  0.900E+08  0.164E-05  0.920E+08  0.490E-05  0.940E+08  0.131E-04
  0.960E+08  0.320E-04  0.980E+08  0.535E-04  0.100E+09  0.104E-03
TE121
         266
           0
          10
  0.622E+08  0.000E+00  0.840E+08  0.466E-19  0.860E+08  0.441E-16
  0.880E+08  0.326E-13  0.900E+08  0.806E-12  0.920E+08  0.107E-10
  0.940E+08  0.248E-09  0.960E+08  0.241E-08  0.980E+08  0.103E-07
  0.100E+09  0.612E-07
TE120
         267
           0
           7
  0.695E+08  0.000E+00  0.900E+08  0.351E-23  0.920E+08  0.198E-19
  0.940E+08  0.354E-16  0.960E+08  0.352E-14  0.980E+08  0.569E-13
  0.100E+09  0.166E-11
SB132
         275
           0
          23
  0.378E+08  0.000E+00  0.580E+08  0.207E-28  0.600E+08  0.196E-25
  0.620E+08  0.234E-23  0.640E+08  0.114E-21  0.660E+08  0.280E-20
  0.680E+08  0.425E-19  0.700E+08  0.307E-18  0.720E+08  0.140E-17
  0.740E+08  0.811E-17  0.760E+08  0.317E-16  0.780E+08  0.112E-15
  0.800E+08  0.324E-15  0.820E+08  0.107E-14  0.840E+08  0.207E-14
  0.860E+08  0.361E-14  0.880E+08  0.572E-14  0.900E+08  0.733E-14
  0.920E+08  0.976E-14  0.940E+08  0.122E-13  0.960E+08  0.204E-13
  0.980E+08  0.224E-13  0.100E+09  0.312E-13
SB131
         276
           0
          21
  0.414E+08  0.000E+00  0.620E+08  0.380E-29  0.640E+08  0.436E-26
  0.660E+08  0.990E-24  0.680E+08  0.509E-22  0.700E+08  0.227E-20
  0.720E+08  0.325E-19  0.740E+08  0.493E-18  0.760E+08  0.457E-17
  0.780E+08  0.330E-16  0.800E+08  0.178E-15  0.820E+08  0.108E-14
  0.840E+08  0.345E-14  0.860E+08  0.993E-14  0.880E+08  0.277E-13
  0.900E+08  0.599E-13  0.920E+08  0.112E-12  0.940E+08  0.197E-12
  0.960E+08  0.349E-12  0.980E+08  0.514E-12  0.100E+09  0.713E-12
SB130
         277
           0
          33
  0.229E+08  0.000E+00  0.440E+08  0.339E-26  0.450E+08  0.440E-23
  0.460E+08  0.814E-22  0.470E+08  0.153E-20  0.480E+08  0.216E-19
  0.490E+08  0.262E-18  0.500E+08  0.165E-17  0.520E+08  0.596E-16
  0.540E+08  0.638E-15  0.560E+08  0.487E-14  0.580E+08  0.243E-13
  0.600E+08  0.105E-12  0.620E+08  0.340E-12  0.640E+08  0.905E-12
  0.660E+08  0.206E-11  0.680E+08  0.441E-11  0.700E+08  0.776E-11
  0.720E+08  0.112E-10  0.740E+08  0.155E-10  0.760E+08  0.191E-10
  0.780E+08  0.223E-10  0.800E+08  0.246E-10  0.820E+08  0.267E-10
  0.840E+08  0.276E-10  0.860E+08  0.286E-10  0.880E+08  0.304E-10
  0.900E+08  0.336E-10  0.920E+08  0.404E-10  0.940E+08  0.510E-10
  0.960E+08  0.731E-10  0.980E+08  0.972E-10  0.100E+09  0.118E-09
SB129
         278
           0
          29
  0.265E+08  0.000E+00  0.480E+08  0.163E-27  0.490E+08  0.477E-23
  0.500E+08  0.139E-21  0.520E+08  0.373E-19  0.540E+08  0.221E-17
  0.560E+08  0.656E-16  0.580E+08  0.102E-14  0.600E+08  0.116E-13
  0.620E+08  0.870E-13  0.640E+08  0.474E-12  0.660E+08  0.199E-11
  0.680E+08  0.442E-11  0.700E+08  0.140E-10  0.720E+08  0.347E-10
  0.740E+08  0.793E-10  0.760E+08  0.156E-09  0.780E+08  0.281E-09
  0.800E+08  0.462E-09  0.820E+08  0.687E-09  0.840E+08  0.923E-09
  0.860E+08  0.112E-08  0.880E+08  0.134E-08  0.900E+08  0.148E-08
  0.920E+08  0.163E-08  0.940E+08  0.204E-08  0.960E+08  0.217E-08
  0.980E+08  0.222E-08  0.100E+09  0.224E-08
SB128
         279
           0
          45
  0.844E+07  0.000E+00  0.320E+08  0.146E-18  0.330E+08  0.569E-17
  0.340E+08  0.737E-16  0.350E+08  0.537E-15  0.360E+08  0.230E-14
  0.370E+08  0.104E-13  0.380E+08  0.425E-13  0.390E+08  0.146E-12
  0.400E+08  0.450E-12  0.410E+08  0.126E-11  0.420E+08  0.297E-11
  0.430E+08  0.692E-11  0.440E+08  0.151E-10  0.450E+08  0.311E-10
  0.460E+08  0.502E-10  0.470E+08  0.922E-10  0.480E+08  0.163E-09
  0.490E+08  0.305E-09  0.500E+08  0.453E-09  0.520E+08  0.943E-09
  0.540E+08  0.144E-08  0.560E+08  0.206E-08  0.580E+08  0.245E-08
  0.600E+08  0.280E-08  0.620E+08  0.291E-08  0.640E+08  0.288E-08
  0.660E+08  0.273E-08  0.680E+08  0.243E-08  0.700E+08  0.232E-08
  0.720E+08  0.220E-08  0.740E+08  0.208E-08  0.760E+08  0.199E-08
  0.780E+08  0.200E-08  0.800E+08  0.200E-08  0.820E+08  0.251E-08
  0.840E+08  0.328E-08  0.860E+08  0.439E-08  0.880E+08  0.527E-08
  0.900E+08  0.693E-08  0.920E+08  0.921E-08  0.940E+08  0.118E-07
  0.960E+08  0.137E-07  0.980E+08  0.154E-07  0.100E+09  0.193E-07
SB127
         280
           0
          42
  0.122E+08  0.000E+00  0.350E+08  0.516E-23  0.360E+08  0.645E-20
  0.370E+08  0.291E-18  0.380E+08  0.481E-17  0.390E+08  0.682E-16
  0.400E+08  0.681E-15  0.410E+08  0.499E-14  0.420E+08  0.258E-13
  0.430E+08  0.124E-12  0.440E+08  0.505E-12  0.450E+08  0.158E-11
  0.460E+08  0.413E-11  0.470E+08  0.123E-10  0.480E+08  0.337E-10
  0.490E+08  0.113E-09  0.500E+08  0.248E-09  0.520E+08  0.856E-09
  0.540E+08  0.248E-08  0.560E+08  0.669E-08  0.580E+08  0.141E-07
  0.600E+08  0.285E-07  0.620E+08  0.499E-07  0.640E+08  0.795E-07
  0.660E+08  0.112E-06  0.680E+08  0.135E-06  0.700E+08  0.166E-06
  0.720E+08  0.185E-06  0.740E+08  0.197E-06  0.760E+08  0.206E-06
  0.780E+08  0.208E-06  0.800E+08  0.193E-06  0.820E+08  0.193E-06
  0.840E+08  0.186E-06  0.860E+08  0.174E-06  0.880E+08  0.152E-06
  0.900E+08  0.156E-06  0.920E+08  0.118E-06  0.940E+08  0.118E-06
  0.960E+08  0.130E-06  0.980E+08  0.142E-06  0.100E+09  0.156E-06
SB126
         281
           0
          33
  0.206E+08  0.000E+00  0.440E+08  0.159E-19  0.450E+08  0.111E-17
  0.460E+08  0.152E-16  0.470E+08  0.181E-15  0.480E+08  0.163E-14
  0.490E+08  0.933E-14  0.500E+08  0.595E-13  0.520E+08  0.110E-11
  0.540E+08  0.125E-10  0.560E+08  0.115E-09  0.580E+08  0.454E-09
  0.600E+08  0.225E-08  0.620E+08  0.815E-08  0.640E+08  0.267E-07
  0.660E+08  0.700E-07  0.680E+08  0.131E-06  0.700E+08  0.251E-06
  0.720E+08  0.397E-06  0.740E+08  0.617E-06  0.760E+08  0.818E-06
  0.780E+08  0.103E-05  0.800E+08  0.114E-05  0.820E+08  0.126E-05
  0.840E+08  0.133E-05  0.860E+08  0.131E-05  0.880E+08  0.142E-05
  0.900E+08  0.137E-05  0.920E+08  0.119E-05  0.940E+08  0.109E-05
  0.960E+08  0.106E-05  0.980E+08  0.995E-06  0.100E+09  0.941E-06
SB125
         282
           0
          26
  0.269E+08  0.000E+00  0.520E+08  0.535E-17  0.540E+08  0.106E-14
  0.560E+08  0.700E-13  0.580E+08  0.952E-12  0.600E+08  0.130E-10
  0.620E+08  0.937E-10  0.640E+08  0.686E-09  0.660E+08  0.428E-08
  0.680E+08  0.151E-07  0.700E+08  0.534E-07  0.720E+08  0.143E-06
  0.740E+08  0.293E-06  0.760E+08  0.622E-06  0.780E+08  0.120E-05
  0.800E+08  0.192E-05  0.820E+08  0.291E-05  0.840E+08  0.427E-05
  0.860E+08  0.565E-05  0.880E+08  0.691E-05  0.900E+08  0.811E-05
  0.920E+08  0.931E-05  0.940E+08  0.996E-05  0.960E+08  0.106E-04
  0.980E+08  0.108E-04  0.100E+09  0.108E-04
SB124
         283
           0
          22
  0.357E+08  0.000E+00  0.600E+08  0.471E-21  0.620E+08  0.151E-17
  0.640E+08  0.299E-15  0.660E+08  0.291E-13  0.680E+08  0.731E-12
  0.700E+08  0.150E-10  0.720E+08  0.157E-09  0.740E+08  0.819E-09
  0.760E+08  0.487E-08  0.780E+08  0.227E-07  0.800E+08  0.103E-06
  0.820E+08  0.282E-06  0.840E+08  0.712E-06  0.860E+08  0.148E-05
  0.880E+08  0.286E-05  0.900E+08  0.465E-05  0.920E+08  0.804E-05
  0.940E+08  0.115E-04  0.960E+08  0.154E-04  0.980E+08  0.193E-04
  0.100E+09  0.222E-04
SB123
         284
           0
          19
  0.422E+08  0.000E+00  0.660E+08  0.250E-23  0.680E+08  0.549E-19
  0.700E+08  0.513E-16  0.720E+08  0.549E-14  0.740E+08  0.138E-12
  0.760E+08  0.299E-11  0.780E+08  0.432E-10  0.800E+08  0.570E-09
  0.820E+08  0.365E-08  0.840E+08  0.186E-07  0.860E+08  0.522E-07
  0.880E+08  0.177E-06  0.900E+08  0.462E-06  0.920E+08  0.131E-05
  0.940E+08  0.285E-05  0.960E+08  0.561E-05  0.980E+08  0.100E-04
  0.100E+09  0.157E-04
SB122
         285
           0
          14
  0.512E+08  0.000E+00  0.760E+08  0.229E-21  0.780E+08  0.355E-18
  0.800E+08  0.135E-15  0.820E+08  0.779E-14  0.840E+08  0.216E-12
  0.860E+08  0.229E-11  0.880E+08  0.307E-10  0.900E+08  0.135E-09
  0.920E+08  0.114E-08  0.940E+08  0.641E-08  0.960E+08  0.305E-07
  0.980E+08  0.120E-06  0.100E+09  0.358E-06
SB121
         286
           0
          11
  0.581E+08  0.000E+00  0.820E+08  0.932E-23  0.840E+08  0.281E-19
  0.860E+08  0.513E-17  0.880E+08  0.458E-15  0.900E+08  0.515E-14
  0.920E+08  0.136E-12  0.940E+08  0.558E-12  0.960E+08  0.831E-11
  0.980E+08  0.924E-10  0.100E+09  0.696E-09
SB120
         287
           0
           6
  0.674E+08  0.000E+00  0.920E+08  0.194E-25  0.940E+08  0.627E-22
  0.960E+08  0.244E-19  0.980E+08  0.240E-17  0.100E+09  0.167E-15
SB119
         288
           0
           2
  0.745E+08  0.000E+00  0.100E+09  0.610E-27
SN131
         467
           0
          16
  0.475E+08  0.000E+00  0.720E+08  0.322E-35  0.740E+08  0.595E-32
  0.760E+08  0.118E-29  0.780E+08  0.106E-27  0.800E+08  0.455E-26
  0.820E+08  0.259E-24  0.840E+08  0.367E-23  0.860E+08  0.410E-22
  0.880E+08  0.309E-21  0.900E+08  0.140E-20  0.920E+08  0.659E-20
  0.940E+08  0.254E-19  0.960E+08  0.744E-19  0.980E+08  0.211E-18
  0.100E+09  0.571E-18
SN130
         468
           0
          15
  0.506E+08  0.000E+00  0.740E+08  0.783E-40  0.760E+08  0.459E-35
  0.780E+08  0.602E-32  0.800E+08  0.174E-29  0.820E+08  0.529E-27
  0.840E+08  0.186E-25  0.860E+08  0.601E-24  0.880E+08  0.143E-22
  0.900E+08  0.198E-21  0.920E+08  0.223E-20  0.940E+08  0.147E-19
  0.960E+08  0.740E-19  0.980E+08  0.289E-18  0.100E+09  0.113E-17
SN129
         469
           0
          23
  0.320E+08  0.000E+00  0.580E+08  0.585E-29  0.600E+08  0.486E-26
  0.620E+08  0.616E-24  0.640E+08  0.302E-22  0.660E+08  0.582E-21
  0.680E+08  0.475E-20  0.700E+08  0.627E-19  0.720E+08  0.456E-18
  0.740E+08  0.317E-17  0.760E+08  0.163E-16  0.780E+08  0.671E-16
  0.800E+08  0.200E-15  0.820E+08  0.749E-15  0.840E+08  0.176E-14
  0.860E+08  0.317E-14  0.880E+08  0.570E-14  0.900E+08  0.869E-14
  0.920E+08  0.113E-13  0.940E+08  0.149E-13  0.960E+08  0.215E-13
  0.980E+08  0.344E-13  0.100E+09  0.384E-13
SN128
         470
           0
          22
  0.352E+08  0.000E+00  0.600E+08  0.241E-34  0.620E+08  0.116E-28
  0.640E+08  0.615E-26  0.660E+08  0.866E-24  0.680E+08  0.284E-22
  0.700E+08  0.106E-20  0.720E+08  0.202E-19  0.740E+08  0.300E-18
  0.760E+08  0.311E-17  0.780E+08  0.246E-16  0.800E+08  0.131E-15
  0.820E+08  0.830E-15  0.840E+08  0.319E-14  0.860E+08  0.918E-14
  0.880E+08  0.280E-13  0.900E+08  0.627E-13  0.920E+08  0.136E-12
  0.940E+08  0.242E-12  0.960E+08  0.470E-12  0.980E+08  0.751E-12
  0.100E+09  0.111E-11
SN127
         471
           0
          33
  0.169E+08  0.000E+00  0.440E+08  0.672E-26  0.450E+08  0.741E-24
  0.460E+08  0.134E-22  0.470E+08  0.226E-21  0.480E+08  0.193E-20
  0.490E+08  0.330E-19  0.500E+08  0.192E-18  0.520E+08  0.393E-17
  0.540E+08  0.506E-16  0.560E+08  0.361E-15  0.580E+08  0.227E-14
  0.600E+08  0.120E-13  0.620E+08  0.481E-13  0.640E+08  0.155E-12
  0.660E+08  0.410E-12  0.680E+08  0.911E-12  0.700E+08  0.168E-11
  0.720E+08  0.294E-11  0.740E+08  0.434E-11  0.760E+08  0.572E-11
  0.780E+08  0.695E-11  0.800E+08  0.764E-11  0.820E+08  0.848E-11
  0.840E+08  0.812E-11  0.860E+08  0.873E-11  0.880E+08  0.834E-11
  0.900E+08  0.836E-11  0.920E+08  0.855E-11  0.940E+08  0.866E-11
  0.960E+08  0.103E-10  0.980E+08  0.123E-10  0.100E+09  0.158E-10
SN126
         472
           0
          30
  0.202E+08  0.000E+00  0.470E+08  0.469E-29  0.480E+08  0.905E-26
  0.490E+08  0.436E-24  0.500E+08  0.135E-22  0.520E+08  0.343E-20
  0.540E+08  0.261E-18  0.560E+08  0.688E-17  0.580E+08  0.108E-15
  0.600E+08  0.135E-14  0.620E+08  0.115E-13  0.640E+08  0.732E-13
  0.660E+08  0.371E-12  0.680E+08  0.121E-11  0.700E+08  0.373E-11
  0.720E+08  0.113E-10  0.740E+08  0.290E-10  0.760E+08  0.638E-10
  0.780E+08  0.130E-09  0.800E+08  0.227E-09  0.820E+08  0.388E-09
  0.840E+08  0.563E-09  0.860E+08  0.773E-09  0.880E+08  0.826E-09
  0.900E+08  0.940E-09  0.920E+08  0.108E-08  0.940E+08  0.103E-08
  0.960E+08  0.113E-08  0.980E+08  0.111E-08  0.100E+09  0.114E-08
SN125
         473
           0
          46
  0.223E+07  0.000E+00  0.310E+08  0.276E-21  0.320E+08  0.120E-19
  0.330E+08  0.164E-18  0.340E+08  0.159E-17  0.350E+08  0.986E-17
  0.360E+08  0.502E-16  0.370E+08  0.237E-15  0.380E+08  0.905E-15
  0.390E+08  0.310E-14  0.400E+08  0.966E-14  0.410E+08  0.215E-13
  0.420E+08  0.491E-13  0.430E+08  0.121E-12  0.440E+08  0.286E-12
  0.450E+08  0.632E-12  0.460E+08  0.134E-11  0.470E+08  0.258E-11
  0.480E+08  0.520E-11  0.490E+08  0.756E-11  0.500E+08  0.121E-10
  0.520E+08  0.262E-10  0.540E+08  0.425E-10  0.560E+08  0.731E-10
  0.580E+08  0.939E-10  0.600E+08  0.103E-09  0.620E+08  0.900E-10
  0.640E+08  0.880E-10  0.660E+08  0.775E-10  0.680E+08  0.717E-10
  0.700E+08  0.718E-10  0.720E+08  0.700E-10  0.740E+08  0.668E-10
  0.760E+08  0.822E-10  0.780E+08  0.129E-09  0.800E+08  0.192E-09
  0.820E+08  0.361E-09  0.840E+08  0.693E-09  0.860E+08  0.124E-08
  0.880E+08  0.230E-08  0.900E+08  0.329E-08  0.920E+08  0.505E-08
  0.940E+08  0.721E-08  0.960E+08  0.903E-08  0.980E+08  0.104E-07
  0.100E+09  0.118E-07
SN124
         474
           0
          40
  0.801E+07  0.000E+00  0.370E+08  0.960E-20  0.380E+08  0.339E-18
  0.390E+08  0.444E-17  0.400E+08  0.372E-16  0.410E+08  0.158E-15
  0.420E+08  0.492E-15  0.430E+08  0.231E-14  0.440E+08  0.981E-14
  0.450E+08  0.367E-13  0.460E+08  0.167E-12  0.470E+08  0.482E-12
  0.480E+08  0.142E-11  0.490E+08  0.333E-11  0.500E+08  0.767E-11
  0.520E+08  0.332E-10  0.540E+08  0.106E-09  0.560E+08  0.417E-09
  0.580E+08  0.102E-08  0.600E+08  0.212E-08  0.620E+08  0.359E-08
  0.640E+08  0.598E-08  0.660E+08  0.872E-08  0.680E+08  0.117E-07
  0.700E+08  0.124E-07  0.720E+08  0.143E-07  0.740E+08  0.151E-07
  0.760E+08  0.160E-07  0.780E+08  0.185E-07  0.800E+08  0.177E-07
  0.820E+08  0.175E-07  0.840E+08  0.164E-07  0.860E+08  0.158E-07
  0.880E+08  0.154E-07  0.900E+08  0.150E-07  0.920E+08  0.182E-07
  0.940E+08  0.218E-07  0.960E+08  0.295E-07  0.980E+08  0.406E-07
  0.100E+09  0.549E-07
SN123
         475
           0
          31
  0.166E+08  0.000E+00  0.460E+08  0.472E-20  0.470E+08  0.152E-18
  0.480E+08  0.288E-17  0.490E+08  0.150E-16  0.500E+08  0.149E-15
  0.520E+08  0.589E-14  0.540E+08  0.118E-12  0.560E+08  0.275E-11
  0.580E+08  0.228E-10  0.600E+08  0.132E-09  0.620E+08  0.547E-09
  0.640E+08  0.198E-08  0.660E+08  0.525E-08  0.680E+08  0.114E-07
  0.700E+08  0.265E-07  0.720E+08  0.426E-07  0.740E+08  0.614E-07
  0.760E+08  0.784E-07  0.780E+08  0.917E-07  0.800E+08  0.100E-06
  0.820E+08  0.111E-06  0.840E+08  0.113E-06  0.860E+08  0.135E-06
  0.880E+08  0.130E-06  0.900E+08  0.118E-06  0.920E+08  0.108E-06
  0.940E+08  0.959E-07  0.960E+08  0.890E-07  0.980E+08  0.854E-07
  0.100E+09  0.821E-07
SN122
         476
           0
          25
  0.225E+08  0.000E+00  0.540E+08  0.434E-19  0.560E+08  0.674E-16
  0.580E+08  0.375E-14  0.600E+08  0.959E-13  0.620E+08  0.145E-11
  0.640E+08  0.189E-10  0.660E+08  0.139E-09  0.680E+08  0.608E-09
  0.700E+08  0.366E-08  0.720E+08  0.149E-07  0.740E+08  0.371E-07
  0.760E+08  0.737E-07  0.780E+08  0.141E-06  0.800E+08  0.223E-06
  0.820E+08  0.357E-06  0.840E+08  0.524E-06  0.860E+08  0.709E-06
  0.880E+08  0.911E-06  0.900E+08  0.104E-05  0.920E+08  0.120E-05
  0.940E+08  0.131E-05  0.960E+08  0.140E-05  0.980E+08  0.150E-05
  0.100E+09  0.149E-05
SN121
         477
           0
          20
  0.314E+08  0.000E+00  0.640E+08  0.199E-18  0.660E+08  0.381E-16
  0.680E+08  0.115E-14  0.700E+08  0.706E-13  0.720E+08  0.244E-11
  0.740E+08  0.260E-10  0.760E+08  0.179E-09  0.780E+08  0.188E-08
  0.800E+08  0.671E-08  0.820E+08  0.227E-07  0.840E+08  0.614E-07
  0.860E+08  0.150E-06  0.880E+08  0.313E-06  0.900E+08  0.506E-06
  0.920E+08  0.851E-06  0.940E+08  0.130E-05  0.960E+08  0.181E-05
  0.980E+08  0.227E-05  0.100E+09  0.281E-05
SN120
         478
           0
          18
  0.376E+08  0.000E+00  0.680E+08  0.295E-25  0.700E+08  0.258E-19
  0.720E+08  0.224E-16  0.740E+08  0.132E-14  0.760E+08  0.374E-13
  0.780E+08  0.135E-11  0.800E+08  0.137E-10  0.820E+08  0.115E-09
  0.840E+08  0.740E-09  0.860E+08  0.376E-08  0.880E+08  0.108E-07
  0.900E+08  0.301E-07  0.920E+08  0.879E-07  0.940E+08  0.229E-06
  0.960E+08  0.495E-06  0.980E+08  0.839E-06  0.100E+09  0.151E-05
SN119
         479
           0
          13
  0.468E+08  0.000E+00  0.780E+08  0.430E-22  0.800E+08  0.109E-18
  0.820E+08  0.120E-16  0.840E+08  0.606E-15  0.860E+08  0.172E-13
  0.880E+08  0.288E-12  0.900E+08  0.275E-11  0.920E+08  0.234E-10
  0.940E+08  0.213E-09  0.960E+08  0.118E-08  0.980E+08  0.353E-08
  0.100E+09  0.134E-07
SN118
         480
           0
          10
  0.534E+08  0.000E+00  0.840E+08  0.171E-23  0.860E+08  0.457E-20
  0.880E+08  0.994E-18  0.900E+08  0.513E-16  0.920E+08  0.126E-14
  0.940E+08  0.442E-13  0.960E+08  0.630E-12  0.980E+08  0.339E-11
  0.100E+09  0.182E-10
SN117
         481
           0
           5
  0.627E+08  0.000E+00  0.940E+08  0.255E-23  0.960E+08  0.145E-20
  0.980E+08  0.500E-19  0.100E+09  0.976E-18
SN116
         482
           0
           2
  0.697E+08  0.000E+00  0.100E+09  0.313E-28
IN130
         573
           0
           7
  0.617E+08  0.000E+00  0.900E+08  0.105E-41  0.920E+08  0.193E-38
  0.940E+08  0.560E-36  0.960E+08  0.256E-34  0.980E+08  0.209E-32
  0.100E+09  0.931E-31
IN129
         574
           0
           6
  0.642E+08  0.000E+00  0.920E+08  0.441E-42  0.940E+08  0.894E-39
  0.960E+08  0.393E-36  0.980E+08  0.548E-34  0.100E+09  0.448E-32
IN128
         575
           0
          14
  0.460E+08  0.000E+00  0.760E+08  0.777E-37  0.780E+08  0.214E-33
  0.800E+08  0.734E-31  0.820E+08  0.213E-28  0.840E+08  0.114E-26
  0.860E+08  0.245E-25  0.880E+08  0.469E-24  0.900E+08  0.491E-23
  0.920E+08  0.519E-22  0.940E+08  0.400E-21  0.960E+08  0.261E-20
  0.980E+08  0.144E-19  0.100E+09  0.595E-19
IN127
         576
           0
          13
  0.483E+08  0.000E+00  0.780E+08  0.560E-37  0.800E+08  0.141E-34
  0.820E+08  0.122E-31  0.840E+08  0.223E-29  0.860E+08  0.163E-27
  0.880E+08  0.675E-26  0.900E+08  0.289E-24  0.920E+08  0.601E-23
  0.940E+08  0.598E-22  0.960E+08  0.645E-21  0.980E+08  0.555E-20
  0.100E+09  0.378E-19
IN126
         577
           0
          21
  0.300E+08  0.000E+00  0.620E+08  0.431E-30  0.640E+08  0.308E-27
  0.660E+08  0.375E-25  0.680E+08  0.629E-24  0.700E+08  0.189E-22
  0.720E+08  0.367E-21  0.740E+08  0.568E-20  0.760E+08  0.558E-19
  0.780E+08  0.463E-18  0.800E+08  0.301E-17  0.820E+08  0.191E-16
  0.840E+08  0.755E-16  0.860E+08  0.199E-15  0.880E+08  0.611E-15
  0.900E+08  0.124E-14  0.920E+08  0.285E-14  0.940E+08  0.551E-14
  0.960E+08  0.938E-14  0.980E+08  0.125E-13  0.100E+09  0.169E-13
IN125
         578
           0
          20
  0.332E+08  0.000E+00  0.640E+08  0.225E-34  0.660E+08  0.544E-30
  0.680E+08  0.164E-27  0.700E+08  0.260E-25  0.720E+08  0.187E-23
  0.740E+08  0.785E-22  0.760E+08  0.187E-20  0.780E+08  0.342E-19
  0.800E+08  0.424E-18  0.820E+08  0.509E-17  0.840E+08  0.358E-16
  0.860E+08  0.157E-15  0.880E+08  0.896E-15  0.900E+08  0.295E-14
  0.920E+08  0.116E-13  0.940E+08  0.369E-13  0.960E+08  0.953E-13
  0.980E+08  0.201E-12  0.100E+09  0.401E-12
IN124
         579
           0
          30
  0.144E+08  0.000E+00  0.470E+08  0.948E-29  0.480E+08  0.359E-26
  0.490E+08  0.323E-24  0.500E+08  0.545E-23  0.520E+08  0.225E-21
  0.540E+08  0.796E-20  0.560E+08  0.194E-18  0.580E+08  0.244E-17
  0.600E+08  0.254E-16  0.620E+08  0.190E-15  0.640E+08  0.111E-14
  0.660E+08  0.529E-14  0.680E+08  0.182E-13  0.700E+08  0.610E-13
  0.720E+08  0.158E-12  0.740E+08  0.349E-12  0.760E+08  0.631E-12
  0.780E+08  0.102E-11  0.800E+08  0.136E-11  0.820E+08  0.188E-11
  0.840E+08  0.229E-11  0.860E+08  0.252E-11  0.880E+08  0.262E-11
  0.900E+08  0.383E-11  0.920E+08  0.376E-11  0.940E+08  0.355E-11
  0.960E+08  0.368E-11  0.980E+08  0.371E-11  0.100E+09  0.382E-11
IN123
         580
           0
          26
  0.180E+08  0.000E+00  0.520E+08  0.127E-26  0.540E+08  0.833E-24
  0.560E+08  0.194E-21  0.580E+08  0.623E-20  0.600E+08  0.241E-18
  0.620E+08  0.517E-17  0.640E+08  0.753E-16  0.660E+08  0.803E-15
  0.680E+08  0.535E-14  0.700E+08  0.339E-13  0.720E+08  0.164E-12
  0.740E+08  0.644E-12  0.760E+08  0.196E-11  0.780E+08  0.559E-11
  0.800E+08  0.121E-10  0.820E+08  0.278E-10  0.840E+08  0.507E-10
  0.860E+08  0.870E-10  0.880E+08  0.142E-09  0.900E+08  0.191E-09
  0.920E+08  0.257E-09  0.940E+08  0.299E-09  0.960E+08  0.356E-09
  0.980E+08  0.398E-09  0.100E+09  0.417E-09
IN122
         581
           0
          22
  0.259E+08  0.000E+00  0.600E+08  0.470E-26  0.620E+08  0.517E-23
  0.640E+08  0.855E-21  0.660E+08  0.791E-19  0.680E+08  0.242E-17
  0.700E+08  0.476E-16  0.720E+08  0.651E-15  0.740E+08  0.667E-14
  0.760E+08  0.492E-13  0.780E+08  0.316E-12  0.800E+08  0.127E-11
  0.820E+08  0.537E-11  0.840E+08  0.219E-10  0.860E+08  0.625E-10
  0.880E+08  0.171E-09  0.900E+08  0.329E-09  0.920E+08  0.703E-09
  0.940E+08  0.115E-08  0.960E+08  0.165E-08  0.980E+08  0.229E-08
  0.100E+09  0.295E-08
IN121
         582
           0
          19
  0.318E+08  0.000E+00  0.660E+08  0.908E-27  0.680E+08  0.342E-23
  0.700E+08  0.111E-20  0.720E+08  0.897E-19  0.740E+08  0.293E-17
  0.760E+08  0.707E-16  0.780E+08  0.119E-14  0.800E+08  0.967E-14
  0.820E+08  0.846E-13  0.840E+08  0.737E-12  0.860E+08  0.384E-11
  0.880E+08  0.178E-10  0.900E+08  0.555E-10  0.920E+08  0.221E-09
  0.940E+08  0.574E-09  0.960E+08  0.149E-08  0.980E+08  0.285E-08
  0.100E+09  0.525E-08
IN120
         583
           0
          15
  0.400E+08  0.000E+00  0.740E+08  0.349E-27  0.760E+08  0.149E-23
  0.780E+08  0.572E-21  0.800E+08  0.482E-19  0.820E+08  0.224E-17
  0.840E+08  0.844E-16  0.860E+08  0.147E-14  0.880E+08  0.112E-13
  0.900E+08  0.917E-13  0.920E+08  0.101E-11  0.940E+08  0.600E-11
  0.960E+08  0.381E-10  0.980E+08  0.127E-09  0.100E+09  0.406E-09
IN119
         584
           0
          12
  0.461E+08  0.000E+00  0.800E+08  0.442E-28  0.820E+08  0.245E-24
  0.840E+08  0.105E-21  0.860E+08  0.119E-19  0.880E+08  0.447E-18
  0.900E+08  0.120E-16  0.920E+08  0.352E-15  0.940E+08  0.279E-14
  0.960E+08  0.504E-13  0.980E+08  0.402E-12  0.100E+09  0.285E-11
IN118
         585
           0
           8
  0.546E+08  0.000E+00  0.880E+08  0.170E-29  0.900E+08  0.237E-26
  0.920E+08  0.238E-23  0.940E+08  0.534E-21  0.960E+08  0.572E-19
  0.980E+08  0.218E-17  0.100E+09  0.582E-16
IN117
         586
           0
           5
  0.612E+08  0.000E+00  0.940E+08  0.995E-38  0.960E+08  0.814E-29
  0.980E+08  0.765E-26  0.100E+09  0.492E-23
CD127
         873
           0
           6
  0.566E+08  0.000E+00  0.920E+08  0.152E-41  0.940E+08  0.105E-38
  0.960E+08  0.737E-37  0.980E+08  0.926E-35  0.100E+09  0.599E-33
CD126
         874
           0
           5
  0.607E+08  0.000E+00  0.940E+08  0.420E-42  0.960E+08  0.371E-39
  0.980E+08  0.863E-37  0.100E+09  0.110E-34
CD125
         875
           0
          14
  0.404E+08  0.000E+00  0.760E+08  0.632E-40  0.780E+08  0.550E-36
  0.800E+08  0.995E-34  0.820E+08  0.490E-31  0.840E+08  0.392E-29
  0.860E+08  0.103E-27  0.880E+08  0.286E-26  0.900E+08  0.485E-25
  0.920E+08  0.773E-24  0.940E+08  0.791E-23  0.960E+08  0.700E-22
  0.980E+08  0.467E-21  0.100E+09  0.244E-20
CD124
         876
           0
          13
  0.442E+08  0.000E+00  0.780E+08  0.687E-41  0.800E+08  0.576E-38
  0.820E+08  0.116E-34  0.840E+08  0.590E-32  0.860E+08  0.687E-30
  0.880E+08  0.693E-28  0.900E+08  0.346E-26  0.920E+08  0.101E-24
  0.940E+08  0.166E-23  0.960E+08  0.238E-22  0.980E+08  0.263E-21
  0.100E+09  0.222E-20
CD123
         877
           0
          20
  0.256E+08  0.000E+00  0.640E+08  0.140E-31  0.660E+08  0.645E-29
  0.680E+08  0.358E-27  0.700E+08  0.189E-25  0.720E+08  0.669E-24
  0.740E+08  0.124E-22  0.760E+08  0.171E-21  0.780E+08  0.226E-20
  0.800E+08  0.178E-19  0.820E+08  0.149E-18  0.840E+08  0.821E-18
  0.860E+08  0.363E-17  0.880E+08  0.148E-16  0.900E+08  0.432E-16
  0.920E+08  0.135E-15  0.940E+08  0.313E-15  0.960E+08  0.626E-15
  0.980E+08  0.106E-14  0.100E+09  0.155E-14
CD122
         878
           0
          19
  0.282E+08  0.000E+00  0.660E+08  0.438E-34  0.680E+08  0.790E-31
  0.700E+08  0.268E-28  0.720E+08  0.330E-26  0.740E+08  0.137E-24
  0.760E+08  0.352E-23  0.780E+08  0.101E-21  0.800E+08  0.153E-20
  0.820E+08  0.255E-19  0.840E+08  0.357E-18  0.860E+08  0.249E-17
  0.880E+08  0.199E-16  0.900E+08  0.894E-16  0.920E+08  0.499E-15
  0.940E+08  0.199E-14  0.960E+08  0.632E-14  0.980E+08  0.165E-13
  0.100E+09  0.371E-13
CD121
         879
           0
          29
  0.966E+07  0.000E+00  0.480E+08  0.234E-30  0.490E+08  0.220E-29
  0.500E+08  0.155E-27  0.520E+08  0.368E-25  0.540E+08  0.214E-23
  0.560E+08  0.162E-21  0.580E+08  0.211E-20  0.600E+08  0.291E-19
  0.620E+08  0.278E-18  0.640E+08  0.242E-17  0.660E+08  0.151E-16
  0.680E+08  0.795E-16  0.700E+08  0.300E-15  0.720E+08  0.854E-15
  0.740E+08  0.224E-14  0.760E+08  0.405E-14  0.780E+08  0.843E-14
  0.800E+08  0.120E-13  0.820E+08  0.276E-13  0.840E+08  0.552E-13
  0.860E+08  0.631E-13  0.880E+08  0.749E-13  0.900E+08  0.828E-13
  0.920E+08  0.894E-13  0.940E+08  0.899E-13  0.960E+08  0.101E-12
  0.980E+08  0.115E-12  0.100E+09  0.126E-12
CD120
         880
           0
          24
  0.147E+08  0.000E+00  0.560E+08  0.766E-25  0.580E+08  0.105E-22
  0.600E+08  0.533E-21  0.620E+08  0.137E-19  0.640E+08  0.265E-18
  0.660E+08  0.339E-17  0.680E+08  0.337E-16  0.700E+08  0.329E-15
  0.720E+08  0.173E-14  0.740E+08  0.813E-14  0.760E+08  0.229E-13
  0.780E+08  0.859E-13  0.800E+08  0.195E-12  0.820E+08  0.550E-12
  0.840E+08  0.136E-11  0.860E+08  0.278E-11  0.880E+08  0.532E-11
  0.900E+08  0.808E-11  0.920E+08  0.127E-10  0.940E+08  0.176E-10
  0.960E+08  0.249E-10  0.980E+08  0.320E-10  0.100E+09  0.348E-10
CD119
         881
           0
          20
  0.229E+08  0.000E+00  0.640E+08  0.691E-25  0.660E+08  0.198E-22
  0.680E+08  0.509E-21  0.700E+08  0.656E-19  0.720E+08  0.163E-17
  0.740E+08  0.520E-16  0.760E+08  0.369E-15  0.780E+08  0.297E-14
  0.800E+08  0.138E-13  0.820E+08  0.791E-13  0.840E+08  0.313E-12
  0.860E+08  0.118E-11  0.880E+08  0.373E-11  0.900E+08  0.802E-11
  0.920E+08  0.187E-10  0.940E+08  0.401E-10  0.960E+08  0.811E-10
  0.980E+08  0.137E-09  0.100E+09  0.199E-09
CD118
         882
           0
          18
  0.282E+08  0.000E+00  0.680E+08  0.343E-28  0.700E+08  0.170E-23
  0.720E+08  0.300E-21  0.740E+08  0.431E-19  0.760E+08  0.860E-18
  0.780E+08  0.122E-16  0.800E+08  0.126E-15  0.820E+08  0.148E-14
  0.840E+08  0.112E-13  0.860E+08  0.786E-13  0.880E+08  0.438E-12
  0.900E+08  0.147E-11  0.920E+08  0.560E-11  0.940E+08  0.152E-10
  0.960E+08  0.384E-10  0.980E+08  0.954E-10  0.100E+09  0.217E-09
CD117
         883
           0
          13
  0.367E+08  0.000E+00  0.780E+08  0.155E-25  0.800E+08  0.610E-23
  0.820E+08  0.694E-21  0.840E+08  0.357E-19  0.860E+08  0.106E-17
  0.880E+08  0.562E-16  0.900E+08  0.544E-15  0.920E+08  0.573E-14
  0.940E+08  0.357E-13  0.960E+08  0.248E-12  0.980E+08  0.108E-11
  0.100E+09  0.510E-11
CD116
         884
           0
          11
  0.425E+08  0.000E+00  0.820E+08  0.384E-33  0.840E+08  0.167E-26
  0.860E+08  0.126E-23  0.880E+08  0.547E-21  0.900E+08  0.156E-19
  0.920E+08  0.521E-18  0.940E+08  0.103E-16  0.960E+08  0.170E-15
  0.980E+08  0.114E-14  0.100E+09  0.126E-13
CD115
         885
           0
           6
  0.512E+08  0.000E+00  0.920E+08  0.134E-28  0.940E+08  0.321E-25
  0.960E+08  0.721E-23  0.980E+08  0.153E-21  0.100E+09  0.902E-20
CD114
         886
           0
           3
  0.574E+08  0.000E+00  0.980E+08  0.277E-33  0.100E+09  0.166E-28
