         123
BA139
          16
           0
          78
  0.648E+07  0.000E+00  0.700E+07  0.180E+00  0.750E+07  0.639E+00
  0.800E+07  0.122E+01  0.850E+07  0.164E+01  0.900E+07  0.189E+01
  0.950E+07  0.204E+01  0.100E+08  0.213E+01  0.105E+08  0.217E+01
  0.110E+08  0.218E+01  0.115E+08  0.219E+01  0.120E+08  0.217E+01
  0.125E+08  0.205E+01  0.130E+08  0.183E+01  0.135E+08  0.162E+01
  0.140E+08  0.136E+01  0.145E+08  0.106E+01  0.150E+08  0.865E+00
  0.160E+08  0.643E+00  0.170E+08  0.454E+00  0.180E+08  0.343E+00
  0.190E+08  0.279E+00  0.200E+08  0.238E+00  0.210E+08  0.224E+00
  0.220E+08  0.204E+00  0.230E+08  0.178E+00  0.240E+08  0.167E+00
  0.250E+08  0.158E+00  0.260E+08  0.150E+00  0.270E+08  0.143E+00
  0.280E+08  0.137E+00  0.290E+08  0.131E+00  0.300E+08  0.126E+00
  0.310E+08  0.123E+00  0.320E+08  0.119E+00  0.330E+08  0.116E+00
  0.340E+08  0.113E+00  0.350E+08  0.110E+00  0.360E+08  0.107E+00
  0.370E+08  0.105E+00  0.380E+08  0.103E+00  0.390E+08  0.101E+00
  0.400E+08  0.987E-01  0.410E+08  0.966E-01  0.420E+08  0.945E-01
  0.430E+08  0.931E-01  0.440E+08  0.912E-01  0.450E+08  0.894E-01
  0.460E+08  0.879E-01  0.470E+08  0.862E-01  0.480E+08  0.845E-01
  0.490E+08  0.827E-01  0.500E+08  0.811E-01  0.520E+08  0.788E-01
  0.540E+08  0.758E-01  0.560E+08  0.801E-01  0.580E+08  0.772E-01
  0.600E+08  0.743E-01  0.620E+08  0.716E-01  0.640E+08  0.699E-01
  0.660E+08  0.676E-01  0.680E+08  0.653E-01  0.700E+08  0.632E-01
  0.720E+08  0.603E-01  0.740E+08  0.582E-01  0.760E+08  0.564E-01
  0.780E+08  0.546E-01  0.800E+08  0.516E-01  0.820E+08  0.486E-01
  0.840E+08  0.456E-01  0.860E+08  0.431E-01  0.880E+08  0.406E-01
  0.900E+08  0.395E-01  0.920E+08  0.384E-01  0.940E+08  0.373E-01
  0.960E+08  0.363E-01  0.980E+08  0.353E-01  0.100E+09  0.344E-01
BA138
          17
           0
          68
  0.112E+08  0.000E+00  0.120E+08  0.244E-01  0.125E+08  0.142E+00
  0.130E+08  0.357E+00  0.135E+08  0.558E+00  0.140E+08  0.829E+00
  0.145E+08  0.112E+01  0.150E+08  0.132E+01  0.160E+08  0.152E+01
  0.170E+08  0.169E+01  0.180E+08  0.179E+01  0.190E+08  0.183E+01
  0.200E+08  0.184E+01  0.210E+08  0.184E+01  0.220E+08  0.184E+01
  0.230E+08  0.181E+01  0.240E+08  0.172E+01  0.250E+08  0.157E+01
  0.260E+08  0.138E+01  0.270E+08  0.120E+01  0.280E+08  0.103E+01
  0.290E+08  0.853E+00  0.300E+08  0.736E+00  0.310E+08  0.642E+00
  0.320E+08  0.567E+00  0.330E+08  0.521E+00  0.340E+08  0.439E+00
  0.350E+08  0.401E+00  0.360E+08  0.371E+00  0.370E+08  0.346E+00
  0.380E+08  0.328E+00  0.390E+08  0.310E+00  0.400E+08  0.294E+00
  0.410E+08  0.280E+00  0.420E+08  0.268E+00  0.430E+08  0.259E+00
  0.440E+08  0.249E+00  0.450E+08  0.240E+00  0.460E+08  0.232E+00
  0.470E+08  0.224E+00  0.480E+08  0.215E+00  0.490E+08  0.207E+00
  0.500E+08  0.202E+00  0.520E+08  0.191E+00  0.540E+08  0.185E+00
  0.560E+08  0.170E+00  0.580E+08  0.163E+00  0.600E+08  0.157E+00
  0.620E+08  0.151E+00  0.640E+08  0.145E+00  0.660E+08  0.140E+00
  0.680E+08  0.135E+00  0.700E+08  0.132E+00  0.720E+08  0.128E+00
  0.740E+08  0.124E+00  0.760E+08  0.121E+00  0.780E+08  0.117E+00
  0.800E+08  0.113E+00  0.820E+08  0.110E+00  0.840E+08  0.108E+00
  0.860E+08  0.106E+00  0.880E+08  0.105E+00  0.900E+08  0.103E+00
  0.920E+08  0.101E+00  0.940E+08  0.993E-01  0.960E+08  0.975E-01
  0.980E+08  0.962E-01  0.100E+09  0.940E-01
BA137
          37
           0
          56
  0.199E+08  0.000E+00  0.210E+08  0.421E-05  0.220E+08  0.215E-02
  0.230E+08  0.362E-01  0.240E+08  0.124E+00  0.250E+08  0.265E+00
  0.260E+08  0.433E+00  0.270E+08  0.603E+00  0.280E+08  0.758E+00
  0.290E+08  0.916E+00  0.300E+08  0.101E+01  0.310E+08  0.106E+01
  0.320E+08  0.108E+01  0.330E+08  0.100E+01  0.340E+08  0.977E+00
  0.350E+08  0.893E+00  0.360E+08  0.804E+00  0.370E+08  0.717E+00
  0.380E+08  0.650E+00  0.390E+08  0.577E+00  0.400E+08  0.513E+00
  0.410E+08  0.458E+00  0.420E+08  0.411E+00  0.430E+08  0.378E+00
  0.440E+08  0.343E+00  0.450E+08  0.314E+00  0.460E+08  0.289E+00
  0.470E+08  0.271E+00  0.480E+08  0.260E+00  0.490E+08  0.218E+00
  0.500E+08  0.206E+00  0.520E+08  0.185E+00  0.540E+08  0.167E+00
  0.560E+08  0.161E+00  0.580E+08  0.155E+00  0.600E+08  0.145E+00
  0.620E+08  0.137E+00  0.640E+08  0.130E+00  0.660E+08  0.124E+00
  0.680E+08  0.121E+00  0.700E+08  0.117E+00  0.720E+08  0.114E+00
  0.740E+08  0.111E+00  0.760E+08  0.107E+00  0.780E+08  0.104E+00
  0.800E+08  0.100E+00  0.820E+08  0.971E-01  0.840E+08  0.938E-01
  0.860E+08  0.909E-01  0.880E+08  0.882E-01  0.900E+08  0.859E-01
  0.920E+08  0.834E-01  0.940E+08  0.812E-01  0.960E+08  0.791E-01
  0.980E+08  0.765E-01  0.100E+09  0.745E-01
CS140
         103
           0
          73
  0.548E+07  0.000E+00  0.950E+07  0.215E-05  0.100E+08  0.209E-04
  0.105E+08  0.656E-04  0.110E+08  0.157E-03  0.115E+08  0.324E-03
  0.120E+08  0.598E-03  0.125E+08  0.101E-02  0.130E+08  0.159E-02
  0.135E+08  0.236E-02  0.140E+08  0.286E-02  0.145E+08  0.395E-02
  0.150E+08  0.526E-02  0.160E+08  0.815E-02  0.170E+08  0.115E-01
  0.180E+08  0.137E-01  0.190E+08  0.166E-01  0.200E+08  0.191E-01
  0.210E+08  0.211E-01  0.220E+08  0.230E-01  0.230E+08  0.239E-01
  0.240E+08  0.245E-01  0.250E+08  0.251E-01  0.260E+08  0.254E-01
  0.270E+08  0.256E-01  0.280E+08  0.256E-01  0.290E+08  0.255E-01
  0.300E+08  0.255E-01  0.310E+08  0.255E-01  0.320E+08  0.254E-01
  0.330E+08  0.253E-01  0.340E+08  0.253E-01  0.350E+08  0.252E-01
  0.360E+08  0.249E-01  0.370E+08  0.245E-01  0.380E+08  0.244E-01
  0.390E+08  0.242E-01  0.400E+08  0.241E-01  0.410E+08  0.240E-01
  0.420E+08  0.238E-01  0.430E+08  0.237E-01  0.440E+08  0.233E-01
  0.450E+08  0.229E-01  0.460E+08  0.225E-01  0.470E+08  0.221E-01
  0.480E+08  0.217E-01  0.490E+08  0.215E-01  0.500E+08  0.214E-01
  0.520E+08  0.211E-01  0.540E+08  0.208E-01  0.560E+08  0.205E-01
  0.580E+08  0.202E-01  0.600E+08  0.196E-01  0.620E+08  0.190E-01
  0.640E+08  0.184E-01  0.660E+08  0.178E-01  0.680E+08  0.172E-01
  0.700E+08  0.167E-01  0.720E+08  0.162E-01  0.740E+08  0.158E-01
  0.760E+08  0.153E-01  0.780E+08  0.148E-01  0.800E+08  0.140E-01
  0.820E+08  0.132E-01  0.840E+08  0.128E-01  0.860E+08  0.125E-01
  0.880E+08  0.121E-01  0.900E+08  0.118E-01  0.920E+08  0.115E-01
  0.940E+08  0.112E-01  0.960E+08  0.109E-01  0.980E+08  0.110E-01
  0.100E+09  0.110E-01
XE139
         111
           0
          58
  0.142E+08  0.000E+00  0.190E+08  0.133E-03  0.200E+08  0.238E-03
  0.210E+08  0.362E-03  0.220E+08  0.507E-03  0.230E+08  0.598E-03
  0.240E+08  0.771E-03  0.250E+08  0.955E-03  0.260E+08  0.115E-02
  0.270E+08  0.137E-02  0.280E+08  0.150E-02  0.290E+08  0.175E-02
  0.300E+08  0.203E-02  0.310E+08  0.232E-02  0.320E+08  0.263E-02
  0.330E+08  0.293E-02  0.340E+08  0.313E-02  0.350E+08  0.345E-02
  0.360E+08  0.378E-02  0.370E+08  0.411E-02  0.380E+08  0.437E-02
  0.390E+08  0.462E-02  0.400E+08  0.478E-02  0.410E+08  0.493E-02
  0.420E+08  0.504E-02  0.430E+08  0.492E-02  0.440E+08  0.504E-02
  0.450E+08  0.508E-02  0.460E+08  0.511E-02  0.470E+08  0.510E-02
  0.480E+08  0.512E-02  0.490E+08  0.518E-02  0.500E+08  0.520E-02
  0.520E+08  0.522E-02  0.540E+08  0.524E-02  0.560E+08  0.523E-02
  0.580E+08  0.480E-02  0.600E+08  0.480E-02  0.620E+08  0.480E-02
  0.640E+08  0.479E-02  0.660E+08  0.478E-02  0.680E+08  0.477E-02
  0.700E+08  0.476E-02  0.720E+08  0.474E-02  0.740E+08  0.472E-02
  0.760E+08  0.488E-02  0.780E+08  0.486E-02  0.800E+08  0.485E-02
  0.820E+08  0.482E-02  0.840E+08  0.480E-02  0.860E+08  0.478E-02
  0.880E+08  0.475E-02  0.900E+08  0.472E-02  0.920E+08  0.469E-02
  0.940E+08  0.466E-02  0.960E+08  0.463E-02  0.980E+08  0.460E-02
  0.100E+09  0.457E-02
BA136
         121
           0
          49
  0.269E+08  0.000E+00  0.280E+08  0.127E-05  0.290E+08  0.579E-03
  0.300E+08  0.613E-02  0.310E+08  0.266E-01  0.320E+08  0.709E-01
  0.330E+08  0.169E+00  0.340E+08  0.260E+00  0.350E+08  0.362E+00
  0.360E+08  0.460E+00  0.370E+08  0.552E+00  0.380E+08  0.613E+00
  0.390E+08  0.685E+00  0.400E+08  0.747E+00  0.410E+08  0.795E+00
  0.420E+08  0.832E+00  0.430E+08  0.847E+00  0.440E+08  0.862E+00
  0.450E+08  0.864E+00  0.460E+08  0.855E+00  0.470E+08  0.829E+00
  0.480E+08  0.799E+00  0.490E+08  0.751E+00  0.500E+08  0.710E+00
  0.520E+08  0.635E+00  0.540E+08  0.568E+00  0.560E+08  0.485E+00
  0.580E+08  0.426E+00  0.600E+08  0.375E+00  0.620E+08  0.333E+00
  0.640E+08  0.299E+00  0.660E+08  0.271E+00  0.680E+08  0.258E+00
  0.700E+08  0.236E+00  0.720E+08  0.217E+00  0.740E+08  0.202E+00
  0.760E+08  0.190E+00  0.780E+08  0.180E+00  0.800E+08  0.169E+00
  0.820E+08  0.165E+00  0.840E+08  0.161E+00  0.860E+08  0.156E+00
  0.880E+08  0.152E+00  0.900E+08  0.147E+00  0.920E+08  0.141E+00
  0.940E+08  0.136E+00  0.960E+08  0.132E+00  0.980E+08  0.129E+00
  0.100E+09  0.125E+00
BA135
         122
           0
          40
  0.360E+08  0.000E+00  0.370E+08  0.574E-08  0.380E+08  0.712E-06
  0.390E+08  0.249E-04  0.400E+08  0.256E-03  0.410E+08  0.133E-02
  0.420E+08  0.454E-02  0.430E+08  0.966E-02  0.440E+08  0.208E-01
  0.450E+08  0.381E-01  0.460E+08  0.617E-01  0.470E+08  0.892E-01
  0.480E+08  0.114E+00  0.490E+08  0.203E+00  0.500E+08  0.242E+00
  0.520E+08  0.321E+00  0.540E+08  0.369E+00  0.560E+08  0.399E+00
  0.580E+08  0.403E+00  0.600E+08  0.388E+00  0.620E+08  0.362E+00
  0.640E+08  0.332E+00  0.660E+08  0.300E+00  0.680E+08  0.293E+00
  0.700E+08  0.264E+00  0.720E+08  0.237E+00  0.740E+08  0.214E+00
  0.760E+08  0.195E+00  0.780E+08  0.178E+00  0.800E+08  0.162E+00
  0.820E+08  0.150E+00  0.840E+08  0.141E+00  0.860E+08  0.133E+00
  0.880E+08  0.125E+00  0.900E+08  0.118E+00  0.920E+08  0.111E+00
  0.940E+08  0.106E+00  0.960E+08  0.983E-01  0.980E+08  0.938E-01
  0.100E+09  0.909E-01
BA134
         123
           0
          33
  0.431E+08  0.000E+00  0.440E+08  0.442E-11  0.450E+08  0.233E-07
  0.460E+08  0.747E-06  0.470E+08  0.149E-04  0.480E+08  0.817E-04
  0.490E+08  0.119E-02  0.500E+08  0.341E-02  0.520E+08  0.159E-01
  0.540E+08  0.445E-01  0.560E+08  0.907E-01  0.580E+08  0.147E+00
  0.600E+08  0.211E+00  0.620E+08  0.274E+00  0.640E+08  0.330E+00
  0.660E+08  0.375E+00  0.680E+08  0.387E+00  0.700E+08  0.398E+00
  0.720E+08  0.420E+00  0.740E+08  0.420E+00  0.760E+08  0.415E+00
  0.780E+08  0.400E+00  0.800E+08  0.379E+00  0.820E+08  0.359E+00
  0.840E+08  0.340E+00  0.860E+08  0.319E+00  0.880E+08  0.301E+00
  0.900E+08  0.289E+00  0.920E+08  0.273E+00  0.940E+08  0.259E+00
  0.960E+08  0.245E+00  0.980E+08  0.233E+00  0.100E+09  0.220E+00
BA133
         124
           0
          24
  0.526E+08  0.000E+00  0.560E+08  0.927E-07  0.580E+08  0.868E-05
  0.600E+08  0.148E-03  0.620E+08  0.913E-03  0.640E+08  0.374E-02
  0.660E+08  0.106E-01  0.680E+08  0.148E-01  0.700E+08  0.297E-01
  0.720E+08  0.481E-01  0.740E+08  0.714E-01  0.760E+08  0.931E-01
  0.780E+08  0.116E+00  0.800E+08  0.140E+00  0.820E+08  0.147E+00
  0.840E+08  0.150E+00  0.860E+08  0.154E+00  0.880E+08  0.153E+00
  0.900E+08  0.144E+00  0.920E+08  0.140E+00  0.940E+08  0.136E+00
  0.960E+08  0.132E+00  0.980E+08  0.128E+00  0.100E+09  0.124E+00
BA132
         125
           0
          21
  0.598E+08  0.000E+00  0.620E+08  0.319E-09  0.640E+08  0.192E-06
  0.660E+08  0.826E-05  0.680E+08  0.292E-04  0.700E+08  0.248E-03
  0.720E+08  0.112E-02  0.740E+08  0.363E-02  0.760E+08  0.678E-02
  0.780E+08  0.140E-01  0.800E+08  0.296E-01  0.820E+08  0.406E-01
  0.840E+08  0.533E-01  0.860E+08  0.734E-01  0.880E+08  0.945E-01
  0.900E+08  0.115E+00  0.920E+08  0.126E+00  0.940E+08  0.142E+00
  0.960E+08  0.155E+00  0.980E+08  0.164E+00  0.100E+09  0.170E+00
BA131
         126
           0
          15
  0.697E+08  0.000E+00  0.740E+08  0.203E-11  0.760E+08  0.266E-09
  0.780E+08  0.193E-07  0.800E+08  0.911E-06  0.820E+08  0.490E-05
  0.840E+08  0.529E-04  0.860E+08  0.220E-03  0.880E+08  0.690E-03
  0.900E+08  0.175E-02  0.920E+08  0.345E-02  0.940E+08  0.651E-02
  0.960E+08  0.110E-01  0.980E+08  0.169E-01  0.100E+09  0.240E-01
BA130
         127
           0
          11
  0.773E+08  0.000E+00  0.820E+08  0.269E-13  0.840E+08  0.532E-10
  0.860E+08  0.553E-08  0.880E+08  0.150E-06  0.900E+08  0.181E-05
  0.920E+08  0.116E-04  0.940E+08  0.549E-04  0.960E+08  0.194E-03
  0.980E+08  0.545E-03  0.100E+09  0.129E-02
BA129
         128
           0
           5
  0.876E+08  0.000E+00  0.940E+08  0.135E-14  0.960E+08  0.602E-12
  0.980E+08  0.507E-10  0.100E+09  0.146E-08
BA128
         129
           0
           2
  0.953E+08  0.000E+00  0.100E+09  0.632E-19
CS139
         153
           0
          68
  0.770E+07  0.000E+00  0.120E+08  0.182E-07  0.125E+08  0.143E-06
  0.130E+08  0.702E-06  0.135E+08  0.266E-05  0.140E+08  0.688E-03
  0.145E+08  0.161E-02  0.150E+08  0.221E-02  0.160E+08  0.329E-02
  0.170E+08  0.506E-02  0.180E+08  0.626E-02  0.190E+08  0.881E-02
  0.200E+08  0.118E-01  0.210E+08  0.152E-01  0.220E+08  0.214E-01
  0.230E+08  0.278E-01  0.240E+08  0.354E-01  0.250E+08  0.427E-01
  0.260E+08  0.497E-01  0.270E+08  0.560E-01  0.280E+08  0.610E-01
  0.290E+08  0.661E-01  0.300E+08  0.705E-01  0.310E+08  0.743E-01
  0.320E+08  0.761E-01  0.330E+08  0.774E-01  0.340E+08  0.758E-01
  0.350E+08  0.749E-01  0.360E+08  0.746E-01  0.370E+08  0.743E-01
  0.380E+08  0.738E-01  0.390E+08  0.736E-01  0.400E+08  0.733E-01
  0.410E+08  0.729E-01  0.420E+08  0.726E-01  0.430E+08  0.723E-01
  0.440E+08  0.722E-01  0.450E+08  0.721E-01  0.460E+08  0.718E-01
  0.470E+08  0.712E-01  0.480E+08  0.707E-01  0.490E+08  0.702E-01
  0.500E+08  0.696E-01  0.520E+08  0.695E-01  0.540E+08  0.696E-01
  0.560E+08  0.698E-01  0.580E+08  0.699E-01  0.600E+08  0.695E-01
  0.620E+08  0.692E-01  0.640E+08  0.688E-01  0.660E+08  0.684E-01
  0.680E+08  0.679E-01  0.700E+08  0.672E-01  0.720E+08  0.666E-01
  0.740E+08  0.660E-01  0.760E+08  0.655E-01  0.780E+08  0.649E-01
  0.800E+08  0.640E-01  0.820E+08  0.636E-01  0.840E+08  0.633E-01
  0.860E+08  0.628E-01  0.880E+08  0.630E-01  0.900E+08  0.580E-01
  0.920E+08  0.575E-01  0.940E+08  0.570E-01  0.960E+08  0.565E-01
  0.980E+08  0.557E-01  0.100E+09  0.549E-01
CS138
         154
           0
          59
  0.136E+08  0.000E+00  0.180E+08  0.122E-07  0.190E+08  0.149E-05
  0.200E+08  0.170E-04  0.210E+08  0.965E-04  0.220E+08  0.274E-03
  0.230E+08  0.738E-03  0.240E+08  0.167E-02  0.250E+08  0.322E-02
  0.260E+08  0.560E-02  0.270E+08  0.892E-02  0.280E+08  0.131E-01
  0.290E+08  0.179E-01  0.300E+08  0.231E-01  0.310E+08  0.285E-01
  0.320E+08  0.351E-01  0.330E+08  0.419E-01  0.340E+08  0.490E-01
  0.350E+08  0.545E-01  0.360E+08  0.596E-01  0.370E+08  0.642E-01
  0.380E+08  0.680E-01  0.390E+08  0.712E-01  0.400E+08  0.739E-01
  0.410E+08  0.757E-01  0.420E+08  0.762E-01  0.430E+08  0.756E-01
  0.440E+08  0.747E-01  0.450E+08  0.738E-01  0.460E+08  0.729E-01
  0.470E+08  0.720E-01  0.480E+08  0.711E-01  0.490E+08  0.697E-01
  0.500E+08  0.683E-01  0.520E+08  0.655E-01  0.540E+08  0.628E-01
  0.560E+08  0.600E-01  0.580E+08  0.588E-01  0.600E+08  0.579E-01
  0.620E+08  0.572E-01  0.640E+08  0.565E-01  0.660E+08  0.556E-01
  0.680E+08  0.547E-01  0.700E+08  0.594E-01  0.720E+08  0.589E-01
  0.740E+08  0.582E-01  0.760E+08  0.580E-01  0.780E+08  0.573E-01
  0.800E+08  0.569E-01  0.820E+08  0.562E-01  0.840E+08  0.555E-01
  0.860E+08  0.550E-01  0.880E+08  0.545E-01  0.900E+08  0.540E-01
  0.920E+08  0.537E-01  0.940E+08  0.533E-01  0.960E+08  0.529E-01
  0.980E+08  0.525E-01  0.100E+09  0.523E-01
CS137
         155
           0
          54
  0.181E+08  0.000E+00  0.230E+08  0.149E-07  0.240E+08  0.625E-06
  0.250E+08  0.787E-05  0.260E+08  0.514E-04  0.270E+08  0.207E-03
  0.280E+08  0.596E-03  0.290E+08  0.137E-02  0.300E+08  0.267E-02
  0.310E+08  0.465E-02  0.320E+08  0.747E-02  0.330E+08  0.107E-01
  0.340E+08  0.154E-01  0.350E+08  0.222E-01  0.360E+08  0.288E-01
  0.370E+08  0.356E-01  0.380E+08  0.421E-01  0.390E+08  0.497E-01
  0.400E+08  0.573E-01  0.410E+08  0.656E-01  0.420E+08  0.744E-01
  0.430E+08  0.835E-01  0.440E+08  0.922E-01  0.450E+08  0.100E+00
  0.460E+08  0.108E+00  0.470E+08  0.115E+00  0.480E+08  0.119E+00
  0.490E+08  0.127E+00  0.500E+08  0.130E+00  0.520E+08  0.136E+00
  0.540E+08  0.140E+00  0.560E+08  0.136E+00  0.580E+08  0.133E+00
  0.600E+08  0.131E+00  0.620E+08  0.128E+00  0.640E+08  0.126E+00
  0.660E+08  0.122E+00  0.680E+08  0.117E+00  0.700E+08  0.114E+00
  0.720E+08  0.111E+00  0.740E+08  0.109E+00  0.760E+08  0.106E+00
  0.780E+08  0.104E+00  0.800E+08  0.101E+00  0.820E+08  0.992E-01
  0.840E+08  0.103E+00  0.860E+08  0.101E+00  0.880E+08  0.105E+00
  0.900E+08  0.104E+00  0.920E+08  0.102E+00  0.940E+08  0.101E+00
  0.960E+08  0.996E-01  0.980E+08  0.983E-01  0.100E+09  0.971E-01
CS136
         156
           0
          46
  0.264E+08  0.000E+00  0.310E+08  0.126E-10  0.320E+08  0.760E-08
  0.330E+08  0.219E-06  0.340E+08  0.423E-05  0.350E+08  0.339E-04
  0.360E+08  0.126E-03  0.370E+08  0.302E-03  0.380E+08  0.584E-03
  0.390E+08  0.122E-02  0.400E+08  0.226E-02  0.410E+08  0.381E-02
  0.420E+08  0.596E-02  0.430E+08  0.876E-02  0.440E+08  0.123E-01
  0.450E+08  0.164E-01  0.460E+08  0.212E-01  0.470E+08  0.274E-01
  0.480E+08  0.317E-01  0.490E+08  0.421E-01  0.500E+08  0.490E-01
  0.520E+08  0.605E-01  0.540E+08  0.688E-01  0.560E+08  0.773E-01
  0.580E+08  0.853E-01  0.600E+08  0.927E-01  0.620E+08  0.100E+00
  0.640E+08  0.107E+00  0.660E+08  0.113E+00  0.680E+08  0.118E+00
  0.700E+08  0.120E+00  0.720E+08  0.123E+00  0.740E+08  0.124E+00
  0.760E+08  0.124E+00  0.780E+08  0.122E+00  0.800E+08  0.111E+00
  0.820E+08  0.106E+00  0.840E+08  0.102E+00  0.860E+08  0.975E-01
  0.880E+08  0.930E-01  0.900E+08  0.900E-01  0.920E+08  0.872E-01
  0.940E+08  0.848E-01  0.960E+08  0.825E-01  0.980E+08  0.807E-01
  0.100E+09  0.787E-01
CS135
         157
           0
          39
  0.332E+08  0.000E+00  0.380E+08  0.991E-11  0.390E+08  0.205E-08
  0.400E+08  0.565E-07  0.410E+08  0.672E-06  0.420E+08  0.472E-05
  0.430E+08  0.155E-04  0.440E+08  0.583E-04  0.450E+08  0.169E-03
  0.460E+08  0.404E-03  0.470E+08  0.943E-03  0.480E+08  0.152E-02
  0.490E+08  0.349E-02  0.500E+08  0.532E-02  0.520E+08  0.899E-02
  0.540E+08  0.151E-01  0.560E+08  0.240E-01  0.580E+08  0.346E-01
  0.600E+08  0.461E-01  0.620E+08  0.578E-01  0.640E+08  0.683E-01
  0.660E+08  0.773E-01  0.680E+08  0.846E-01  0.700E+08  0.885E-01
  0.720E+08  0.936E-01  0.740E+08  0.985E-01  0.760E+08  0.107E+00
  0.780E+08  0.117E+00  0.800E+08  0.127E+00  0.820E+08  0.132E+00
  0.840E+08  0.135E+00  0.860E+08  0.139E+00  0.880E+08  0.143E+00
  0.900E+08  0.148E+00  0.920E+08  0.151E+00  0.940E+08  0.152E+00
  0.960E+08  0.153E+00  0.980E+08  0.152E+00  0.100E+09  0.151E+00
CS134
         158
           0
          30
  0.421E+08  0.000E+00  0.470E+08  0.785E-14  0.480E+08  0.350E-11
  0.490E+08  0.424E-08  0.500E+08  0.609E-07  0.520E+08  0.293E-05
  0.540E+08  0.388E-04  0.560E+08  0.236E-03  0.580E+08  0.876E-03
  0.600E+08  0.237E-02  0.620E+08  0.502E-02  0.640E+08  0.933E-02
  0.660E+08  0.153E-01  0.680E+08  0.220E-01  0.700E+08  0.276E-01
  0.720E+08  0.353E-01  0.740E+08  0.422E-01  0.760E+08  0.460E-01
  0.780E+08  0.498E-01  0.800E+08  0.536E-01  0.820E+08  0.565E-01
  0.840E+08  0.589E-01  0.860E+08  0.612E-01  0.880E+08  0.636E-01
  0.900E+08  0.659E-01  0.920E+08  0.674E-01  0.940E+08  0.693E-01
  0.960E+08  0.718E-01  0.980E+08  0.747E-01  0.100E+09  0.781E-01
CS133
         159
           0
          24
  0.490E+08  0.000E+00  0.560E+08  0.730E-10  0.580E+08  0.228E-07
  0.600E+08  0.102E-05  0.620E+08  0.141E-04  0.640E+08  0.942E-04
  0.660E+08  0.389E-03  0.680E+08  0.156E-02  0.700E+08  0.302E-02
  0.720E+08  0.622E-02  0.740E+08  0.107E-01  0.760E+08  0.165E-01
  0.780E+08  0.214E-01  0.800E+08  0.331E-01  0.820E+08  0.418E-01
  0.840E+08  0.471E-01  0.860E+08  0.542E-01  0.880E+08  0.612E-01
  0.900E+08  0.650E-01  0.920E+08  0.695E-01  0.940E+08  0.728E-01
  0.960E+08  0.754E-01  0.980E+08  0.773E-01  0.100E+09  0.785E-01
CS132
         160
           0
          20
  0.581E+08  0.000E+00  0.640E+08  0.528E-15  0.660E+08  0.639E-11
  0.680E+08  0.548E-08  0.700E+08  0.132E-06  0.720E+08  0.285E-05
  0.740E+08  0.203E-04  0.760E+08  0.840E-04  0.780E+08  0.211E-03
  0.800E+08  0.822E-03  0.820E+08  0.181E-02  0.840E+08  0.372E-02
  0.860E+08  0.609E-02  0.880E+08  0.964E-02  0.900E+08  0.143E-01
  0.920E+08  0.193E-01  0.940E+08  0.246E-01  0.960E+08  0.300E-01
  0.980E+08  0.351E-01  0.100E+09  0.393E-01
CS131
         161
           0
          16
  0.653E+08  0.000E+00  0.720E+08  0.208E-14  0.740E+08  0.544E-11
  0.760E+08  0.743E-09  0.780E+08  0.142E-07  0.800E+08  0.648E-06
  0.820E+08  0.926E-05  0.840E+08  0.493E-04  0.860E+08  0.153E-03
  0.880E+08  0.424E-03  0.900E+08  0.109E-02  0.920E+08  0.220E-02
  0.940E+08  0.398E-02  0.960E+08  0.655E-02  0.980E+08  0.101E-01
  0.100E+09  0.146E-01
CS130
         162
           0
          11
  0.747E+08  0.000E+00  0.820E+08  0.219E-13  0.840E+08  0.121E-10
  0.860E+08  0.705E-09  0.880E+08  0.163E-07  0.900E+08  0.211E-06
  0.920E+08  0.155E-05  0.940E+08  0.794E-05  0.960E+08  0.208E-04
  0.980E+08  0.509E-04  0.100E+09  0.144E-03
CS129
         163
           0
           8
  0.821E+08  0.000E+00  0.880E+08  0.525E-18  0.900E+08  0.217E-13
  0.920E+08  0.445E-11  0.940E+08  0.249E-09  0.960E+08  0.258E-08
  0.980E+08  0.368E-07  0.100E+09  0.317E-06
CS128
         164
           0
           3
  0.919E+08  0.000E+00  0.980E+08  0.417E-22  0.100E+09  0.170E-17
XE138
         174
           0
          55
  0.156E+08  0.000E+00  0.220E+08  0.552E-06  0.230E+08  0.202E-05
  0.240E+08  0.738E-05  0.250E+08  0.168E-04  0.260E+08  0.281E-04
  0.270E+08  0.390E-04  0.280E+08  0.449E-04  0.290E+08  0.518E-04
  0.300E+08  0.565E-04  0.310E+08  0.596E-04  0.320E+08  0.617E-04
  0.330E+08  0.629E-04  0.340E+08  0.614E-04  0.350E+08  0.628E-04
  0.360E+08  0.699E-04  0.370E+08  0.971E-04  0.380E+08  0.163E-03
  0.390E+08  0.286E-03  0.400E+08  0.422E-03  0.410E+08  0.648E-03
  0.420E+08  0.923E-03  0.430E+08  0.144E-02  0.440E+08  0.172E-02
  0.450E+08  0.208E-02  0.460E+08  0.246E-02  0.470E+08  0.283E-02
  0.480E+08  0.322E-02  0.490E+08  0.342E-02  0.500E+08  0.377E-02
  0.520E+08  0.432E-02  0.540E+08  0.469E-02  0.560E+08  0.487E-02
  0.580E+08  0.518E-02  0.600E+08  0.518E-02  0.620E+08  0.516E-02
  0.640E+08  0.513E-02  0.660E+08  0.513E-02  0.680E+08  0.509E-02
  0.700E+08  0.506E-02  0.720E+08  0.544E-02  0.740E+08  0.582E-02
  0.760E+08  0.572E-02  0.780E+08  0.562E-02  0.800E+08  0.559E-02
  0.820E+08  0.559E-02  0.840E+08  0.560E-02  0.860E+08  0.558E-02
  0.880E+08  0.555E-02  0.900E+08  0.552E-02  0.920E+08  0.548E-02
  0.940E+08  0.549E-02  0.960E+08  0.550E-02  0.980E+08  0.547E-02
  0.100E+09  0.547E-02
XE137
         175
           0
          82
  0.100E-04  0.000E+00  0.500E+07  0.395E-07  0.550E+07  0.183E-06
  0.600E+07  0.422E-06  0.650E+07  0.826E-06  0.700E+07  0.153E-05
  0.750E+07  0.278E-05  0.800E+07  0.539E-05  0.850E+07  0.965E-05
  0.900E+07  0.170E-04  0.950E+07  0.292E-04  0.100E+08  0.487E-04
  0.105E+08  0.791E-04  0.110E+08  0.122E-03  0.115E+08  0.179E-03
  0.120E+08  0.252E-03  0.125E+08  0.338E-03  0.130E+08  0.439E-03
  0.135E+08  0.548E-03  0.140E+08  0.661E-03  0.145E+08  0.770E-03
  0.150E+08  0.870E-03  0.160E+08  0.105E-02  0.170E+08  0.114E-02
  0.180E+08  0.116E-02  0.190E+08  0.114E-02  0.200E+08  0.102E-02
  0.210E+08  0.965E-03  0.220E+08  0.913E-03  0.230E+08  0.865E-03
  0.240E+08  0.813E-03  0.250E+08  0.756E-03  0.260E+08  0.704E-03
  0.270E+08  0.652E-03  0.280E+08  0.600E-03  0.290E+08  0.552E-03
  0.300E+08  0.509E-03  0.310E+08  0.465E-03  0.320E+08  0.465E-03
  0.330E+08  0.426E-03  0.340E+08  0.421E-03  0.350E+08  0.388E-03
  0.360E+08  0.357E-03  0.370E+08  0.328E-03  0.380E+08  0.301E-03
  0.390E+08  0.276E-03  0.400E+08  0.252E-03  0.410E+08  0.230E-03
  0.420E+08  0.210E-03  0.430E+08  0.191E-03  0.440E+08  0.175E-03
  0.450E+08  0.161E-03  0.460E+08  0.150E-03  0.470E+08  0.140E-03
  0.480E+08  0.131E-03  0.490E+08  0.136E-03  0.500E+08  0.153E-03
  0.520E+08  0.587E-03  0.540E+08  0.102E-02  0.560E+08  0.165E-02
  0.580E+08  0.256E-02  0.600E+08  0.327E-02  0.620E+08  0.383E-02
  0.640E+08  0.420E-02  0.660E+08  0.441E-02  0.680E+08  0.452E-02
  0.700E+08  0.455E-02  0.720E+08  0.408E-02  0.740E+08  0.405E-02
  0.760E+08  0.402E-02  0.780E+08  0.393E-02  0.800E+08  0.390E-02
  0.820E+08  0.382E-02  0.840E+08  0.376E-02  0.860E+08  0.372E-02
  0.880E+08  0.367E-02  0.900E+08  0.363E-02  0.920E+08  0.361E-02
  0.940E+08  0.357E-02  0.960E+08  0.350E-02  0.980E+08  0.388E-02
  0.100E+09  0.382E-02
XE136
         176
           0
          74
  0.100E-04  0.000E+00  0.900E+07  0.244E-06  0.950E+07  0.124E-05
  0.100E+08  0.314E-05  0.105E+08  0.577E-05  0.110E+08  0.111E-04
  0.115E+08  0.201E-04  0.120E+08  0.358E-04  0.125E+08  0.573E-04
  0.130E+08  0.999E-04  0.135E+08  0.165E-03  0.140E+08  0.278E-03
  0.145E+08  0.449E-03  0.150E+08  0.691E-03  0.160E+08  0.136E-02
  0.170E+08  0.236E-02  0.180E+08  0.363E-02  0.190E+08  0.508E-02
  0.200E+08  0.686E-02  0.210E+08  0.850E-02  0.220E+08  0.102E-01
  0.230E+08  0.117E-01  0.240E+08  0.130E-01  0.250E+08  0.138E-01
  0.260E+08  0.142E-01  0.270E+08  0.141E-01  0.280E+08  0.138E-01
  0.290E+08  0.133E-01  0.300E+08  0.127E-01  0.310E+08  0.124E-01
  0.320E+08  0.119E-01  0.330E+08  0.113E-01  0.340E+08  0.108E-01
  0.350E+08  0.101E-01  0.360E+08  0.932E-02  0.370E+08  0.861E-02
  0.380E+08  0.794E-02  0.390E+08  0.731E-02  0.400E+08  0.672E-02
  0.410E+08  0.617E-02  0.420E+08  0.566E-02  0.430E+08  0.520E-02
  0.440E+08  0.477E-02  0.450E+08  0.411E-02  0.460E+08  0.376E-02
  0.470E+08  0.349E-02  0.480E+08  0.319E-02  0.490E+08  0.264E-02
  0.500E+08  0.241E-02  0.520E+08  0.202E-02  0.540E+08  0.172E-02
  0.560E+08  0.148E-02  0.580E+08  0.130E-02  0.600E+08  0.123E-02
  0.620E+08  0.136E-02  0.640E+08  0.169E-02  0.660E+08  0.228E-02
  0.680E+08  0.293E-02  0.700E+08  0.369E-02  0.720E+08  0.406E-02
  0.740E+08  0.488E-02  0.760E+08  0.569E-02  0.780E+08  0.651E-02
  0.800E+08  0.722E-02  0.820E+08  0.780E-02  0.840E+08  0.824E-02
  0.860E+08  0.856E-02  0.880E+08  0.872E-02  0.900E+08  0.877E-02
  0.920E+08  0.878E-02  0.940E+08  0.870E-02  0.960E+08  0.866E-02
  0.980E+08  0.861E-02  0.100E+09  0.851E-02
XE135
         177
           0
          59
  0.733E+07  0.000E+00  0.180E+08  0.367E-06  0.190E+08  0.313E-05
  0.200E+08  0.176E-04  0.210E+08  0.602E-04  0.220E+08  0.185E-03
  0.230E+08  0.496E-03  0.240E+08  0.114E-02  0.250E+08  0.221E-02
  0.260E+08  0.371E-02  0.270E+08  0.558E-02  0.280E+08  0.771E-02
  0.290E+08  0.100E-01  0.300E+08  0.122E-01  0.310E+08  0.139E-01
  0.320E+08  0.158E-01  0.330E+08  0.167E-01  0.340E+08  0.175E-01
  0.350E+08  0.179E-01  0.360E+08  0.179E-01  0.370E+08  0.175E-01
  0.380E+08  0.170E-01  0.390E+08  0.163E-01  0.400E+08  0.155E-01
  0.410E+08  0.146E-01  0.420E+08  0.137E-01  0.430E+08  0.127E-01
  0.440E+08  0.118E-01  0.450E+08  0.108E-01  0.460E+08  0.944E-02
  0.470E+08  0.862E-02  0.480E+08  0.793E-02  0.490E+08  0.709E-02
  0.500E+08  0.651E-02  0.520E+08  0.548E-02  0.540E+08  0.456E-02
  0.560E+08  0.381E-02  0.580E+08  0.318E-02  0.600E+08  0.268E-02
  0.620E+08  0.228E-02  0.640E+08  0.196E-02  0.660E+08  0.179E-02
  0.680E+08  0.170E-02  0.700E+08  0.154E-02  0.720E+08  0.133E-02
  0.740E+08  0.114E-02  0.760E+08  0.970E-03  0.780E+08  0.866E-03
  0.800E+08  0.869E-03  0.820E+08  0.102E-02  0.840E+08  0.136E-02
  0.860E+08  0.186E-02  0.880E+08  0.250E-02  0.900E+08  0.322E-02
  0.920E+08  0.398E-02  0.940E+08  0.472E-02  0.960E+08  0.535E-02
  0.980E+08  0.568E-02  0.100E+09  0.621E-02
XE134
         178
           0
          53
  0.138E+08  0.000E+00  0.240E+08  0.115E-07  0.250E+08  0.189E-06
  0.260E+08  0.173E-05  0.270E+08  0.903E-05  0.280E+08  0.358E-04
  0.290E+08  0.127E-03  0.300E+08  0.340E-03  0.310E+08  0.693E-03
  0.320E+08  0.126E-02  0.330E+08  0.237E-02  0.340E+08  0.362E-02
  0.350E+08  0.553E-02  0.360E+08  0.780E-02  0.370E+08  0.103E-01
  0.380E+08  0.131E-01  0.390E+08  0.157E-01  0.400E+08  0.184E-01
  0.410E+08  0.210E-01  0.420E+08  0.233E-01  0.430E+08  0.252E-01
  0.440E+08  0.268E-01  0.450E+08  0.279E-01  0.460E+08  0.284E-01
  0.470E+08  0.284E-01  0.480E+08  0.279E-01  0.490E+08  0.252E-01
  0.500E+08  0.241E-01  0.520E+08  0.216E-01  0.540E+08  0.190E-01
  0.560E+08  0.167E-01  0.580E+08  0.144E-01  0.600E+08  0.123E-01
  0.620E+08  0.105E-01  0.640E+08  0.887E-02  0.660E+08  0.789E-02
  0.680E+08  0.706E-02  0.700E+08  0.643E-02  0.720E+08  0.552E-02
  0.740E+08  0.502E-02  0.760E+08  0.453E-02  0.780E+08  0.400E-02
  0.800E+08  0.356E-02  0.820E+08  0.315E-02  0.840E+08  0.288E-02
  0.860E+08  0.256E-02  0.880E+08  0.227E-02  0.900E+08  0.204E-02
  0.920E+08  0.188E-02  0.940E+08  0.181E-02  0.960E+08  0.184E-02
  0.980E+08  0.197E-02  0.100E+09  0.226E-02
XE133
         179
           0
          44
  0.224E+08  0.000E+00  0.330E+08  0.600E-10  0.340E+08  0.249E-08
  0.350E+08  0.466E-07  0.360E+08  0.375E-06  0.370E+08  0.199E-05
  0.380E+08  0.115E-04  0.390E+08  0.390E-04  0.400E+08  0.113E-03
  0.410E+08  0.286E-03  0.420E+08  0.629E-03  0.430E+08  0.119E-02
  0.440E+08  0.209E-02  0.450E+08  0.362E-02  0.460E+08  0.569E-02
  0.470E+08  0.776E-02  0.480E+08  0.995E-02  0.490E+08  0.142E-01
  0.500E+08  0.164E-01  0.520E+08  0.199E-01  0.540E+08  0.218E-01
  0.560E+08  0.221E-01  0.580E+08  0.214E-01  0.600E+08  0.200E-01
  0.620E+08  0.181E-01  0.640E+08  0.161E-01  0.660E+08  0.146E-01
  0.680E+08  0.132E-01  0.700E+08  0.122E-01  0.720E+08  0.112E-01
  0.740E+08  0.101E-01  0.760E+08  0.871E-02  0.780E+08  0.753E-02
  0.800E+08  0.648E-02  0.820E+08  0.561E-02  0.840E+08  0.492E-02
  0.860E+08  0.439E-02  0.880E+08  0.398E-02  0.900E+08  0.368E-02
  0.920E+08  0.341E-02  0.940E+08  0.316E-02  0.960E+08  0.287E-02
  0.980E+08  0.266E-02  0.100E+09  0.246E-02
XE132
         180
           0
          38
  0.289E+08  0.000E+00  0.390E+08  0.830E-14  0.400E+08  0.415E-10
  0.410E+08  0.220E-08  0.420E+08  0.294E-07  0.430E+08  0.166E-06
  0.440E+08  0.936E-06  0.450E+08  0.492E-05  0.460E+08  0.220E-04
  0.470E+08  0.658E-04  0.480E+08  0.212E-03  0.490E+08  0.657E-03
  0.500E+08  0.122E-02  0.520E+08  0.327E-02  0.540E+08  0.667E-02
  0.560E+08  0.113E-01  0.580E+08  0.166E-01  0.600E+08  0.220E-01
  0.620E+08  0.269E-01  0.640E+08  0.307E-01  0.660E+08  0.325E-01
  0.680E+08  0.335E-01  0.700E+08  0.338E-01  0.720E+08  0.339E-01
  0.740E+08  0.332E-01  0.760E+08  0.320E-01  0.780E+08  0.308E-01
  0.800E+08  0.281E-01  0.820E+08  0.253E-01  0.840E+08  0.228E-01
  0.860E+08  0.208E-01  0.880E+08  0.185E-01  0.900E+08  0.165E-01
  0.920E+08  0.147E-01  0.940E+08  0.132E-01  0.960E+08  0.118E-01
  0.980E+08  0.109E-01  0.100E+09  0.101E-01
XE131
         181
           0
          29
  0.379E+08  0.000E+00  0.480E+08  0.230E-15  0.490E+08  0.280E-10
  0.500E+08  0.663E-09  0.520E+08  0.579E-07  0.540E+08  0.145E-05
  0.560E+08  0.172E-04  0.580E+08  0.728E-04  0.600E+08  0.337E-03
  0.620E+08  0.107E-02  0.640E+08  0.257E-02  0.660E+08  0.439E-02
  0.680E+08  0.655E-02  0.700E+08  0.844E-02  0.720E+08  0.115E-01
  0.740E+08  0.145E-01  0.760E+08  0.176E-01  0.780E+08  0.191E-01
  0.800E+08  0.208E-01  0.820E+08  0.215E-01  0.840E+08  0.217E-01
  0.860E+08  0.224E-01  0.880E+08  0.214E-01  0.900E+08  0.201E-01
  0.920E+08  0.186E-01  0.940E+08  0.170E-01  0.960E+08  0.153E-01
  0.980E+08  0.141E-01  0.100E+09  0.128E-01
XE130
         182
           0
          24
  0.446E+08  0.000E+00  0.560E+08  0.310E-11  0.580E+08  0.126E-08
  0.600E+08  0.683E-07  0.620E+08  0.135E-05  0.640E+08  0.138E-04
  0.660E+08  0.616E-04  0.680E+08  0.189E-03  0.700E+08  0.409E-03
  0.720E+08  0.128E-02  0.740E+08  0.232E-02  0.760E+08  0.441E-02
  0.780E+08  0.641E-02  0.800E+08  0.984E-02  0.820E+08  0.133E-01
  0.840E+08  0.167E-01  0.860E+08  0.201E-01  0.880E+08  0.236E-01
  0.900E+08  0.270E-01  0.920E+08  0.304E-01  0.940E+08  0.339E-01
  0.960E+08  0.373E-01  0.980E+08  0.381E-01  0.100E+09  0.380E-01
XE129
         183
           0
          20
  0.539E+08  0.000E+00  0.640E+08  0.593E-16  0.660E+08  0.166E-12
  0.680E+08  0.197E-10  0.700E+08  0.199E-09  0.720E+08  0.154E-07
  0.740E+08  0.151E-06  0.760E+08  0.786E-06  0.780E+08  0.369E-05
  0.800E+08  0.250E-04  0.820E+08  0.871E-04  0.840E+08  0.237E-03
  0.860E+08  0.462E-03  0.880E+08  0.102E-02  0.900E+08  0.187E-02
  0.920E+08  0.322E-02  0.940E+08  0.503E-02  0.960E+08  0.716E-02
  0.980E+08  0.964E-02  0.100E+09  0.121E-01
XE128
         184
           0
          15
  0.609E+08  0.000E+00  0.740E+08  0.249E-13  0.760E+08  0.566E-11
  0.780E+08  0.241E-09  0.800E+08  0.132E-07  0.820E+08  0.133E-06
  0.840E+08  0.844E-06  0.860E+08  0.337E-05  0.880E+08  0.166E-04
  0.900E+08  0.429E-04  0.920E+08  0.136E-03  0.940E+08  0.354E-03
  0.960E+08  0.785E-03  0.980E+08  0.156E-02  0.100E+09  0.274E-02
XE127
         185
           0
          10
  0.705E+08  0.000E+00  0.840E+08  0.317E-17  0.860E+08  0.201E-14
  0.880E+08  0.433E-12  0.900E+08  0.261E-10  0.920E+08  0.673E-09
  0.940E+08  0.972E-08  0.960E+08  0.905E-07  0.980E+08  0.601E-06
  0.100E+09  0.296E-05
XE126
         186
           0
           6
  0.778E+08  0.000E+00  0.920E+08  0.520E-17  0.940E+08  0.584E-14
  0.960E+08  0.750E-12  0.980E+08  0.298E-10  0.100E+09  0.632E-09
I138 
         219
           0
          40
  0.250E+08  0.000E+00  0.370E+08  0.435E-22  0.380E+08  0.835E-20
  0.390E+08  0.297E-18  0.400E+08  0.409E-17  0.410E+08  0.338E-16
  0.420E+08  0.200E-15  0.430E+08  0.108E-14  0.440E+08  0.390E-14
  0.450E+08  0.119E-13  0.460E+08  0.263E-13  0.470E+08  0.627E-13
  0.480E+08  0.142E-12  0.490E+08  0.212E-12  0.500E+08  0.343E-12
  0.520E+08  0.828E-12  0.540E+08  0.129E-11  0.560E+08  0.299E-11
  0.580E+08  0.426E-11  0.600E+08  0.856E-11  0.620E+08  0.244E-10
  0.640E+08  0.755E-10  0.660E+08  0.201E-09  0.680E+08  0.403E-09
  0.700E+08  0.756E-09  0.720E+08  0.119E-08  0.740E+08  0.179E-08
  0.760E+08  0.219E-08  0.780E+08  0.248E-08  0.800E+08  0.266E-08
  0.820E+08  0.233E-08  0.840E+08  0.235E-08  0.860E+08  0.237E-08
  0.880E+08  0.258E-08  0.900E+08  0.253E-08  0.920E+08  0.251E-08
  0.940E+08  0.244E-08  0.960E+08  0.207E-08  0.980E+08  0.203E-08
  0.100E+09  0.201E-08
I137 
         220
           0
          38
  0.266E+08  0.000E+00  0.390E+08  0.105E-22  0.400E+08  0.230E-20
  0.410E+08  0.695E-19  0.420E+08  0.123E-17  0.430E+08  0.214E-16
  0.440E+08  0.202E-15  0.450E+08  0.135E-14  0.460E+08  0.529E-14
  0.470E+08  0.227E-13  0.480E+08  0.833E-13  0.490E+08  0.222E-12
  0.500E+08  0.549E-12  0.520E+08  0.283E-11  0.540E+08  0.938E-11
  0.560E+08  0.267E-10  0.580E+08  0.683E-10  0.600E+08  0.130E-09
  0.620E+08  0.196E-09  0.640E+08  0.264E-09  0.660E+08  0.316E-09
  0.680E+08  0.429E-09  0.700E+08  0.704E-09  0.720E+08  0.141E-08
  0.740E+08  0.323E-08  0.760E+08  0.648E-08  0.780E+08  0.117E-07
  0.800E+08  0.192E-07  0.820E+08  0.252E-07  0.840E+08  0.376E-07
  0.860E+08  0.483E-07  0.880E+08  0.623E-07  0.900E+08  0.703E-07
  0.920E+08  0.761E-07  0.940E+08  0.799E-07  0.960E+08  0.737E-07
  0.980E+08  0.743E-07  0.100E+09  0.740E-07
I136 
         221
           0
          57
  0.547E+07  0.000E+00  0.200E+08  0.221E-12  0.210E+08  0.231E-11
  0.220E+08  0.513E-10  0.230E+08  0.368E-09  0.240E+08  0.173E-08
  0.250E+08  0.504E-08  0.260E+08  0.101E-07  0.270E+08  0.213E-07
  0.280E+08  0.405E-07  0.290E+08  0.676E-07  0.300E+08  0.102E-06
  0.310E+08  0.142E-06  0.320E+08  0.185E-06  0.330E+08  0.226E-06
  0.340E+08  0.295E-06  0.350E+08  0.328E-06  0.360E+08  0.353E-06
  0.370E+08  0.370E-06  0.380E+08  0.379E-06  0.390E+08  0.426E-06
  0.400E+08  0.368E-06  0.410E+08  0.370E-06  0.420E+08  0.370E-06
  0.430E+08  0.368E-06  0.440E+08  0.366E-06  0.450E+08  0.405E-06
  0.460E+08  0.402E-06  0.470E+08  0.397E-06  0.480E+08  0.436E-06
  0.490E+08  0.369E-06  0.500E+08  0.363E-06  0.520E+08  0.457E-06
  0.540E+08  0.444E-06  0.560E+08  0.479E-06  0.580E+08  0.464E-06
  0.600E+08  0.449E-06  0.620E+08  0.372E-06  0.640E+08  0.361E-06
  0.660E+08  0.351E-06  0.680E+08  0.342E-06  0.700E+08  0.370E-06
  0.720E+08  0.361E-06  0.740E+08  0.351E-06  0.760E+08  0.294E-06
  0.780E+08  0.285E-06  0.800E+08  0.277E-06  0.820E+08  0.210E-06
  0.840E+08  0.233E-06  0.860E+08  0.243E-06  0.880E+08  0.267E-06
  0.900E+08  0.268E-06  0.920E+08  0.313E-06  0.940E+08  0.364E-06
  0.960E+08  0.395E-06  0.980E+08  0.451E-06  0.100E+09  0.490E-06
I135 
         222
           0
          56
  0.702E+07  0.000E+00  0.210E+08  0.577E-14  0.220E+08  0.310E-12
  0.230E+08  0.440E-11  0.240E+08  0.396E-10  0.250E+08  0.241E-09
  0.260E+08  0.117E-08  0.270E+08  0.416E-08  0.280E+08  0.126E-07
  0.290E+08  0.328E-07  0.300E+08  0.711E-07  0.310E+08  0.147E-06
  0.320E+08  0.280E-06  0.330E+08  0.489E-06  0.340E+08  0.857E-06
  0.350E+08  0.133E-05  0.360E+08  0.202E-05  0.370E+08  0.284E-05
  0.380E+08  0.370E-05  0.390E+08  0.486E-05  0.400E+08  0.575E-05
  0.410E+08  0.711E-05  0.420E+08  0.850E-05  0.430E+08  0.988E-05
  0.440E+08  0.111E-04  0.450E+08  0.122E-04  0.460E+08  0.132E-04
  0.470E+08  0.141E-04  0.480E+08  0.154E-04  0.490E+08  0.140E-04
  0.500E+08  0.144E-04  0.520E+08  0.138E-04  0.540E+08  0.140E-04
  0.560E+08  0.146E-04  0.580E+08  0.150E-04  0.600E+08  0.147E-04
  0.620E+08  0.135E-04  0.640E+08  0.150E-04  0.660E+08  0.137E-04
  0.680E+08  0.132E-04  0.700E+08  0.133E-04  0.720E+08  0.133E-04
  0.740E+08  0.129E-04  0.760E+08  0.118E-04  0.780E+08  0.116E-04
  0.800E+08  0.123E-04  0.820E+08  0.113E-04  0.840E+08  0.115E-04
  0.860E+08  0.116E-04  0.880E+08  0.113E-04  0.900E+08  0.105E-04
  0.920E+08  0.105E-04  0.940E+08  0.965E-05  0.960E+08  0.951E-05
  0.980E+08  0.979E-05  0.100E+09  0.102E-04
I134 
         223
           0
          48
  0.150E+08  0.000E+00  0.290E+08  0.692E-14  0.300E+08  0.106E-11
  0.310E+08  0.161E-10  0.320E+08  0.136E-09  0.330E+08  0.769E-09
  0.340E+08  0.325E-08  0.350E+08  0.115E-07  0.360E+08  0.371E-07
  0.370E+08  0.891E-07  0.380E+08  0.201E-06  0.390E+08  0.424E-06
  0.400E+08  0.825E-06  0.410E+08  0.154E-05  0.420E+08  0.267E-05
  0.430E+08  0.430E-05  0.440E+08  0.604E-05  0.450E+08  0.892E-05
  0.460E+08  0.127E-04  0.470E+08  0.173E-04  0.480E+08  0.229E-04
  0.490E+08  0.307E-04  0.500E+08  0.365E-04  0.520E+08  0.466E-04
  0.540E+08  0.566E-04  0.560E+08  0.596E-04  0.580E+08  0.644E-04
  0.600E+08  0.660E-04  0.620E+08  0.635E-04  0.640E+08  0.608E-04
  0.660E+08  0.579E-04  0.680E+08  0.579E-04  0.700E+08  0.593E-04
  0.720E+08  0.607E-04  0.740E+08  0.598E-04  0.760E+08  0.564E-04
  0.780E+08  0.541E-04  0.800E+08  0.537E-04  0.820E+08  0.504E-04
  0.840E+08  0.499E-04  0.860E+08  0.500E-04  0.880E+08  0.483E-04
  0.900E+08  0.454E-04  0.920E+08  0.495E-04  0.940E+08  0.454E-04
  0.960E+08  0.441E-04  0.980E+08  0.441E-04  0.100E+09  0.447E-04
I133 
         224
           0
          42
  0.212E+08  0.000E+00  0.350E+08  0.761E-15  0.360E+08  0.136E-12
  0.370E+08  0.202E-11  0.380E+08  0.164E-10  0.390E+08  0.141E-09
  0.400E+08  0.843E-09  0.410E+08  0.385E-08  0.420E+08  0.180E-07
  0.430E+08  0.552E-07  0.440E+08  0.125E-06  0.450E+08  0.311E-06
  0.460E+08  0.702E-06  0.470E+08  0.155E-05  0.480E+08  0.290E-05
  0.490E+08  0.447E-05  0.500E+08  0.754E-05  0.520E+08  0.177E-04
  0.540E+08  0.358E-04  0.560E+08  0.695E-04  0.580E+08  0.107E-03
  0.600E+08  0.148E-03  0.620E+08  0.181E-03  0.640E+08  0.212E-03
  0.660E+08  0.230E-03  0.680E+08  0.249E-03  0.700E+08  0.265E-03
  0.720E+08  0.275E-03  0.740E+08  0.301E-03  0.760E+08  0.292E-03
  0.780E+08  0.310E-03  0.800E+08  0.308E-03  0.820E+08  0.301E-03
  0.840E+08  0.305E-03  0.860E+08  0.311E-03  0.880E+08  0.310E-03
  0.900E+08  0.305E-03  0.920E+08  0.319E-03  0.940E+08  0.307E-03
  0.960E+08  0.305E-03  0.980E+08  0.309E-03  0.100E+09  0.314E-03
I132 
         225
           0
          33
  0.295E+08  0.000E+00  0.440E+08  0.235E-15  0.450E+08  0.299E-13
  0.460E+08  0.792E-12  0.470E+08  0.145E-10  0.480E+08  0.112E-09
  0.490E+08  0.113E-08  0.500E+08  0.518E-08  0.520E+08  0.630E-07
  0.540E+08  0.442E-06  0.560E+08  0.285E-05  0.580E+08  0.951E-05
  0.600E+08  0.248E-04  0.620E+08  0.529E-04  0.640E+08  0.955E-04
  0.660E+08  0.149E-03  0.680E+08  0.221E-03  0.700E+08  0.280E-03
  0.720E+08  0.356E-03  0.740E+08  0.417E-03  0.760E+08  0.460E-03
  0.780E+08  0.465E-03  0.800E+08  0.488E-03  0.820E+08  0.501E-03
  0.840E+08  0.513E-03  0.860E+08  0.517E-03  0.880E+08  0.511E-03
  0.900E+08  0.495E-03  0.920E+08  0.493E-03  0.940E+08  0.475E-03
  0.960E+08  0.474E-03  0.980E+08  0.485E-03  0.100E+09  0.498E-03
I131 
         226
           0
          27
  0.359E+08  0.000E+00  0.500E+08  0.922E-19  0.520E+08  0.178E-13
  0.540E+08  0.573E-11  0.560E+08  0.701E-09  0.580E+08  0.139E-07
  0.600E+08  0.144E-06  0.620E+08  0.911E-06  0.640E+08  0.391E-05
  0.660E+08  0.119E-04  0.680E+08  0.310E-04  0.700E+08  0.747E-04
  0.720E+08  0.146E-03  0.740E+08  0.224E-03  0.760E+08  0.349E-03
  0.780E+08  0.499E-03  0.800E+08  0.669E-03  0.820E+08  0.874E-03
  0.840E+08  0.110E-02  0.860E+08  0.128E-02  0.880E+08  0.144E-02
  0.900E+08  0.156E-02  0.920E+08  0.163E-02  0.940E+08  0.153E-02
  0.960E+08  0.156E-02  0.980E+08  0.159E-02  0.100E+09  0.159E-02
I130 
         227
           0
          22
  0.446E+08  0.000E+00  0.600E+08  0.447E-16  0.620E+08  0.814E-13
  0.640E+08  0.118E-10  0.660E+08  0.432E-09  0.680E+08  0.799E-08
  0.700E+08  0.102E-06  0.720E+08  0.700E-06  0.740E+08  0.240E-05
  0.760E+08  0.845E-05  0.780E+08  0.235E-04  0.800E+08  0.553E-04
  0.820E+08  0.117E-03  0.840E+08  0.180E-03  0.860E+08  0.296E-03
  0.880E+08  0.458E-03  0.900E+08  0.696E-03  0.920E+08  0.872E-03
  0.940E+08  0.118E-02  0.960E+08  0.139E-02  0.980E+08  0.158E-02
  0.100E+09  0.174E-02
I129 
         228
           0
          19
  0.511E+08  0.000E+00  0.660E+08  0.260E-20  0.680E+08  0.323E-15
  0.700E+08  0.292E-12  0.720E+08  0.302E-10  0.740E+08  0.518E-09
  0.760E+08  0.157E-07  0.780E+08  0.128E-06  0.800E+08  0.798E-06
  0.820E+08  0.341E-05  0.840E+08  0.107E-04  0.860E+08  0.275E-04
  0.880E+08  0.659E-04  0.900E+08  0.122E-03  0.920E+08  0.209E-03
  0.940E+08  0.413E-03  0.960E+08  0.648E-03  0.980E+08  0.961E-03
  0.100E+09  0.133E-02
I128 
         229
           0
          14
  0.600E+08  0.000E+00  0.760E+08  0.177E-18  0.780E+08  0.288E-15
  0.800E+08  0.174E-12  0.820E+08  0.288E-10  0.840E+08  0.433E-09
  0.860E+08  0.505E-08  0.880E+08  0.439E-07  0.900E+08  0.305E-06
  0.920E+08  0.121E-05  0.940E+08  0.596E-05  0.960E+08  0.171E-04
  0.980E+08  0.415E-04  0.100E+09  0.906E-04
I127 
         230
           0
          11
  0.668E+08  0.000E+00  0.820E+08  0.225E-21  0.840E+08  0.266E-17
  0.860E+08  0.143E-14  0.880E+08  0.157E-12  0.900E+08  0.721E-11
  0.920E+08  0.138E-09  0.940E+08  0.307E-08  0.960E+08  0.259E-07
  0.980E+08  0.162E-06  0.100E+09  0.760E-06
I126 
         231
           0
           6
  0.761E+08  0.000E+00  0.920E+08  0.898E-21  0.940E+08  0.806E-18
  0.960E+08  0.229E-15  0.980E+08  0.229E-13  0.100E+09  0.950E-12
I125 
         232
           0
           2
  0.832E+08  0.000E+00  0.100E+09  0.119E-22
TE137
         254
           0
          26
  0.351E+08  0.000E+00  0.520E+08  0.126E-26  0.540E+08  0.683E-24
  0.560E+08  0.780E-22  0.580E+08  0.586E-20  0.600E+08  0.945E-19
  0.620E+08  0.840E-18  0.640E+08  0.485E-17  0.660E+08  0.153E-16
  0.680E+08  0.366E-16  0.700E+08  0.106E-15  0.720E+08  0.214E-15
  0.740E+08  0.389E-15  0.760E+08  0.580E-15  0.780E+08  0.776E-15
  0.800E+08  0.789E-15  0.820E+08  0.833E-15  0.840E+08  0.104E-14
  0.860E+08  0.603E-15  0.880E+08  0.674E-15  0.900E+08  0.756E-15
  0.920E+08  0.979E-15  0.940E+08  0.119E-14  0.960E+08  0.198E-14
  0.980E+08  0.389E-14  0.100E+09  0.655E-14
TE136
         255
           0
          26
  0.361E+08  0.000E+00  0.520E+08  0.128E-28  0.540E+08  0.194E-25
  0.560E+08  0.413E-23  0.580E+08  0.628E-21  0.600E+08  0.246E-19
  0.620E+08  0.511E-18  0.640E+08  0.618E-17  0.660E+08  0.415E-16
  0.680E+08  0.166E-15  0.700E+08  0.809E-15  0.720E+08  0.276E-14
  0.740E+08  0.790E-14  0.760E+08  0.182E-13  0.780E+08  0.355E-13
  0.800E+08  0.579E-13  0.820E+08  0.801E-13  0.840E+08  0.159E-12
  0.860E+08  0.164E-12  0.880E+08  0.200E-12  0.900E+08  0.225E-12
  0.920E+08  0.243E-12  0.940E+08  0.223E-12  0.960E+08  0.152E-12
  0.980E+08  0.178E-12  0.100E+09  0.199E-12
TE135
         256
           0
          45
  0.145E+08  0.000E+00  0.320E+08  0.461E-21  0.330E+08  0.793E-19
  0.340E+08  0.196E-17  0.350E+08  0.211E-16  0.360E+08  0.149E-15
  0.370E+08  0.781E-15  0.380E+08  0.277E-14  0.390E+08  0.953E-14
  0.400E+08  0.290E-13  0.410E+08  0.799E-13  0.420E+08  0.196E-12
  0.430E+08  0.434E-12  0.440E+08  0.864E-12  0.450E+08  0.163E-11
  0.460E+08  0.290E-11  0.470E+08  0.427E-11  0.480E+08  0.626E-11
  0.490E+08  0.936E-11  0.500E+08  0.150E-10  0.520E+08  0.509E-10
  0.540E+08  0.142E-09  0.560E+08  0.396E-09  0.580E+08  0.113E-08
  0.600E+08  0.257E-08  0.620E+08  0.446E-08  0.640E+08  0.679E-08
  0.660E+08  0.923E-08  0.680E+08  0.960E-08  0.700E+08  0.109E-07
  0.720E+08  0.117E-07  0.740E+08  0.136E-07  0.760E+08  0.137E-07
  0.780E+08  0.137E-07  0.800E+08  0.136E-07  0.820E+08  0.113E-07
  0.840E+08  0.112E-07  0.860E+08  0.110E-07  0.880E+08  0.121E-07
  0.900E+08  0.119E-07  0.920E+08  0.117E-07  0.940E+08  0.116E-07
  0.960E+08  0.941E-08  0.980E+08  0.936E-08  0.100E+09  0.927E-08
TE134
         257
           0
          44
  0.158E+08  0.000E+00  0.330E+08  0.442E-24  0.340E+08  0.189E-20
  0.350E+08  0.998E-19  0.360E+08  0.202E-17  0.370E+08  0.233E-16
  0.380E+08  0.159E-15  0.390E+08  0.100E-14  0.400E+08  0.517E-14
  0.410E+08  0.222E-13  0.420E+08  0.831E-13  0.430E+08  0.290E-12
  0.440E+08  0.805E-12  0.450E+08  0.208E-11  0.460E+08  0.477E-11
  0.470E+08  0.103E-10  0.480E+08  0.217E-10  0.490E+08  0.422E-10
  0.500E+08  0.780E-10  0.520E+08  0.229E-09  0.540E+08  0.516E-09
  0.560E+08  0.116E-08  0.580E+08  0.225E-08  0.600E+08  0.388E-08
  0.620E+08  0.615E-08  0.640E+08  0.102E-07  0.660E+08  0.167E-07
  0.680E+08  0.253E-07  0.700E+08  0.411E-07  0.720E+08  0.633E-07
  0.740E+08  0.103E-06  0.760E+08  0.148E-06  0.780E+08  0.204E-06
  0.800E+08  0.267E-06  0.820E+08  0.308E-06  0.840E+08  0.371E-06
  0.860E+08  0.433E-06  0.880E+08  0.510E-06  0.900E+08  0.542E-06
  0.920E+08  0.564E-06  0.940E+08  0.576E-06  0.960E+08  0.519E-06
  0.980E+08  0.525E-06  0.100E+09  0.530E-06
TE133
         258
           0
          60
  0.100E-04  0.000E+00  0.170E+08  0.906E-14  0.180E+08  0.980E-13
  0.190E+08  0.630E-12  0.200E+08  0.410E-11  0.210E+08  0.156E-10
  0.220E+08  0.548E-10  0.230E+08  0.170E-09  0.240E+08  0.466E-09
  0.250E+08  0.115E-08  0.260E+08  0.257E-08  0.270E+08  0.523E-08
  0.280E+08  0.995E-08  0.290E+08  0.174E-07  0.300E+08  0.279E-07
  0.310E+08  0.414E-07  0.320E+08  0.568E-07  0.330E+08  0.736E-07
  0.340E+08  0.867E-07  0.350E+08  0.100E-06  0.360E+08  0.110E-06
  0.370E+08  0.116E-06  0.380E+08  0.118E-06  0.390E+08  0.117E-06
  0.400E+08  0.115E-06  0.410E+08  0.111E-06  0.420E+08  0.107E-06
  0.430E+08  0.101E-06  0.440E+08  0.954E-07  0.450E+08  0.896E-07
  0.460E+08  0.917E-07  0.470E+08  0.744E-07  0.480E+08  0.604E-07
  0.490E+08  0.758E-07  0.500E+08  0.701E-07  0.520E+08  0.602E-07
  0.540E+08  0.496E-07  0.560E+08  0.434E-07  0.580E+08  0.391E-07
  0.600E+08  0.372E-07  0.620E+08  0.386E-07  0.640E+08  0.456E-07
  0.660E+08  0.551E-07  0.680E+08  0.657E-07  0.700E+08  0.787E-07
  0.720E+08  0.925E-07  0.740E+08  0.104E-06  0.760E+08  0.112E-06
  0.780E+08  0.126E-06  0.800E+08  0.148E-06  0.820E+08  0.167E-06
  0.840E+08  0.240E-06  0.860E+08  0.341E-06  0.880E+08  0.504E-06
  0.900E+08  0.674E-06  0.920E+08  0.913E-06  0.940E+08  0.118E-05
  0.960E+08  0.134E-05  0.980E+08  0.158E-05  0.100E+09  0.183E-05
TE132
         259
           0
          55
  0.295E+07  0.000E+00  0.220E+08  0.668E-14  0.230E+08  0.229E-12
  0.240E+08  0.215E-11  0.250E+08  0.132E-10  0.260E+08  0.635E-10
  0.270E+08  0.257E-09  0.280E+08  0.742E-09  0.290E+08  0.235E-08
  0.300E+08  0.641E-08  0.310E+08  0.155E-07  0.320E+08  0.301E-07
  0.330E+08  0.607E-07  0.340E+08  0.999E-07  0.350E+08  0.172E-06
  0.360E+08  0.279E-06  0.370E+08  0.426E-06  0.380E+08  0.623E-06
  0.390E+08  0.872E-06  0.400E+08  0.117E-05  0.410E+08  0.152E-05
  0.420E+08  0.187E-05  0.430E+08  0.225E-05  0.440E+08  0.261E-05
  0.450E+08  0.303E-05  0.460E+08  0.354E-05  0.470E+08  0.346E-05
  0.480E+08  0.345E-05  0.490E+08  0.341E-05  0.500E+08  0.337E-05
  0.520E+08  0.322E-05  0.540E+08  0.291E-05  0.560E+08  0.260E-05
  0.580E+08  0.228E-05  0.600E+08  0.199E-05  0.620E+08  0.170E-05
  0.640E+08  0.147E-05  0.660E+08  0.132E-05  0.680E+08  0.116E-05
  0.700E+08  0.108E-05  0.720E+08  0.101E-05  0.740E+08  0.999E-06
  0.760E+08  0.101E-05  0.780E+08  0.119E-05  0.800E+08  0.132E-05
  0.820E+08  0.140E-05  0.840E+08  0.153E-05  0.860E+08  0.163E-05
  0.880E+08  0.171E-05  0.900E+08  0.158E-05  0.920E+08  0.163E-05
  0.940E+08  0.170E-05  0.960E+08  0.175E-05  0.980E+08  0.192E-05
  0.100E+09  0.222E-05
TE131
         260
           0
          47
  0.111E+08  0.000E+00  0.300E+08  0.118E-18  0.310E+08  0.992E-14
  0.320E+08  0.178E-12  0.330E+08  0.216E-11  0.340E+08  0.115E-10
  0.350E+08  0.660E-10  0.360E+08  0.316E-09  0.370E+08  0.129E-08
  0.380E+08  0.459E-08  0.390E+08  0.142E-07  0.400E+08  0.380E-07
  0.410E+08  0.929E-07  0.420E+08  0.242E-06  0.430E+08  0.470E-06
  0.440E+08  0.843E-06  0.450E+08  0.131E-05  0.460E+08  0.217E-05
  0.470E+08  0.302E-05  0.480E+08  0.431E-05  0.490E+08  0.615E-05
  0.500E+08  0.759E-05  0.520E+08  0.103E-04  0.540E+08  0.124E-04
  0.560E+08  0.135E-04  0.580E+08  0.136E-04  0.600E+08  0.131E-04
  0.620E+08  0.119E-04  0.640E+08  0.107E-04  0.660E+08  0.110E-04
  0.680E+08  0.966E-05  0.700E+08  0.868E-05  0.720E+08  0.748E-05
  0.740E+08  0.644E-05  0.760E+08  0.546E-05  0.780E+08  0.518E-05
  0.800E+08  0.455E-05  0.820E+08  0.417E-05  0.840E+08  0.396E-05
  0.860E+08  0.397E-05  0.880E+08  0.418E-05  0.900E+08  0.426E-05
  0.920E+08  0.454E-05  0.940E+08  0.476E-05  0.960E+08  0.500E-05
  0.980E+08  0.517E-05  0.100E+09  0.527E-05
TE130
         261
           0
          40
  0.171E+08  0.000E+00  0.370E+08  0.567E-15  0.380E+08  0.360E-13
  0.390E+08  0.594E-12  0.400E+08  0.519E-11  0.410E+08  0.338E-10
  0.420E+08  0.233E-09  0.430E+08  0.967E-09  0.440E+08  0.290E-08
  0.450E+08  0.109E-07  0.460E+08  0.343E-07  0.470E+08  0.896E-07
  0.480E+08  0.238E-06  0.490E+08  0.626E-06  0.500E+08  0.119E-05
  0.520E+08  0.353E-05  0.540E+08  0.814E-05  0.560E+08  0.154E-04
  0.580E+08  0.251E-04  0.600E+08  0.372E-04  0.620E+08  0.484E-04
  0.640E+08  0.587E-04  0.660E+08  0.671E-04  0.680E+08  0.735E-04
  0.700E+08  0.755E-04  0.720E+08  0.753E-04  0.740E+08  0.741E-04
  0.760E+08  0.751E-04  0.780E+08  0.719E-04  0.800E+08  0.652E-04
  0.820E+08  0.590E-04  0.840E+08  0.525E-04  0.860E+08  0.463E-04
  0.880E+08  0.423E-04  0.900E+08  0.355E-04  0.920E+08  0.319E-04
  0.940E+08  0.297E-04  0.960E+08  0.296E-04  0.980E+08  0.291E-04
  0.100E+09  0.293E-04
TE129
         262
           0
          32
  0.255E+08  0.000E+00  0.450E+08  0.214E-18  0.460E+08  0.243E-15
  0.470E+08  0.103E-13  0.480E+08  0.180E-12  0.490E+08  0.818E-11
  0.500E+08  0.520E-10  0.520E+08  0.124E-08  0.540E+08  0.165E-07
  0.560E+08  0.133E-06  0.580E+08  0.707E-06  0.600E+08  0.202E-05
  0.620E+08  0.601E-05  0.640E+08  0.141E-04  0.660E+08  0.229E-04
  0.680E+08  0.394E-04  0.700E+08  0.550E-04  0.720E+08  0.770E-04
  0.740E+08  0.962E-04  0.760E+08  0.110E-03  0.780E+08  0.122E-03
  0.800E+08  0.129E-03  0.820E+08  0.132E-03  0.840E+08  0.129E-03
  0.860E+08  0.123E-03  0.880E+08  0.128E-03  0.900E+08  0.113E-03
  0.920E+08  0.101E-03  0.940E+08  0.898E-04  0.960E+08  0.830E-04
  0.980E+08  0.742E-04  0.100E+09  0.665E-04
TE128
         263
           0
          26
  0.317E+08  0.000E+00  0.520E+08  0.424E-18  0.540E+08  0.558E-13
  0.560E+08  0.584E-11  0.580E+08  0.198E-09  0.600E+08  0.359E-08
  0.620E+08  0.373E-07  0.640E+08  0.255E-06  0.660E+08  0.777E-06
  0.680E+08  0.278E-05  0.700E+08  0.671E-05  0.720E+08  0.174E-04
  0.740E+08  0.358E-04  0.760E+08  0.563E-04  0.780E+08  0.881E-04
  0.800E+08  0.135E-03  0.820E+08  0.191E-03  0.840E+08  0.252E-03
  0.860E+08  0.310E-03  0.880E+08  0.361E-03  0.900E+08  0.405E-03
  0.920E+08  0.435E-03  0.940E+08  0.461E-03  0.960E+08  0.476E-03
  0.980E+08  0.478E-03  0.100E+09  0.464E-03
TE127
         264
           0
          21
  0.405E+08  0.000E+00  0.620E+08  0.343E-15  0.640E+08  0.921E-13
  0.660E+08  0.191E-11  0.680E+08  0.427E-10  0.700E+08  0.509E-09
  0.720E+08  0.821E-08  0.740E+08  0.582E-07  0.760E+08  0.148E-06
  0.780E+08  0.631E-06  0.800E+08  0.185E-05  0.820E+08  0.577E-05
  0.840E+08  0.148E-04  0.860E+08  0.319E-04  0.880E+08  0.522E-04
  0.900E+08  0.919E-04  0.920E+08  0.140E-03  0.940E+08  0.191E-03
  0.960E+08  0.247E-03  0.980E+08  0.308E-03  0.100E+09  0.359E-03
TE126
         265
           0
          18
  0.468E+08  0.000E+00  0.680E+08  0.106E-19  0.700E+08  0.351E-16
  0.720E+08  0.115E-12  0.740E+08  0.380E-11  0.760E+08  0.275E-10
  0.780E+08  0.400E-09  0.800E+08  0.579E-08  0.820E+08  0.424E-07
  0.840E+08  0.229E-06  0.860E+08  0.983E-06  0.880E+08  0.259E-05
  0.900E+08  0.796E-05  0.920E+08  0.194E-04  0.940E+08  0.412E-04
  0.960E+08  0.746E-04  0.980E+08  0.130E-03  0.100E+09  0.204E-03
TE125
         266
           0
          13
  0.560E+08  0.000E+00  0.780E+08  0.118E-21  0.800E+08  0.660E-17
  0.820E+08  0.110E-14  0.840E+08  0.482E-13  0.860E+08  0.156E-11
  0.880E+08  0.190E-10  0.900E+08  0.270E-09  0.920E+08  0.258E-08
  0.940E+08  0.116E-07  0.960E+08  0.634E-07  0.980E+08  0.293E-06
  0.100E+09  0.106E-05
TE124
         267
           0
           9
  0.626E+08  0.000E+00  0.860E+08  0.682E-20  0.880E+08  0.366E-17
  0.900E+08  0.733E-15  0.920E+08  0.459E-13  0.940E+08  0.141E-11
  0.960E+08  0.252E-10  0.980E+08  0.316E-09  0.100E+09  0.276E-08
TE123
         268
           0
           4
  0.721E+08  0.000E+00  0.960E+08  0.569E-22  0.980E+08  0.107E-18
  0.100E+09  0.221E-16
SB136
         275
           0
          18
  0.477E+08  0.000E+00  0.680E+08  0.757E-34  0.700E+08  0.203E-30
  0.720E+08  0.531E-28  0.740E+08  0.448E-26  0.760E+08  0.178E-24
  0.780E+08  0.351E-23  0.800E+08  0.661E-22  0.820E+08  0.463E-21
  0.840E+08  0.230E-20  0.860E+08  0.148E-19  0.880E+08  0.491E-19
  0.900E+08  0.998E-19  0.920E+08  0.179E-18  0.940E+08  0.305E-18
  0.960E+08  0.491E-18  0.980E+08  0.675E-18  0.100E+09  0.949E-18
SB135
         276
           0
          18
  0.482E+08  0.000E+00  0.680E+08  0.326E-33  0.700E+08  0.500E-30
  0.720E+08  0.858E-28  0.740E+08  0.728E-26  0.760E+08  0.275E-24
  0.780E+08  0.680E-23  0.800E+08  0.182E-21  0.820E+08  0.182E-20
  0.840E+08  0.129E-19  0.860E+08  0.814E-19  0.880E+08  0.369E-18
  0.900E+08  0.135E-17  0.920E+08  0.324E-17  0.940E+08  0.782E-17
  0.960E+08  0.176E-16  0.980E+08  0.362E-16  0.100E+09  0.644E-16
SB134
         277
           0
          29
  0.257E+08  0.000E+00  0.480E+08  0.212E-25  0.490E+08  0.133E-23
  0.500E+08  0.238E-22  0.520E+08  0.226E-20  0.540E+08  0.589E-19
  0.560E+08  0.119E-17  0.580E+08  0.187E-16  0.600E+08  0.126E-15
  0.620E+08  0.570E-15  0.640E+08  0.192E-14  0.660E+08  0.480E-14
  0.680E+08  0.997E-14  0.700E+08  0.209E-13  0.720E+08  0.340E-13
  0.740E+08  0.510E-13  0.760E+08  0.651E-13  0.780E+08  0.721E-13
  0.800E+08  0.754E-13  0.820E+08  0.770E-13  0.840E+08  0.901E-13
  0.860E+08  0.983E-13  0.880E+08  0.127E-12  0.900E+08  0.180E-12
  0.920E+08  0.269E-12  0.940E+08  0.422E-12  0.960E+08  0.624E-12
  0.980E+08  0.104E-11  0.100E+09  0.145E-11
SB133
         278
           0
          29
  0.265E+08  0.000E+00  0.480E+08  0.161E-27  0.490E+08  0.164E-24
  0.500E+08  0.467E-23  0.520E+08  0.402E-21  0.540E+08  0.237E-19
  0.560E+08  0.741E-18  0.580E+08  0.136E-16  0.600E+08  0.134E-15
  0.620E+08  0.103E-14  0.640E+08  0.565E-14  0.660E+08  0.245E-13
  0.680E+08  0.844E-13  0.700E+08  0.273E-12  0.720E+08  0.710E-12
  0.740E+08  0.158E-11  0.760E+08  0.318E-11  0.780E+08  0.566E-11
  0.800E+08  0.960E-11  0.820E+08  0.138E-10  0.840E+08  0.202E-10
  0.860E+08  0.253E-10  0.880E+08  0.293E-10  0.900E+08  0.330E-10
  0.920E+08  0.355E-10  0.940E+08  0.367E-10  0.960E+08  0.376E-10
  0.980E+08  0.337E-10  0.100E+09  0.375E-10
SB132
         279
           0
          46
  0.769E+07  0.000E+00  0.310E+08  0.901E-20  0.320E+08  0.309E-18
  0.330E+08  0.428E-17  0.340E+08  0.356E-16  0.350E+08  0.218E-15
  0.360E+08  0.107E-14  0.370E+08  0.447E-14  0.380E+08  0.137E-13
  0.390E+08  0.401E-13  0.400E+08  0.953E-13  0.410E+08  0.267E-12
  0.420E+08  0.653E-12  0.430E+08  0.155E-11  0.440E+08  0.339E-11
  0.450E+08  0.732E-11  0.460E+08  0.144E-10  0.470E+08  0.251E-10
  0.480E+08  0.446E-10  0.490E+08  0.622E-10  0.500E+08  0.913E-10
  0.520E+08  0.178E-09  0.540E+08  0.325E-09  0.560E+08  0.454E-09
  0.580E+08  0.546E-09  0.600E+08  0.600E-09  0.620E+08  0.544E-09
  0.640E+08  0.530E-09  0.660E+08  0.537E-09  0.680E+08  0.510E-09
  0.700E+08  0.502E-09  0.720E+08  0.469E-09  0.740E+08  0.440E-09
  0.760E+08  0.362E-09  0.780E+08  0.346E-09  0.800E+08  0.368E-09
  0.820E+08  0.373E-09  0.840E+08  0.434E-09  0.860E+08  0.380E-09
  0.880E+08  0.496E-09  0.900E+08  0.535E-09  0.920E+08  0.614E-09
  0.940E+08  0.708E-09  0.960E+08  0.774E-09  0.980E+08  0.839E-09
  0.100E+09  0.881E-09
SB131
         280
           0
          43
  0.113E+08  0.000E+00  0.340E+08  0.106E-23  0.350E+08  0.516E-21
  0.360E+08  0.196E-19  0.370E+08  0.322E-18  0.380E+08  0.450E-17
  0.390E+08  0.327E-16  0.400E+08  0.234E-15  0.410E+08  0.138E-14
  0.420E+08  0.677E-14  0.430E+08  0.310E-13  0.440E+08  0.118E-12
  0.450E+08  0.436E-12  0.460E+08  0.139E-11  0.470E+08  0.338E-11
  0.480E+08  0.949E-11  0.490E+08  0.222E-10  0.500E+08  0.485E-10
  0.520E+08  0.192E-09  0.540E+08  0.532E-09  0.560E+08  0.139E-08
  0.580E+08  0.298E-08  0.600E+08  0.551E-08  0.620E+08  0.811E-08
  0.640E+08  0.115E-07  0.660E+08  0.153E-07  0.680E+08  0.182E-07
  0.700E+08  0.203E-07  0.720E+08  0.215E-07  0.740E+08  0.218E-07
  0.760E+08  0.196E-07  0.780E+08  0.190E-07  0.800E+08  0.191E-07
  0.820E+08  0.204E-07  0.840E+08  0.198E-07  0.860E+08  0.167E-07
  0.880E+08  0.176E-07  0.900E+08  0.155E-07  0.920E+08  0.180E-07
  0.940E+08  0.186E-07  0.960E+08  0.192E-07  0.980E+08  0.204E-07
  0.100E+09  0.214E-07
SB130
         281
           0
          35
  0.191E+08  0.000E+00  0.420E+08  0.364E-24  0.430E+08  0.532E-20
  0.440E+08  0.157E-18  0.450E+08  0.310E-17  0.460E+08  0.370E-16
  0.470E+08  0.381E-15  0.480E+08  0.226E-14  0.490E+08  0.140E-13
  0.500E+08  0.673E-13  0.520E+08  0.931E-12  0.540E+08  0.899E-11
  0.560E+08  0.623E-10  0.580E+08  0.325E-09  0.600E+08  0.128E-08
  0.620E+08  0.379E-08  0.640E+08  0.955E-08  0.660E+08  0.204E-07
  0.680E+08  0.381E-07  0.700E+08  0.588E-07  0.720E+08  0.872E-07
  0.740E+08  0.116E-06  0.760E+08  0.134E-06  0.780E+08  0.153E-06
  0.800E+08  0.174E-06  0.820E+08  0.193E-06  0.840E+08  0.199E-06
  0.860E+08  0.158E-06  0.880E+08  0.160E-06  0.900E+08  0.141E-06
  0.920E+08  0.129E-06  0.940E+08  0.124E-06  0.960E+08  0.119E-06
  0.980E+08  0.115E-06  0.100E+09  0.111E-06
SB129
         282
           0
          29
  0.249E+08  0.000E+00  0.480E+08  0.219E-22  0.490E+08  0.126E-20
  0.500E+08  0.170E-19  0.520E+08  0.145E-16  0.540E+08  0.144E-14
  0.560E+08  0.652E-13  0.580E+08  0.115E-11  0.600E+08  0.124E-10
  0.620E+08  0.925E-10  0.640E+08  0.512E-09  0.660E+08  0.208E-08
  0.680E+08  0.727E-08  0.700E+08  0.179E-07  0.720E+08  0.451E-07
  0.740E+08  0.961E-07  0.760E+08  0.173E-06  0.780E+08  0.295E-06
  0.800E+08  0.464E-06  0.820E+08  0.688E-06  0.840E+08  0.927E-06
  0.860E+08  0.113E-05  0.880E+08  0.133E-05  0.900E+08  0.142E-05
  0.920E+08  0.152E-05  0.940E+08  0.159E-05  0.960E+08  0.164E-05
  0.980E+08  0.165E-05  0.100E+09  0.163E-05
SB128
         283
           0
          23
  0.331E+08  0.000E+00  0.580E+08  0.199E-19  0.600E+08  0.147E-16
  0.620E+08  0.159E-14  0.640E+08  0.617E-13  0.660E+08  0.115E-11
  0.680E+08  0.147E-10  0.700E+08  0.940E-10  0.720E+08  0.632E-09
  0.740E+08  0.291E-08  0.760E+08  0.109E-07  0.780E+08  0.266E-07
  0.800E+08  0.688E-07  0.820E+08  0.167E-06  0.840E+08  0.346E-06
  0.860E+08  0.694E-06  0.880E+08  0.111E-05  0.900E+08  0.167E-05
  0.920E+08  0.225E-05  0.940E+08  0.290E-05  0.960E+08  0.355E-05
  0.980E+08  0.382E-05  0.100E+09  0.426E-05
SB127
         284
           0
          20
  0.391E+08  0.000E+00  0.640E+08  0.474E-21  0.660E+08  0.924E-18
  0.680E+08  0.184E-15  0.700E+08  0.768E-14  0.720E+08  0.259E-12
  0.740E+08  0.371E-11  0.760E+08  0.408E-10  0.780E+08  0.216E-09
  0.800E+08  0.118E-08  0.820E+08  0.571E-08  0.840E+08  0.213E-07
  0.860E+08  0.732E-07  0.880E+08  0.188E-06  0.900E+08  0.465E-06
  0.920E+08  0.899E-06  0.940E+08  0.164E-05  0.960E+08  0.274E-05
  0.980E+08  0.460E-05  0.100E+09  0.669E-05
SB126
         285
           0
          16
  0.475E+08  0.000E+00  0.720E+08  0.235E-24  0.740E+08  0.232E-20
  0.760E+08  0.154E-17  0.780E+08  0.122E-15  0.800E+08  0.716E-14
  0.820E+08  0.179E-12  0.840E+08  0.267E-11  0.860E+08  0.287E-10
  0.880E+08  0.238E-09  0.900E+08  0.176E-08  0.920E+08  0.741E-08
  0.940E+08  0.290E-07  0.960E+08  0.897E-07  0.980E+08  0.305E-06
  0.100E+09  0.690E-06
SB125
         286
           0
          12
  0.538E+08  0.000E+00  0.800E+08  0.860E-21  0.820E+08  0.435E-18
  0.840E+08  0.382E-16  0.860E+08  0.795E-15  0.880E+08  0.255E-13
  0.900E+08  0.600E-12  0.920E+08  0.655E-11  0.940E+08  0.718E-10
  0.960E+08  0.490E-09  0.980E+08  0.258E-08  0.100E+09  0.113E-07
SB124
         287
           0
           8
  0.625E+08  0.000E+00  0.880E+08  0.371E-25  0.900E+08  0.856E-21
  0.920E+08  0.134E-18  0.940E+08  0.278E-16  0.960E+08  0.110E-14
  0.980E+08  0.377E-13  0.100E+09  0.555E-12
SB123
         288
           0
           5
  0.690E+08  0.000E+00  0.940E+08  0.866E-26  0.960E+08  0.581E-23
  0.980E+08  0.453E-20  0.100E+09  0.648E-18
SN135
         467
           0
          10
  0.590E+08  0.000E+00  0.840E+08  0.459E-39  0.860E+08  0.212E-35
  0.880E+08  0.388E-33  0.900E+08  0.669E-31  0.920E+08  0.926E-30
  0.940E+08  0.178E-28  0.960E+08  0.234E-27  0.980E+08  0.224E-26
  0.100E+09  0.191E-25
SN134
         468
           0
          11
  0.592E+08  0.000E+00  0.820E+08  0.488E-41  0.840E+08  0.117E-37
  0.860E+08  0.689E-35  0.880E+08  0.115E-32  0.900E+08  0.104E-30
  0.920E+08  0.239E-29  0.940E+08  0.581E-28  0.960E+08  0.194E-26
  0.980E+08  0.266E-25  0.100E+09  0.226E-24
SN133
         469
           0
          21
  0.370E+08  0.000E+00  0.620E+08  0.940E-35  0.640E+08  0.900E-31
  0.660E+08  0.338E-28  0.680E+08  0.875E-27  0.700E+08  0.530E-25
  0.720E+08  0.148E-23  0.740E+08  0.258E-22  0.760E+08  0.295E-21
  0.780E+08  0.232E-20  0.800E+08  0.173E-19  0.820E+08  0.614E-19
  0.840E+08  0.217E-18  0.860E+08  0.592E-18  0.880E+08  0.135E-17
  0.900E+08  0.266E-17  0.920E+08  0.428E-17  0.940E+08  0.612E-17
  0.960E+08  0.969E-17  0.980E+08  0.139E-16  0.100E+09  0.173E-16
SN132
         470
           0
          21
  0.363E+08  0.000E+00  0.620E+08  0.429E-32  0.640E+08  0.985E-29
  0.660E+08  0.273E-26  0.680E+08  0.211E-24  0.700E+08  0.776E-23
  0.720E+08  0.135E-21  0.740E+08  0.191E-20  0.760E+08  0.137E-19
  0.780E+08  0.114E-18  0.800E+08  0.104E-17  0.820E+08  0.550E-17
  0.840E+08  0.216E-16  0.860E+08  0.703E-16  0.880E+08  0.199E-15
  0.900E+08  0.466E-15  0.920E+08  0.943E-15  0.940E+08  0.225E-14
  0.960E+08  0.401E-14  0.980E+08  0.724E-14  0.100E+09  0.111E-13
SN131
         471
           0
          32
  0.174E+08  0.000E+00  0.450E+08  0.126E-26  0.460E+08  0.700E-25
  0.470E+08  0.171E-23  0.480E+08  0.241E-22  0.490E+08  0.238E-21
  0.500E+08  0.170E-20  0.520E+08  0.546E-19  0.540E+08  0.861E-18
  0.560E+08  0.994E-17  0.580E+08  0.863E-16  0.600E+08  0.465E-15
  0.620E+08  0.195E-14  0.640E+08  0.677E-14  0.660E+08  0.193E-13
  0.680E+08  0.437E-13  0.700E+08  0.814E-13  0.720E+08  0.134E-12
  0.740E+08  0.177E-12  0.760E+08  0.217E-12  0.780E+08  0.260E-12
  0.800E+08  0.308E-12  0.820E+08  0.326E-12  0.840E+08  0.351E-12
  0.860E+08  0.337E-12  0.880E+08  0.474E-12  0.900E+08  0.482E-12
  0.920E+08  0.570E-12  0.940E+08  0.744E-12  0.960E+08  0.961E-12
  0.980E+08  0.147E-11  0.100E+09  0.201E-11
SN130
         472
           0
          30
  0.205E+08  0.000E+00  0.470E+08  0.197E-31  0.480E+08  0.580E-28
  0.490E+08  0.633E-26  0.500E+08  0.193E-24  0.520E+08  0.237E-22
  0.540E+08  0.199E-20  0.560E+08  0.913E-19  0.580E+08  0.390E-17
  0.600E+08  0.525E-16  0.620E+08  0.467E-15  0.640E+08  0.323E-14
  0.660E+08  0.168E-13  0.680E+08  0.690E-13  0.700E+08  0.213E-12
  0.720E+08  0.610E-12  0.740E+08  0.144E-11  0.760E+08  0.287E-11
  0.780E+08  0.546E-11  0.800E+08  0.871E-11  0.820E+08  0.132E-10
  0.840E+08  0.183E-10  0.860E+08  0.223E-10  0.880E+08  0.250E-10
  0.900E+08  0.261E-10  0.920E+08  0.282E-10  0.940E+08  0.293E-10
  0.960E+08  0.299E-10  0.980E+08  0.417E-10  0.100E+09  0.423E-10
SN129
         473
           0
          47
  0.188E+07  0.000E+00  0.300E+08  0.875E-24  0.310E+08  0.230E-21
  0.320E+08  0.288E-20  0.330E+08  0.353E-19  0.340E+08  0.194E-18
  0.350E+08  0.128E-17  0.360E+08  0.718E-17  0.370E+08  0.247E-16
  0.380E+08  0.107E-15  0.390E+08  0.412E-15  0.400E+08  0.142E-14
  0.410E+08  0.444E-14  0.420E+08  0.142E-13  0.430E+08  0.372E-13
  0.440E+08  0.907E-13  0.450E+08  0.205E-12  0.460E+08  0.461E-12
  0.470E+08  0.815E-12  0.480E+08  0.163E-11  0.490E+08  0.338E-11
  0.500E+08  0.542E-11  0.520E+08  0.118E-10  0.540E+08  0.204E-10
  0.560E+08  0.296E-10  0.580E+08  0.320E-10  0.600E+08  0.359E-10
  0.620E+08  0.264E-10  0.640E+08  0.278E-10  0.660E+08  0.259E-10
  0.680E+08  0.232E-10  0.700E+08  0.214E-10  0.720E+08  0.167E-10
  0.740E+08  0.154E-10  0.760E+08  0.148E-10  0.780E+08  0.173E-10
  0.800E+08  0.240E-10  0.820E+08  0.382E-10  0.840E+08  0.629E-10
  0.860E+08  0.102E-09  0.880E+08  0.147E-09  0.900E+08  0.195E-09
  0.920E+08  0.256E-09  0.940E+08  0.310E-09  0.960E+08  0.358E-09
  0.980E+08  0.412E-09  0.100E+09  0.442E-09
SN128
         474
           0
          41
  0.731E+07  0.000E+00  0.360E+08  0.619E-22  0.370E+08  0.538E-20
  0.380E+08  0.102E-18  0.390E+08  0.737E-18  0.400E+08  0.602E-17
  0.410E+08  0.389E-16  0.420E+08  0.232E-15  0.430E+08  0.108E-14
  0.440E+08  0.443E-14  0.450E+08  0.163E-13  0.460E+08  0.567E-13
  0.470E+08  0.179E-12  0.480E+08  0.569E-12  0.490E+08  0.119E-11
  0.500E+08  0.277E-11  0.520E+08  0.123E-10  0.540E+08  0.422E-10
  0.560E+08  0.118E-09  0.580E+08  0.247E-09  0.600E+08  0.479E-09
  0.620E+08  0.763E-09  0.640E+08  0.117E-08  0.660E+08  0.151E-08
  0.680E+08  0.174E-08  0.700E+08  0.185E-08  0.720E+08  0.177E-08
  0.740E+08  0.203E-08  0.760E+08  0.195E-08  0.780E+08  0.241E-08
  0.800E+08  0.226E-08  0.820E+08  0.205E-08  0.840E+08  0.187E-08
  0.860E+08  0.187E-08  0.880E+08  0.173E-08  0.900E+08  0.165E-08
  0.920E+08  0.191E-08  0.940E+08  0.223E-08  0.960E+08  0.274E-08
  0.980E+08  0.346E-08  0.100E+09  0.424E-08
SN127
         475
           0
          33
  0.152E+08  0.000E+00  0.440E+08  0.165E-21  0.450E+08  0.143E-19
  0.460E+08  0.285E-18  0.470E+08  0.413E-17  0.480E+08  0.465E-16
  0.490E+08  0.369E-15  0.500E+08  0.205E-14  0.520E+08  0.437E-13
  0.540E+08  0.559E-12  0.560E+08  0.476E-11  0.580E+08  0.269E-10
  0.600E+08  0.117E-09  0.620E+08  0.449E-09  0.640E+08  0.124E-08
  0.660E+08  0.268E-08  0.680E+08  0.496E-08  0.700E+08  0.716E-08
  0.720E+08  0.996E-08  0.740E+08  0.133E-07  0.760E+08  0.163E-07
  0.780E+08  0.188E-07  0.800E+08  0.207E-07  0.820E+08  0.213E-07
  0.840E+08  0.210E-07  0.860E+08  0.207E-07  0.880E+08  0.189E-07
  0.900E+08  0.164E-07  0.920E+08  0.153E-07  0.940E+08  0.140E-07
  0.960E+08  0.133E-07  0.980E+08  0.123E-07  0.100E+09  0.113E-07
SN126
         476
           0
          26
  0.208E+08  0.000E+00  0.520E+08  0.183E-18  0.540E+08  0.302E-16
  0.560E+08  0.151E-14  0.580E+08  0.365E-13  0.600E+08  0.540E-12
  0.620E+08  0.722E-11  0.640E+08  0.510E-10  0.660E+08  0.244E-09
  0.680E+08  0.934E-09  0.700E+08  0.221E-08  0.720E+08  0.560E-08
  0.740E+08  0.114E-07  0.760E+08  0.223E-07  0.780E+08  0.395E-07
  0.800E+08  0.644E-07  0.820E+08  0.946E-07  0.840E+08  0.127E-06
  0.860E+08  0.158E-06  0.880E+08  0.184E-06  0.900E+08  0.207E-06
  0.920E+08  0.227E-06  0.940E+08  0.239E-06  0.960E+08  0.244E-06
  0.980E+08  0.268E-06  0.100E+09  0.256E-06
SN125
         477
           0
          22
  0.291E+08  0.000E+00  0.600E+08  0.453E-21  0.620E+08  0.362E-17
  0.640E+08  0.272E-15  0.660E+08  0.792E-14  0.680E+08  0.159E-12
  0.700E+08  0.214E-11  0.720E+08  0.194E-10  0.740E+08  0.103E-09
  0.760E+08  0.523E-09  0.780E+08  0.199E-08  0.800E+08  0.665E-08
  0.820E+08  0.181E-07  0.840E+08  0.413E-07  0.860E+08  0.754E-07
  0.880E+08  0.132E-06  0.900E+08  0.223E-06  0.920E+08  0.327E-06
  0.940E+08  0.446E-06  0.960E+08  0.545E-06  0.980E+08  0.658E-06
  0.100E+09  0.735E-06
SN124
         478
           0
          20
  0.349E+08  0.000E+00  0.640E+08  0.200E-23  0.660E+08  0.993E-20
  0.680E+08  0.212E-17  0.700E+08  0.536E-16  0.720E+08  0.246E-14
  0.740E+08  0.411E-13  0.760E+08  0.628E-12  0.780E+08  0.619E-11
  0.800E+08  0.521E-10  0.820E+08  0.205E-09  0.840E+08  0.102E-08
  0.860E+08  0.362E-08  0.880E+08  0.118E-07  0.900E+08  0.368E-07
  0.920E+08  0.860E-07  0.940E+08  0.178E-06  0.960E+08  0.302E-06
  0.980E+08  0.467E-06  0.100E+09  0.733E-06
SN123
         479
           0
          15
  0.434E+08  0.000E+00  0.740E+08  0.247E-23  0.760E+08  0.444E-20
  0.780E+08  0.707E-18  0.800E+08  0.563E-16  0.820E+08  0.835E-15
  0.840E+08  0.190E-13  0.860E+08  0.262E-12  0.880E+08  0.301E-11
  0.900E+08  0.332E-10  0.920E+08  0.216E-09  0.940E+08  0.111E-08
  0.960E+08  0.371E-08  0.980E+08  0.101E-07  0.100E+09  0.300E-07
SN122
         480
           0
          12
  0.494E+08  0.000E+00  0.800E+08  0.206E-24  0.820E+08  0.604E-21
  0.840E+08  0.118E-18  0.860E+08  0.796E-17  0.880E+08  0.315E-15
  0.900E+08  0.449E-14  0.920E+08  0.837E-13  0.940E+08  0.111E-11
  0.960E+08  0.854E-11  0.980E+08  0.448E-10  0.100E+09  0.273E-09
SN121
         481
           0
           7
  0.583E+08  0.000E+00  0.900E+08  0.224E-24  0.920E+08  0.187E-21
  0.940E+08  0.330E-19  0.960E+08  0.178E-17  0.980E+08  0.416E-16
  0.100E+09  0.114E-14
SN120
         482
           0
           4
  0.645E+08  0.000E+00  0.960E+08  0.706E-28  0.980E+08  0.898E-25
  0.100E+09  0.699E-22
IN132
         575
           0
          11
  0.519E+08  0.000E+00  0.820E+08  0.278E-39  0.840E+08  0.699E-36
  0.860E+08  0.409E-33  0.880E+08  0.416E-31  0.900E+08  0.299E-29
  0.920E+08  0.337E-28  0.940E+08  0.568E-27  0.960E+08  0.567E-26
  0.980E+08  0.546E-25  0.100E+09  0.400E-24
IN131
         576
           0
          12
  0.520E+08  0.000E+00  0.800E+08  0.393E-40  0.820E+08  0.347E-36
  0.840E+08  0.145E-33  0.860E+08  0.246E-31  0.880E+08  0.188E-29
  0.900E+08  0.780E-28  0.920E+08  0.131E-26  0.940E+08  0.282E-25
  0.960E+08  0.375E-24  0.980E+08  0.549E-23  0.100E+09  0.369E-22
IN130
         577
           0
          20
  0.322E+08  0.000E+00  0.640E+08  0.402E-32  0.660E+08  0.387E-29
  0.680E+08  0.577E-27  0.700E+08  0.243E-25  0.720E+08  0.824E-24
  0.740E+08  0.188E-22  0.760E+08  0.258E-21  0.780E+08  0.260E-20
  0.800E+08  0.286E-19  0.820E+08  0.204E-18  0.840E+08  0.881E-18
  0.860E+08  0.355E-17  0.880E+08  0.103E-16  0.900E+08  0.255E-16
  0.920E+08  0.515E-16  0.940E+08  0.987E-16  0.960E+08  0.165E-15
  0.980E+08  0.237E-15  0.100E+09  0.337E-15
IN129
         578
           0
          19
  0.341E+08  0.000E+00  0.660E+08  0.475E-35  0.680E+08  0.328E-31
  0.700E+08  0.167E-28  0.720E+08  0.289E-26  0.740E+08  0.222E-24
  0.760E+08  0.757E-23  0.780E+08  0.173E-21  0.800E+08  0.449E-20
  0.820E+08  0.610E-19  0.840E+08  0.378E-18  0.860E+08  0.271E-17
  0.880E+08  0.123E-16  0.900E+08  0.509E-16  0.920E+08  0.163E-15
  0.940E+08  0.493E-15  0.960E+08  0.122E-14  0.980E+08  0.269E-14
  0.100E+09  0.554E-14
IN128
         579
           0
          29
  0.159E+08  0.000E+00  0.480E+08  0.348E-30  0.490E+08  0.675E-29
  0.500E+08  0.662E-27  0.520E+08  0.240E-24  0.540E+08  0.226E-22
  0.560E+08  0.917E-21  0.580E+08  0.185E-19  0.600E+08  0.290E-18
  0.620E+08  0.377E-17  0.640E+08  0.288E-16  0.660E+08  0.153E-15
  0.680E+08  0.681E-15  0.700E+08  0.204E-14  0.720E+08  0.534E-14
  0.740E+08  0.112E-13  0.760E+08  0.210E-13  0.780E+08  0.360E-13
  0.800E+08  0.534E-13  0.820E+08  0.728E-13  0.840E+08  0.942E-13
  0.860E+08  0.926E-13  0.880E+08  0.104E-12  0.900E+08  0.100E-12
  0.920E+08  0.102E-12  0.940E+08  0.104E-12  0.960E+08  0.100E-12
  0.980E+08  0.108E-12  0.100E+09  0.144E-12
IN127
         580
           0
          26
  0.182E+08  0.000E+00  0.520E+08  0.213E-30  0.540E+08  0.105E-26
  0.560E+08  0.328E-24  0.580E+08  0.391E-22  0.600E+08  0.228E-20
  0.620E+08  0.101E-18  0.640E+08  0.185E-17  0.660E+08  0.217E-16
  0.680E+08  0.194E-15  0.700E+08  0.959E-15  0.720E+08  0.482E-14
  0.740E+08  0.238E-13  0.760E+08  0.787E-13  0.780E+08  0.232E-12
  0.800E+08  0.607E-12  0.820E+08  0.144E-11  0.840E+08  0.287E-11
  0.860E+08  0.460E-11  0.880E+08  0.685E-11  0.900E+08  0.931E-11
  0.920E+08  0.122E-10  0.940E+08  0.149E-10  0.960E+08  0.165E-10
  0.980E+08  0.150E-10  0.100E+09  0.177E-10
IN126
         581
           0
          22
  0.254E+08  0.000E+00  0.600E+08  0.113E-26  0.620E+08  0.195E-23
  0.640E+08  0.229E-21  0.660E+08  0.111E-19  0.680E+08  0.314E-18
  0.700E+08  0.356E-17  0.720E+08  0.443E-16  0.740E+08  0.521E-15
  0.760E+08  0.400E-14  0.780E+08  0.243E-13  0.800E+08  0.121E-12
  0.820E+08  0.538E-12  0.840E+08  0.180E-11  0.860E+08  0.495E-11
  0.880E+08  0.107E-10  0.900E+08  0.227E-10  0.920E+08  0.413E-10
  0.940E+08  0.741E-10  0.960E+08  0.106E-09  0.980E+08  0.142E-09
  0.100E+09  0.187E-09
IN125
         582
           0
          20
  0.316E+08  0.000E+00  0.640E+08  0.955E-28  0.660E+08  0.193E-24
  0.680E+08  0.455E-22  0.700E+08  0.184E-20  0.720E+08  0.353E-19
  0.740E+08  0.108E-17  0.760E+08  0.211E-16  0.780E+08  0.284E-15
  0.800E+08  0.248E-14  0.820E+08  0.208E-13  0.840E+08  0.128E-12
  0.860E+08  0.623E-12  0.880E+08  0.227E-11  0.900E+08  0.869E-11
  0.920E+08  0.238E-10  0.940E+08  0.528E-10  0.960E+08  0.108E-09
  0.980E+08  0.235E-09  0.100E+09  0.412E-09
IN124
         583
           0
          16
  0.391E+08  0.000E+00  0.720E+08  0.426E-30  0.740E+08  0.454E-26
  0.760E+08  0.427E-23  0.780E+08  0.705E-21  0.800E+08  0.321E-19
  0.820E+08  0.122E-17  0.840E+08  0.290E-16  0.860E+08  0.762E-15
  0.880E+08  0.793E-14  0.900E+08  0.864E-13  0.920E+08  0.464E-12
  0.940E+08  0.231E-11  0.960E+08  0.807E-11  0.980E+08  0.326E-10
  0.100E+09  0.908E-10
IN123
         584
           0
          13
  0.448E+08  0.000E+00  0.780E+08  0.386E-30  0.800E+08  0.423E-26
  0.820E+08  0.843E-24  0.840E+08  0.193E-21  0.860E+08  0.351E-19
  0.880E+08  0.136E-17  0.900E+08  0.502E-16  0.920E+08  0.657E-15
  0.940E+08  0.787E-14  0.960E+08  0.343E-13  0.980E+08  0.317E-12
  0.100E+09  0.180E-11
IN122
         585
           0
           8
  0.528E+08  0.000E+00  0.880E+08  0.438E-27  0.900E+08  0.847E-24
  0.920E+08  0.128E-21  0.940E+08  0.110E-19  0.960E+08  0.377E-18
  0.980E+08  0.143E-16  0.100E+09  0.267E-15
IN121
         586
           0
           5
  0.586E+08  0.000E+00  0.940E+08  0.704E-29  0.960E+08  0.125E-25
  0.980E+08  0.774E-23  0.100E+09  0.248E-20
CD130
         874
           0
           2
  0.652E+08  0.000E+00  0.100E+09  0.144E-42
CD129
         875
           0
          12
  0.448E+08  0.000E+00  0.800E+08  0.213E-39  0.820E+08  0.563E-36
  0.840E+08  0.406E-34  0.860E+08  0.355E-32  0.880E+08  0.155E-30
  0.900E+08  0.592E-29  0.920E+08  0.114E-27  0.940E+08  0.200E-26
  0.960E+08  0.250E-25  0.980E+08  0.204E-24  0.100E+09  0.134E-23
CD128
         876
           0
          11
  0.472E+08  0.000E+00  0.820E+08  0.122E-39  0.840E+08  0.132E-36
  0.860E+08  0.460E-34  0.880E+08  0.537E-32  0.900E+08  0.301E-30
  0.920E+08  0.887E-29  0.940E+08  0.295E-27  0.960E+08  0.655E-26
  0.980E+08  0.117E-24  0.100E+09  0.117E-23
CD127
         877
           0
          20
  0.265E+08  0.000E+00  0.640E+08  0.768E-35  0.660E+08  0.477E-32
  0.680E+08  0.147E-29  0.700E+08  0.105E-27  0.720E+08  0.502E-26
  0.740E+08  0.159E-24  0.760E+08  0.293E-23  0.780E+08  0.405E-22
  0.800E+08  0.514E-21  0.820E+08  0.519E-20  0.840E+08  0.308E-19
  0.860E+08  0.166E-18  0.880E+08  0.568E-18  0.900E+08  0.177E-17
  0.920E+08  0.456E-17  0.940E+08  0.119E-16  0.960E+08  0.232E-16
  0.980E+08  0.423E-16  0.100E+09  0.681E-16
CD126
         878
           0
          18
  0.305E+08  0.000E+00  0.680E+08  0.485E-34  0.700E+08  0.332E-31
  0.720E+08  0.163E-28  0.740E+08  0.214E-26  0.760E+08  0.109E-24
  0.780E+08  0.334E-23  0.800E+08  0.102E-21  0.820E+08  0.195E-20
  0.840E+08  0.192E-19  0.860E+08  0.181E-18  0.880E+08  0.945E-18
  0.900E+08  0.481E-17  0.920E+08  0.193E-16  0.940E+08  0.616E-16
  0.960E+08  0.184E-15  0.980E+08  0.520E-15  0.100E+09  0.126E-14
CD125
         879
           0
          28
  0.102E+08  0.000E+00  0.480E+08  0.613E-33  0.500E+08  0.168E-30
  0.520E+08  0.309E-27  0.540E+08  0.416E-25  0.560E+08  0.181E-23
  0.580E+08  0.505E-22  0.600E+08  0.109E-20  0.620E+08  0.261E-19
  0.640E+08  0.265E-18  0.660E+08  0.194E-17  0.680E+08  0.110E-16
  0.700E+08  0.291E-16  0.720E+08  0.103E-15  0.740E+08  0.343E-15
  0.760E+08  0.855E-15  0.780E+08  0.187E-14  0.800E+08  0.328E-14
  0.820E+08  0.499E-14  0.840E+08  0.583E-14  0.860E+08  0.697E-14
  0.880E+08  0.887E-14  0.900E+08  0.618E-14  0.920E+08  0.679E-14
  0.940E+08  0.695E-14  0.960E+08  0.717E-14  0.980E+08  0.657E-14
  0.100E+09  0.751E-14
CD124
         880
           0
          24
  0.153E+08  0.000E+00  0.560E+08  0.870E-27  0.580E+08  0.939E-25
  0.600E+08  0.100E-22  0.620E+08  0.987E-21  0.640E+08  0.237E-19
  0.660E+08  0.361E-18  0.680E+08  0.393E-17  0.700E+08  0.171E-16
  0.720E+08  0.109E-15  0.740E+08  0.630E-15  0.760E+08  0.276E-14
  0.780E+08  0.106E-13  0.800E+08  0.324E-13  0.820E+08  0.846E-13
  0.840E+08  0.172E-12  0.860E+08  0.314E-12  0.880E+08  0.615E-12
  0.900E+08  0.976E-12  0.920E+08  0.145E-11  0.940E+08  0.188E-11
  0.960E+08  0.222E-11  0.980E+08  0.234E-11  0.100E+09  0.243E-11
CD123
         881
           0
          21
  0.239E+08  0.000E+00  0.620E+08  0.645E-27  0.640E+08  0.504E-24
  0.660E+08  0.579E-22  0.680E+08  0.133E-20  0.700E+08  0.176E-19
  0.720E+08  0.384E-18  0.740E+08  0.617E-17  0.760E+08  0.701E-16
  0.780E+08  0.620E-15  0.800E+08  0.404E-14  0.820E+08  0.205E-13
  0.840E+08  0.774E-13  0.860E+08  0.168E-12  0.880E+08  0.540E-12
  0.900E+08  0.176E-11  0.920E+08  0.383E-11  0.940E+08  0.761E-11
  0.960E+08  0.113E-10  0.980E+08  0.162E-10  0.100E+09  0.213E-10
CD122
         882
           0
          18
  0.288E+08  0.000E+00  0.680E+08  0.449E-26  0.700E+08  0.491E-24
  0.720E+08  0.648E-22  0.740E+08  0.336E-20  0.760E+08  0.111E-18
  0.780E+08  0.244E-17  0.800E+08  0.367E-16  0.820E+08  0.405E-15
  0.840E+08  0.316E-14  0.860E+08  0.943E-14  0.880E+08  0.553E-13
  0.900E+08  0.411E-12  0.920E+08  0.149E-11  0.940E+08  0.377E-11
  0.960E+08  0.807E-11  0.980E+08  0.183E-10  0.100E+09  0.364E-10
CD121
         883
           0
          14
  0.365E+08  0.000E+00  0.760E+08  0.567E-26  0.780E+08  0.567E-24
  0.800E+08  0.251E-22  0.820E+08  0.184E-20  0.840E+08  0.706E-19
  0.860E+08  0.506E-18  0.880E+08  0.103E-16  0.900E+08  0.334E-15
  0.920E+08  0.348E-14  0.940E+08  0.171E-13  0.960E+08  0.754E-13
  0.980E+08  0.390E-12  0.100E+09  0.160E-11
CD120
         884
           0
          11
  0.416E+08  0.000E+00  0.820E+08  0.117E-26  0.840E+08  0.583E-24
  0.860E+08  0.407E-23  0.880E+08  0.364E-21  0.900E+08  0.454E-19
  0.920E+08  0.129E-17  0.940E+08  0.130E-16  0.960E+08  0.117E-15
  0.980E+08  0.131E-14  0.100E+09  0.112E-13
CD119
         885
           0
           7
  0.498E+08  0.000E+00  0.900E+08  0.301E-29  0.920E+08  0.516E-26
  0.940E+08  0.439E-24  0.960E+08  0.260E-22  0.980E+08  0.135E-20
  0.100E+09  0.477E-19
CD118
         886
           0
           4
  0.551E+08  0.000E+00  0.960E+08  0.192E-29  0.980E+08  0.270E-27
  0.100E+09  0.232E-25
