         116
BA129
          16
           0
          70
  0.104E+08  0.000E+00  0.110E+08  0.560E-02  0.115E+08  0.151E-01
  0.120E+08  0.421E-01  0.125E+08  0.885E-01  0.130E+08  0.154E+00
  0.135E+08  0.287E+00  0.140E+08  0.399E+00  0.145E+08  0.523E+00
  0.150E+08  0.653E+00  0.160E+08  0.911E+00  0.170E+08  0.114E+01
  0.180E+08  0.126E+01  0.190E+08  0.140E+01  0.200E+08  0.145E+01
  0.210E+08  0.136E+01  0.220E+08  0.115E+01  0.230E+08  0.920E+00
  0.240E+08  0.712E+00  0.250E+08  0.547E+00  0.260E+08  0.427E+00
  0.270E+08  0.335E+00  0.280E+08  0.280E+00  0.290E+08  0.241E+00
  0.300E+08  0.213E+00  0.310E+08  0.196E+00  0.320E+08  0.188E+00
  0.330E+08  0.175E+00  0.340E+08  0.164E+00  0.350E+08  0.156E+00
  0.360E+08  0.149E+00  0.370E+08  0.143E+00  0.380E+08  0.138E+00
  0.390E+08  0.133E+00  0.400E+08  0.129E+00  0.410E+08  0.126E+00
  0.420E+08  0.122E+00  0.430E+08  0.119E+00  0.440E+08  0.105E+00
  0.450E+08  0.107E+00  0.460E+08  0.105E+00  0.470E+08  0.103E+00
  0.480E+08  0.101E+00  0.490E+08  0.976E-01  0.500E+08  0.943E-01
  0.520E+08  0.876E-01  0.540E+08  0.849E-01  0.560E+08  0.820E-01
  0.580E+08  0.795E-01  0.600E+08  0.771E-01  0.620E+08  0.749E-01
  0.640E+08  0.754E-01  0.660E+08  0.760E-01  0.680E+08  0.765E-01
  0.700E+08  0.771E-01  0.720E+08  0.750E-01  0.740E+08  0.730E-01
  0.760E+08  0.711E-01  0.780E+08  0.699E-01  0.800E+08  0.688E-01
  0.820E+08  0.671E-01  0.840E+08  0.655E-01  0.860E+08  0.639E-01
  0.880E+08  0.623E-01  0.900E+08  0.596E-01  0.920E+08  0.562E-01
  0.940E+08  0.528E-01  0.960E+08  0.494E-01  0.980E+08  0.483E-01
  0.100E+09  0.476E-01
BA128
          17
           0
          58
  0.181E+08  0.000E+00  0.190E+08  0.658E-03  0.200E+08  0.369E-01
  0.210E+08  0.179E+00  0.220E+08  0.405E+00  0.230E+08  0.646E+00
  0.240E+08  0.854E+00  0.250E+08  0.101E+01  0.260E+08  0.112E+01
  0.270E+08  0.121E+01  0.280E+08  0.125E+01  0.290E+08  0.126E+01
  0.300E+08  0.127E+01  0.310E+08  0.125E+01  0.320E+08  0.124E+01
  0.330E+08  0.123E+01  0.340E+08  0.121E+01  0.350E+08  0.117E+01
  0.360E+08  0.114E+01  0.370E+08  0.108E+01  0.380E+08  0.102E+01
  0.390E+08  0.946E+00  0.400E+08  0.882E+00  0.410E+08  0.811E+00
  0.420E+08  0.744E+00  0.430E+08  0.683E+00  0.440E+08  0.620E+00
  0.450E+08  0.582E+00  0.460E+08  0.538E+00  0.470E+08  0.500E+00
  0.480E+08  0.465E+00  0.490E+08  0.446E+00  0.500E+08  0.418E+00
  0.520E+08  0.366E+00  0.540E+08  0.330E+00  0.560E+08  0.310E+00
  0.580E+08  0.286E+00  0.600E+08  0.266E+00  0.620E+08  0.250E+00
  0.640E+08  0.237E+00  0.660E+08  0.221E+00  0.680E+08  0.211E+00
  0.700E+08  0.206E+00  0.720E+08  0.192E+00  0.740E+08  0.179E+00
  0.760E+08  0.165E+00  0.780E+08  0.155E+00  0.800E+08  0.151E+00
  0.820E+08  0.147E+00  0.840E+08  0.144E+00  0.860E+08  0.140E+00
  0.880E+08  0.136E+00  0.900E+08  0.132E+00  0.920E+08  0.127E+00
  0.940E+08  0.124E+00  0.960E+08  0.127E+00  0.980E+08  0.124E+00
  0.100E+09  0.120E+00
BA127
          37
           0
          47
  0.290E+08  0.000E+00  0.300E+08  0.776E-06  0.310E+08  0.924E-04
  0.320E+08  0.987E-03  0.330E+08  0.467E-02  0.340E+08  0.144E-01
  0.350E+08  0.337E-01  0.360E+08  0.556E-01  0.370E+08  0.945E-01
  0.380E+08  0.143E+00  0.390E+08  0.196E+00  0.400E+08  0.238E+00
  0.410E+08  0.291E+00  0.420E+08  0.339E+00  0.430E+08  0.380E+00
  0.440E+08  0.419E+00  0.450E+08  0.426E+00  0.460E+08  0.434E+00
  0.470E+08  0.433E+00  0.480E+08  0.423E+00  0.490E+08  0.392E+00
  0.500E+08  0.370E+00  0.520E+08  0.321E+00  0.540E+08  0.276E+00
  0.560E+08  0.230E+00  0.580E+08  0.205E+00  0.600E+08  0.180E+00
  0.620E+08  0.160E+00  0.640E+08  0.146E+00  0.660E+08  0.131E+00
  0.680E+08  0.123E+00  0.700E+08  0.116E+00  0.720E+08  0.112E+00
  0.740E+08  0.108E+00  0.760E+08  0.105E+00  0.780E+08  0.101E+00
  0.800E+08  0.965E-01  0.820E+08  0.892E-01  0.840E+08  0.877E-01
  0.860E+08  0.841E-01  0.880E+08  0.810E-01  0.900E+08  0.778E-01
  0.920E+08  0.754E-01  0.940E+08  0.729E-01  0.960E+08  0.696E-01
  0.980E+08  0.675E-01  0.100E+09  0.656E-01
CS130
         103
           0
          84
  0.100E-04  0.000E+00  0.400E+07  0.930E-04  0.450E+07  0.371E-03
  0.500E+07  0.767E-03  0.550E+07  0.128E-02  0.600E+07  0.192E-02
  0.650E+07  0.269E-02  0.700E+07  0.362E-02  0.750E+07  0.482E-02
  0.800E+07  0.622E-02  0.850E+07  0.788E-02  0.900E+07  0.980E-02
  0.950E+07  0.120E-01  0.100E+08  0.144E-01  0.105E+08  0.154E-01
  0.110E+08  0.183E-01  0.115E+08  0.214E-01  0.120E+08  0.245E-01
  0.125E+08  0.274E-01  0.130E+08  0.297E-01  0.135E+08  0.327E-01
  0.140E+08  0.354E-01  0.145E+08  0.367E-01  0.150E+08  0.381E-01
  0.160E+08  0.426E-01  0.170E+08  0.460E-01  0.180E+08  0.492E-01
  0.190E+08  0.503E-01  0.200E+08  0.518E-01  0.210E+08  0.530E-01
  0.220E+08  0.536E-01  0.230E+08  0.541E-01  0.240E+08  0.540E-01
  0.250E+08  0.541E-01  0.260E+08  0.542E-01  0.270E+08  0.540E-01
  0.280E+08  0.536E-01  0.290E+08  0.529E-01  0.300E+08  0.523E-01
  0.310E+08  0.518E-01  0.320E+08  0.516E-01  0.330E+08  0.513E-01
  0.340E+08  0.511E-01  0.350E+08  0.509E-01  0.360E+08  0.506E-01
  0.370E+08  0.504E-01  0.380E+08  0.497E-01  0.390E+08  0.490E-01
  0.400E+08  0.483E-01  0.410E+08  0.477E-01  0.420E+08  0.469E-01
  0.430E+08  0.462E-01  0.440E+08  0.455E-01  0.450E+08  0.445E-01
  0.460E+08  0.434E-01  0.470E+08  0.424E-01  0.480E+08  0.417E-01
  0.490E+08  0.408E-01  0.500E+08  0.399E-01  0.520E+08  0.381E-01
  0.540E+08  0.371E-01  0.560E+08  0.360E-01  0.580E+08  0.349E-01
  0.600E+08  0.339E-01  0.620E+08  0.329E-01  0.640E+08  0.320E-01
  0.660E+08  0.316E-01  0.680E+08  0.311E-01  0.700E+08  0.307E-01
  0.720E+08  0.298E-01  0.740E+08  0.290E-01  0.760E+08  0.282E-01
  0.780E+08  0.279E-01  0.800E+08  0.276E-01  0.820E+08  0.272E-01
  0.840E+08  0.269E-01  0.860E+08  0.266E-01  0.880E+08  0.260E-01
  0.900E+08  0.253E-01  0.920E+08  0.247E-01  0.940E+08  0.242E-01
  0.960E+08  0.236E-01  0.980E+08  0.231E-01  0.100E+09  0.226E-01
XE129
         111
           0
          73
  0.515E+07  0.000E+00  0.950E+07  0.602E-04  0.100E+08  0.913E-04
  0.105E+08  0.967E-04  0.110E+08  0.130E-03  0.115E+08  0.168E-03
  0.120E+08  0.212E-03  0.125E+08  0.251E-03  0.130E+08  0.303E-03
  0.135E+08  0.360E-03  0.140E+08  0.422E-03  0.145E+08  0.401E-03
  0.150E+08  0.476E-03  0.160E+08  0.623E-03  0.170E+08  0.813E-03
  0.180E+08  0.102E-02  0.190E+08  0.110E-02  0.200E+08  0.134E-02
  0.210E+08  0.160E-02  0.220E+08  0.187E-02  0.230E+08  0.217E-02
  0.240E+08  0.234E-02  0.250E+08  0.268E-02  0.260E+08  0.302E-02
  0.270E+08  0.338E-02  0.280E+08  0.375E-02  0.290E+08  0.397E-02
  0.300E+08  0.435E-02  0.310E+08  0.476E-02  0.320E+08  0.514E-02
  0.330E+08  0.555E-02  0.340E+08  0.592E-02  0.350E+08  0.609E-02
  0.360E+08  0.633E-02  0.370E+08  0.653E-02  0.380E+08  0.678E-02
  0.390E+08  0.679E-02  0.400E+08  0.680E-02  0.410E+08  0.683E-02
  0.420E+08  0.679E-02  0.430E+08  0.680E-02  0.440E+08  0.680E-02
  0.450E+08  0.680E-02  0.460E+08  0.684E-02  0.470E+08  0.684E-02
  0.480E+08  0.684E-02  0.490E+08  0.659E-02  0.500E+08  0.659E-02
  0.520E+08  0.623E-02  0.540E+08  0.631E-02  0.560E+08  0.640E-02
  0.580E+08  0.643E-02  0.600E+08  0.643E-02  0.620E+08  0.643E-02
  0.640E+08  0.643E-02  0.660E+08  0.643E-02  0.680E+08  0.643E-02
  0.700E+08  0.643E-02  0.720E+08  0.675E-02  0.740E+08  0.673E-02
  0.760E+08  0.687E-02  0.780E+08  0.685E-02  0.800E+08  0.683E-02
  0.820E+08  0.682E-02  0.840E+08  0.682E-02  0.860E+08  0.680E-02
  0.880E+08  0.678E-02  0.900E+08  0.676E-02  0.920E+08  0.687E-02
  0.940E+08  0.685E-02  0.960E+08  0.681E-02  0.980E+08  0.681E-02
  0.100E+09  0.678E-02
BA126
         121
           0
          39
  0.372E+08  0.000E+00  0.380E+08  0.704E-08  0.390E+08  0.334E-05
  0.400E+08  0.436E-04  0.410E+08  0.368E-03  0.420E+08  0.162E-02
  0.430E+08  0.479E-02  0.440E+08  0.129E-01  0.450E+08  0.208E-01
  0.460E+08  0.348E-01  0.470E+08  0.526E-01  0.480E+08  0.729E-01
  0.490E+08  0.107E+00  0.500E+08  0.129E+00  0.520E+08  0.166E+00
  0.540E+08  0.193E+00  0.560E+08  0.212E+00  0.580E+08  0.213E+00
  0.600E+08  0.213E+00  0.620E+08  0.214E+00  0.640E+08  0.207E+00
  0.660E+08  0.199E+00  0.680E+08  0.189E+00  0.700E+08  0.180E+00
  0.720E+08  0.173E+00  0.740E+08  0.164E+00  0.760E+08  0.146E+00
  0.780E+08  0.133E+00  0.800E+08  0.126E+00  0.820E+08  0.120E+00
  0.840E+08  0.110E+00  0.860E+08  0.104E+00  0.880E+08  0.985E-01
  0.900E+08  0.938E-01  0.920E+08  0.869E-01  0.940E+08  0.829E-01
  0.960E+08  0.788E-01  0.980E+08  0.753E-01  0.100E+09  0.731E-01
BA125
         122
           0
          26
  0.485E+08  0.000E+00  0.520E+08  0.204E-06  0.540E+08  0.508E-05
  0.560E+08  0.691E-04  0.580E+08  0.386E-03  0.600E+08  0.131E-02
  0.620E+08  0.310E-02  0.640E+08  0.494E-02  0.660E+08  0.757E-02
  0.680E+08  0.102E-01  0.700E+08  0.138E-01  0.720E+08  0.180E-01
  0.740E+08  0.227E-01  0.760E+08  0.274E-01  0.780E+08  0.262E-01
  0.800E+08  0.244E-01  0.820E+08  0.238E-01  0.840E+08  0.228E-01
  0.860E+08  0.223E-01  0.880E+08  0.217E-01  0.900E+08  0.212E-01
  0.920E+08  0.201E-01  0.940E+08  0.191E-01  0.960E+08  0.180E-01
  0.980E+08  0.169E-01  0.100E+09  0.168E-01
BA124
         123
           0
          22
  0.573E+08  0.000E+00  0.600E+08  0.508E-09  0.620E+08  0.142E-06
  0.640E+08  0.164E-05  0.660E+08  0.250E-04  0.680E+08  0.708E-04
  0.700E+08  0.238E-03  0.720E+08  0.593E-03  0.740E+08  0.112E-02
  0.760E+08  0.218E-02  0.780E+08  0.291E-02  0.800E+08  0.321E-02
  0.820E+08  0.389E-02  0.840E+08  0.480E-02  0.860E+08  0.515E-02
  0.880E+08  0.566E-02  0.900E+08  0.613E-02  0.920E+08  0.627E-02
  0.940E+08  0.639E-02  0.960E+08  0.672E-02  0.980E+08  0.661E-02
  0.100E+09  0.650E-02
BA123
         124
           0
          16
  0.691E+08  0.000E+00  0.720E+08  0.490E-14  0.740E+08  0.130E-10
  0.760E+08  0.235E-08  0.780E+08  0.109E-06  0.800E+08  0.407E-06
  0.820E+08  0.153E-05  0.840E+08  0.544E-05  0.860E+08  0.153E-04
  0.880E+08  0.353E-04  0.900E+08  0.706E-04  0.920E+08  0.129E-03
  0.940E+08  0.186E-03  0.960E+08  0.305E-03  0.980E+08  0.413E-03
  0.100E+09  0.506E-03
BA122
         125
           0
          11
  0.781E+08  0.000E+00  0.820E+08  0.164E-12  0.840E+08  0.359E-10
  0.860E+08  0.832E-09  0.880E+08  0.101E-07  0.900E+08  0.693E-07
  0.920E+08  0.326E-06  0.940E+08  0.760E-06  0.960E+08  0.324E-05
  0.980E+08  0.632E-05  0.100E+09  0.113E-04
BA121
         126
           0
           5
  0.905E+08  0.000E+00  0.940E+08  0.809E-17  0.960E+08  0.170E-13
  0.980E+08  0.321E-12  0.100E+09  0.205E-11
CS129
         153
           0
          74
  0.486E+07  0.000E+00  0.900E+07  0.484E-08  0.950E+07  0.614E-07
  0.100E+08  0.347E-06  0.105E+08  0.144E-05  0.110E+08  0.480E-05
  0.115E+08  0.316E-02  0.120E+08  0.435E-02  0.125E+08  0.553E-02
  0.130E+08  0.672E-02  0.135E+08  0.829E-02  0.140E+08  0.103E-01
  0.145E+08  0.114E-01  0.150E+08  0.141E-01  0.160E+08  0.202E-01
  0.170E+08  0.263E-01  0.180E+08  0.347E-01  0.190E+08  0.455E-01
  0.200E+08  0.561E-01  0.210E+08  0.669E-01  0.220E+08  0.799E-01
  0.230E+08  0.933E-01  0.240E+08  0.106E+00  0.250E+08  0.119E+00
  0.260E+08  0.130E+00  0.270E+08  0.140E+00  0.280E+08  0.147E+00
  0.290E+08  0.153E+00  0.300E+08  0.157E+00  0.310E+08  0.161E+00
  0.320E+08  0.164E+00  0.330E+08  0.168E+00  0.340E+08  0.168E+00
  0.350E+08  0.168E+00  0.360E+08  0.168E+00  0.370E+08  0.168E+00
  0.380E+08  0.168E+00  0.390E+08  0.168E+00  0.400E+08  0.167E+00
  0.410E+08  0.164E+00  0.420E+08  0.162E+00  0.430E+08  0.160E+00
  0.440E+08  0.158E+00  0.450E+08  0.156E+00  0.460E+08  0.152E+00
  0.470E+08  0.148E+00  0.480E+08  0.144E+00  0.490E+08  0.147E+00
  0.500E+08  0.146E+00  0.520E+08  0.143E+00  0.540E+08  0.140E+00
  0.560E+08  0.135E+00  0.580E+08  0.129E+00  0.600E+08  0.124E+00
  0.620E+08  0.123E+00  0.640E+08  0.122E+00  0.660E+08  0.120E+00
  0.680E+08  0.119E+00  0.700E+08  0.117E+00  0.720E+08  0.116E+00
  0.740E+08  0.115E+00  0.760E+08  0.113E+00  0.780E+08  0.112E+00
  0.800E+08  0.111E+00  0.820E+08  0.111E+00  0.840E+08  0.110E+00
  0.860E+08  0.109E+00  0.880E+08  0.109E+00  0.900E+08  0.108E+00
  0.920E+08  0.108E+00  0.940E+08  0.107E+00  0.960E+08  0.107E+00
  0.980E+08  0.106E+00  0.100E+09  0.105E+00
CS128
         154
           0
          58
  0.146E+08  0.000E+00  0.190E+08  0.145E-08  0.200E+08  0.486E-06
  0.210E+08  0.571E-05  0.220E+08  0.574E-04  0.230E+08  0.262E-03
  0.240E+08  0.112E-02  0.250E+08  0.324E-02  0.260E+08  0.715E-02
  0.270E+08  0.138E-01  0.280E+08  0.217E-01  0.290E+08  0.310E-01
  0.300E+08  0.414E-01  0.310E+08  0.537E-01  0.320E+08  0.637E-01
  0.330E+08  0.721E-01  0.340E+08  0.808E-01  0.350E+08  0.887E-01
  0.360E+08  0.933E-01  0.370E+08  0.992E-01  0.380E+08  0.104E+00
  0.390E+08  0.108E+00  0.400E+08  0.113E+00  0.410E+08  0.115E+00
  0.420E+08  0.117E+00  0.430E+08  0.119E+00  0.440E+08  0.121E+00
  0.450E+08  0.123E+00  0.460E+08  0.125E+00  0.470E+08  0.125E+00
  0.480E+08  0.124E+00  0.490E+08  0.113E+00  0.500E+08  0.110E+00
  0.520E+08  0.104E+00  0.540E+08  0.984E-01  0.560E+08  0.925E-01
  0.580E+08  0.883E-01  0.600E+08  0.921E-01  0.620E+08  0.888E-01
  0.640E+08  0.863E-01  0.660E+08  0.836E-01  0.680E+08  0.875E-01
  0.700E+08  0.839E-01  0.720E+08  0.822E-01  0.740E+08  0.857E-01
  0.760E+08  0.841E-01  0.780E+08  0.828E-01  0.800E+08  0.812E-01
  0.820E+08  0.791E-01  0.840E+08  0.770E-01  0.860E+08  0.769E-01
  0.880E+08  0.760E-01  0.900E+08  0.749E-01  0.920E+08  0.742E-01
  0.940E+08  0.731E-01  0.960E+08  0.714E-01  0.980E+08  0.697E-01
  0.100E+09  0.698E-01
CS127
         155
           0
          50
  0.224E+08  0.000E+00  0.270E+08  0.106E-08  0.280E+08  0.276E-06
  0.290E+08  0.440E-05  0.300E+08  0.335E-04  0.310E+08  0.180E-03
  0.320E+08  0.661E-03  0.330E+08  0.170E-02  0.340E+08  0.394E-02
  0.350E+08  0.965E-02  0.360E+08  0.161E-01  0.370E+08  0.246E-01
  0.380E+08  0.347E-01  0.390E+08  0.459E-01  0.400E+08  0.563E-01
  0.410E+08  0.688E-01  0.420E+08  0.819E-01  0.430E+08  0.953E-01
  0.440E+08  0.111E+00  0.450E+08  0.128E+00  0.460E+08  0.144E+00
  0.470E+08  0.157E+00  0.480E+08  0.171E+00  0.490E+08  0.189E+00
  0.500E+08  0.202E+00  0.520E+08  0.227E+00  0.540E+08  0.236E+00
  0.560E+08  0.238E+00  0.580E+08  0.238E+00  0.600E+08  0.234E+00
  0.620E+08  0.231E+00  0.640E+08  0.232E+00  0.660E+08  0.207E+00
  0.680E+08  0.201E+00  0.700E+08  0.196E+00  0.720E+08  0.190E+00
  0.740E+08  0.177E+00  0.760E+08  0.170E+00  0.780E+08  0.167E+00
  0.800E+08  0.163E+00  0.820E+08  0.156E+00  0.840E+08  0.151E+00
  0.860E+08  0.145E+00  0.880E+08  0.141E+00  0.900E+08  0.138E+00
  0.920E+08  0.136E+00  0.940E+08  0.133E+00  0.960E+08  0.129E+00
  0.980E+08  0.127E+00  0.100E+09  0.130E+00
CS126
         156
           0
          40
  0.325E+08  0.000E+00  0.370E+08  0.730E-12  0.380E+08  0.171E-08
  0.390E+08  0.665E-07  0.400E+08  0.155E-05  0.410E+08  0.110E-04
  0.420E+08  0.555E-04  0.430E+08  0.209E-03  0.440E+08  0.687E-03
  0.450E+08  0.147E-02  0.460E+08  0.352E-02  0.470E+08  0.688E-02
  0.480E+08  0.123E-01  0.490E+08  0.195E-01  0.500E+08  0.295E-01
  0.520E+08  0.539E-01  0.540E+08  0.866E-01  0.560E+08  0.118E+00
  0.580E+08  0.150E+00  0.600E+08  0.178E+00  0.620E+08  0.193E+00
  0.640E+08  0.206E+00  0.660E+08  0.218E+00  0.680E+08  0.220E+00
  0.700E+08  0.195E+00  0.720E+08  0.195E+00  0.740E+08  0.196E+00
  0.760E+08  0.196E+00  0.780E+08  0.189E+00  0.800E+08  0.185E+00
  0.820E+08  0.182E+00  0.840E+08  0.179E+00  0.860E+08  0.176E+00
  0.880E+08  0.172E+00  0.900E+08  0.167E+00  0.920E+08  0.163E+00
  0.940E+08  0.157E+00  0.960E+08  0.151E+00  0.980E+08  0.146E+00
  0.100E+09  0.143E+00
CS125
         157
           0
          31
  0.409E+08  0.000E+00  0.460E+08  0.971E-10  0.470E+08  0.840E-08
  0.480E+08  0.169E-06  0.490E+08  0.412E-06  0.500E+08  0.312E-05
  0.520E+08  0.654E-04  0.540E+08  0.524E-03  0.560E+08  0.220E-02
  0.580E+08  0.695E-02  0.600E+08  0.176E-01  0.620E+08  0.326E-01
  0.640E+08  0.455E-01  0.660E+08  0.813E-01  0.680E+08  0.101E+00
  0.700E+08  0.150E+00  0.720E+08  0.176E+00  0.740E+08  0.196E+00
  0.760E+08  0.208E+00  0.780E+08  0.218E+00  0.800E+08  0.225E+00
  0.820E+08  0.225E+00  0.840E+08  0.225E+00  0.860E+08  0.226E+00
  0.880E+08  0.226E+00  0.900E+08  0.219E+00  0.920E+08  0.215E+00
  0.940E+08  0.212E+00  0.960E+08  0.208E+00  0.980E+08  0.209E+00
  0.100E+09  0.207E+00
CS124
         158
           0
          23
  0.514E+08  0.000E+00  0.580E+08  0.373E-10  0.600E+08  0.166E-07
  0.620E+08  0.422E-06  0.640E+08  0.422E-05  0.660E+08  0.893E-04
  0.680E+08  0.336E-03  0.700E+08  0.132E-02  0.720E+08  0.352E-02
  0.740E+08  0.733E-02  0.760E+08  0.133E-01  0.780E+08  0.203E-01
  0.800E+08  0.293E-01  0.820E+08  0.389E-01  0.840E+08  0.465E-01
  0.860E+08  0.558E-01  0.880E+08  0.632E-01  0.900E+08  0.672E-01
  0.920E+08  0.723E-01  0.940E+08  0.773E-01  0.960E+08  0.823E-01
  0.980E+08  0.829E-01  0.100E+09  0.810E-01
CS123
         159
           0
          19
  0.602E+08  0.000E+00  0.660E+08  0.126E-12  0.680E+08  0.170E-09
  0.700E+08  0.156E-07  0.720E+08  0.402E-06  0.740E+08  0.432E-05
  0.760E+08  0.258E-04  0.780E+08  0.713E-04  0.800E+08  0.229E-03
  0.820E+08  0.580E-03  0.840E+08  0.125E-02  0.860E+08  0.233E-02
  0.880E+08  0.387E-02  0.900E+08  0.577E-02  0.920E+08  0.756E-02
  0.940E+08  0.100E-01  0.960E+08  0.137E-01  0.980E+08  0.175E-01
  0.100E+09  0.188E-01
CS122
         160
           0
          13
  0.712E+08  0.000E+00  0.780E+08  0.101E-13  0.800E+08  0.529E-11
  0.820E+08  0.448E-09  0.840E+08  0.581E-08  0.860E+08  0.829E-07
  0.880E+08  0.634E-06  0.900E+08  0.304E-05  0.920E+08  0.115E-04
  0.940E+08  0.299E-04  0.960E+08  0.887E-04  0.980E+08  0.178E-03
  0.100E+09  0.271E-03
CS121
         161
           0
           9
  0.805E+08  0.000E+00  0.860E+08  0.583E-19  0.880E+08  0.102E-14
  0.900E+08  0.257E-12  0.920E+08  0.172E-10  0.940E+08  0.403E-09
  0.960E+08  0.109E-07  0.980E+08  0.613E-07  0.100E+09  0.182E-06
CS120
         162
           0
           3
  0.919E+08  0.000E+00  0.980E+08  0.159E-20  0.100E+09  0.942E-18
XE128
         174
           0
          58
  0.987E+07  0.000E+00  0.190E+08  0.111E-10  0.200E+08  0.531E-09
  0.210E+08  0.151E-07  0.220E+08  0.163E-06  0.230E+08  0.905E-06
  0.240E+08  0.324E-05  0.250E+08  0.787E-05  0.260E+08  0.146E-04
  0.270E+08  0.298E-04  0.280E+08  0.508E-04  0.290E+08  0.797E-04
  0.300E+08  0.116E-03  0.310E+08  0.164E-03  0.320E+08  0.214E-03
  0.330E+08  0.289E-03  0.340E+08  0.445E-03  0.350E+08  0.661E-03
  0.360E+08  0.990E-03  0.370E+08  0.136E-02  0.380E+08  0.164E-02
  0.390E+08  0.218E-02  0.400E+08  0.271E-02  0.410E+08  0.325E-02
  0.420E+08  0.376E-02  0.430E+08  0.430E-02  0.440E+08  0.485E-02
  0.450E+08  0.539E-02  0.460E+08  0.587E-02  0.470E+08  0.644E-02
  0.480E+08  0.694E-02  0.490E+08  0.752E-02  0.500E+08  0.801E-02
  0.520E+08  0.925E-02  0.540E+08  0.990E-02  0.560E+08  0.105E-01
  0.580E+08  0.110E-01  0.600E+08  0.111E-01  0.620E+08  0.111E-01
  0.640E+08  0.107E-01  0.660E+08  0.103E-01  0.680E+08  0.996E-02
  0.700E+08  0.958E-02  0.720E+08  0.900E-02  0.740E+08  0.889E-02
  0.760E+08  0.860E-02  0.780E+08  0.850E-02  0.800E+08  0.843E-02
  0.820E+08  0.843E-02  0.840E+08  0.844E-02  0.860E+08  0.838E-02
  0.880E+08  0.835E-02  0.900E+08  0.830E-02  0.920E+08  0.813E-02
  0.940E+08  0.809E-02  0.960E+08  0.827E-02  0.980E+08  0.851E-02
  0.100E+09  0.848E-02
XE127
         175
           0
          86
  0.100E-04  0.000E+00  0.300E+07  0.184E-05  0.350E+07  0.842E-05
  0.400E+07  0.195E-04  0.450E+07  0.332E-04  0.500E+07  0.492E-04
  0.550E+07  0.674E-04  0.600E+07  0.881E-04  0.650E+07  0.112E-03
  0.700E+07  0.142E-03  0.750E+07  0.209E-03  0.800E+07  0.268E-03
  0.850E+07  0.349E-03  0.900E+07  0.459E-03  0.950E+07  0.605E-03
  0.100E+08  0.790E-03  0.105E+08  0.102E-02  0.110E+08  0.129E-02
  0.115E+08  0.159E-02  0.120E+08  0.193E-02  0.125E+08  0.229E-02
  0.130E+08  0.270E-02  0.135E+08  0.311E-02  0.140E+08  0.353E-02
  0.145E+08  0.395E-02  0.150E+08  0.435E-02  0.160E+08  0.491E-02
  0.170E+08  0.541E-02  0.180E+08  0.570E-02  0.190E+08  0.579E-02
  0.200E+08  0.603E-02  0.210E+08  0.587E-02  0.220E+08  0.563E-02
  0.230E+08  0.559E-02  0.240E+08  0.530E-02  0.250E+08  0.500E-02
  0.260E+08  0.468E-02  0.270E+08  0.437E-02  0.280E+08  0.405E-02
  0.290E+08  0.375E-02  0.300E+08  0.345E-02  0.310E+08  0.317E-02
  0.320E+08  0.292E-02  0.330E+08  0.277E-02  0.340E+08  0.255E-02
  0.350E+08  0.235E-02  0.360E+08  0.199E-02  0.370E+08  0.184E-02
  0.380E+08  0.171E-02  0.390E+08  0.162E-02  0.400E+08  0.156E-02
  0.410E+08  0.154E-02  0.420E+08  0.155E-02  0.430E+08  0.161E-02
  0.440E+08  0.171E-02  0.450E+08  0.188E-02  0.460E+08  0.212E-02
  0.470E+08  0.230E-02  0.480E+08  0.245E-02  0.490E+08  0.235E-02
  0.500E+08  0.246E-02  0.520E+08  0.268E-02  0.540E+08  0.299E-02
  0.560E+08  0.351E-02  0.580E+08  0.362E-02  0.600E+08  0.424E-02
  0.620E+08  0.485E-02  0.640E+08  0.547E-02  0.660E+08  0.609E-02
  0.680E+08  0.671E-02  0.700E+08  0.733E-02  0.720E+08  0.794E-02
  0.740E+08  0.856E-02  0.760E+08  0.836E-02  0.780E+08  0.808E-02
  0.800E+08  0.800E-02  0.820E+08  0.797E-02  0.840E+08  0.795E-02
  0.860E+08  0.775E-02  0.880E+08  0.752E-02  0.900E+08  0.691E-02
  0.920E+08  0.630E-02  0.940E+08  0.621E-02  0.960E+08  0.592E-02
  0.980E+08  0.579E-02  0.100E+09  0.575E-02
XE126
         176
           0
          71
  0.566E+06  0.000E+00  0.105E+08  0.201E-05  0.110E+08  0.135E-04
  0.115E+08  0.362E-04  0.120E+08  0.744E-04  0.125E+08  0.131E-03
  0.130E+08  0.193E-03  0.135E+08  0.313E-03  0.140E+08  0.472E-03
  0.145E+08  0.685E-03  0.150E+08  0.961E-03  0.160E+08  0.187E-02
  0.170E+08  0.305E-02  0.180E+08  0.466E-02  0.190E+08  0.641E-02
  0.200E+08  0.823E-02  0.210E+08  0.105E-01  0.220E+08  0.130E-01
  0.230E+08  0.148E-01  0.240E+08  0.174E-01  0.250E+08  0.201E-01
  0.260E+08  0.226E-01  0.270E+08  0.256E-01  0.280E+08  0.277E-01
  0.290E+08  0.292E-01  0.300E+08  0.300E-01  0.310E+08  0.306E-01
  0.320E+08  0.282E-01  0.330E+08  0.268E-01  0.340E+08  0.254E-01
  0.350E+08  0.240E-01  0.360E+08  0.226E-01  0.370E+08  0.210E-01
  0.380E+08  0.195E-01  0.390E+08  0.181E-01  0.400E+08  0.172E-01
  0.410E+08  0.163E-01  0.420E+08  0.151E-01  0.430E+08  0.139E-01
  0.440E+08  0.129E-01  0.450E+08  0.122E-01  0.460E+08  0.113E-01
  0.470E+08  0.105E-01  0.480E+08  0.987E-02  0.490E+08  0.946E-02
  0.500E+08  0.906E-02  0.520E+08  0.869E-02  0.540E+08  0.867E-02
  0.560E+08  0.864E-02  0.580E+08  0.862E-02  0.600E+08  0.992E-02
  0.620E+08  0.107E-01  0.640E+08  0.116E-01  0.660E+08  0.123E-01
  0.680E+08  0.131E-01  0.700E+08  0.140E-01  0.720E+08  0.147E-01
  0.740E+08  0.160E-01  0.760E+08  0.174E-01  0.780E+08  0.187E-01
  0.800E+08  0.195E-01  0.820E+08  0.205E-01  0.840E+08  0.214E-01
  0.860E+08  0.224E-01  0.880E+08  0.231E-01  0.900E+08  0.241E-01
  0.920E+08  0.251E-01  0.940E+08  0.254E-01  0.960E+08  0.254E-01
  0.980E+08  0.251E-01  0.100E+09  0.258E-01
XE125
         177
           0
          56
  0.107E+08  0.000E+00  0.210E+08  0.141E-07  0.220E+08  0.125E-05
  0.230E+08  0.907E-05  0.240E+08  0.412E-04  0.250E+08  0.135E-03
  0.260E+08  0.361E-03  0.270E+08  0.802E-03  0.280E+08  0.162E-02
  0.290E+08  0.295E-02  0.300E+08  0.486E-02  0.310E+08  0.760E-02
  0.320E+08  0.119E-01  0.330E+08  0.153E-01  0.340E+08  0.187E-01
  0.350E+08  0.217E-01  0.360E+08  0.242E-01  0.370E+08  0.250E-01
  0.380E+08  0.254E-01  0.390E+08  0.256E-01  0.400E+08  0.257E-01
  0.410E+08  0.245E-01  0.420E+08  0.231E-01  0.430E+08  0.216E-01
  0.440E+08  0.203E-01  0.450E+08  0.189E-01  0.460E+08  0.175E-01
  0.470E+08  0.162E-01  0.480E+08  0.149E-01  0.490E+08  0.141E-01
  0.500E+08  0.133E-01  0.520E+08  0.113E-01  0.540E+08  0.910E-02
  0.560E+08  0.689E-02  0.580E+08  0.608E-02  0.600E+08  0.537E-02
  0.620E+08  0.505E-02  0.640E+08  0.530E-02  0.660E+08  0.643E-02
  0.680E+08  0.768E-02  0.700E+08  0.962E-02  0.720E+08  0.118E-01
  0.740E+08  0.139E-01  0.760E+08  0.157E-01  0.780E+08  0.172E-01
  0.800E+08  0.174E-01  0.820E+08  0.178E-01  0.840E+08  0.184E-01
  0.860E+08  0.190E-01  0.880E+08  0.196E-01  0.900E+08  0.200E-01
  0.920E+08  0.199E-01  0.940E+08  0.199E-01  0.960E+08  0.198E-01
  0.980E+08  0.200E-01  0.100E+09  0.208E-01
XE124
         178
           0
          48
  0.183E+08  0.000E+00  0.290E+08  0.591E-07  0.300E+08  0.183E-05
  0.310E+08  0.148E-04  0.320E+08  0.836E-04  0.330E+08  0.270E-03
  0.340E+08  0.720E-03  0.350E+08  0.164E-02  0.360E+08  0.349E-02
  0.370E+08  0.588E-02  0.380E+08  0.912E-02  0.390E+08  0.130E-01
  0.400E+08  0.150E-01  0.410E+08  0.193E-01  0.420E+08  0.239E-01
  0.430E+08  0.284E-01  0.440E+08  0.338E-01  0.450E+08  0.370E-01
  0.460E+08  0.418E-01  0.470E+08  0.468E-01  0.480E+08  0.519E-01
  0.490E+08  0.541E-01  0.500E+08  0.587E-01  0.520E+08  0.670E-01
  0.540E+08  0.700E-01  0.560E+08  0.689E-01  0.580E+08  0.638E-01
  0.600E+08  0.564E-01  0.620E+08  0.505E-01  0.640E+08  0.470E-01
  0.660E+08  0.420E-01  0.680E+08  0.380E-01  0.700E+08  0.356E-01
  0.720E+08  0.373E-01  0.740E+08  0.384E-01  0.760E+08  0.396E-01
  0.780E+08  0.457E-01  0.800E+08  0.508E-01  0.820E+08  0.575E-01
  0.840E+08  0.651E-01  0.860E+08  0.709E-01  0.880E+08  0.780E-01
  0.900E+08  0.875E-01  0.920E+08  0.896E-01  0.940E+08  0.931E-01
  0.960E+08  0.965E-01  0.980E+08  0.981E-01  0.100E+09  0.959E-01
XE123
         179
           0
          38
  0.289E+08  0.000E+00  0.390E+08  0.729E-12  0.400E+08  0.471E-09
  0.410E+08  0.214E-07  0.420E+08  0.225E-06  0.430E+08  0.104E-05
  0.440E+08  0.471E-05  0.450E+08  0.131E-04  0.460E+08  0.408E-04
  0.470E+08  0.117E-03  0.480E+08  0.301E-03  0.490E+08  0.122E-02
  0.500E+08  0.237E-02  0.520E+08  0.623E-02  0.540E+08  0.139E-01
  0.560E+08  0.217E-01  0.580E+08  0.294E-01  0.600E+08  0.371E-01
  0.620E+08  0.448E-01  0.640E+08  0.525E-01  0.660E+08  0.557E-01
  0.680E+08  0.548E-01  0.700E+08  0.532E-01  0.720E+08  0.515E-01
  0.740E+08  0.496E-01  0.760E+08  0.477E-01  0.780E+08  0.464E-01
  0.800E+08  0.443E-01  0.820E+08  0.421E-01  0.840E+08  0.400E-01
  0.860E+08  0.378E-01  0.880E+08  0.357E-01  0.900E+08  0.352E-01
  0.920E+08  0.383E-01  0.940E+08  0.412E-01  0.960E+08  0.464E-01
  0.980E+08  0.508E-01  0.100E+09  0.518E-01
XE122
         180
           0
          30
  0.368E+08  0.000E+00  0.470E+08  0.347E-14  0.480E+08  0.434E-10
  0.490E+08  0.190E-07  0.500E+08  0.244E-06  0.520E+08  0.722E-05
  0.540E+08  0.148E-03  0.560E+08  0.799E-03  0.580E+08  0.312E-02
  0.600E+08  0.756E-02  0.620E+08  0.147E-01  0.640E+08  0.221E-01
  0.660E+08  0.351E-01  0.680E+08  0.483E-01  0.700E+08  0.627E-01
  0.720E+08  0.722E-01  0.740E+08  0.823E-01  0.760E+08  0.879E-01
  0.780E+08  0.930E-01  0.800E+08  0.983E-01  0.820E+08  0.102E+00
  0.840E+08  0.103E+00  0.860E+08  0.993E-01  0.880E+08  0.965E-01
  0.900E+08  0.936E-01  0.920E+08  0.890E-01  0.940E+08  0.856E-01
  0.960E+08  0.833E-01  0.980E+08  0.811E-01  0.100E+09  0.788E-01
XE121
         181
           0
          22
  0.480E+08  0.000E+00  0.600E+08  0.720E-11  0.620E+08  0.587E-09
  0.640E+08  0.114E-07  0.660E+08  0.369E-06  0.680E+08  0.307E-05
  0.700E+08  0.205E-04  0.720E+08  0.156E-03  0.740E+08  0.505E-03
  0.760E+08  0.922E-03  0.780E+08  0.203E-02  0.800E+08  0.388E-02
  0.820E+08  0.655E-02  0.840E+08  0.981E-02  0.860E+08  0.126E-01
  0.880E+08  0.155E-01  0.900E+08  0.188E-01  0.920E+08  0.213E-01
  0.940E+08  0.236E-01  0.960E+08  0.259E-01  0.980E+08  0.276E-01
  0.100E+09  0.272E-01
XE120
         182
           0
          18
  0.566E+08  0.000E+00  0.680E+08  0.184E-13  0.700E+08  0.217E-10
  0.720E+08  0.195E-08  0.740E+08  0.480E-07  0.760E+08  0.330E-06
  0.780E+08  0.270E-05  0.800E+08  0.146E-04  0.820E+08  0.582E-04
  0.840E+08  0.154E-03  0.860E+08  0.323E-03  0.880E+08  0.507E-03
  0.900E+08  0.985E-03  0.920E+08  0.160E-02  0.940E+08  0.251E-02
  0.960E+08  0.386E-02  0.980E+08  0.491E-02  0.100E+09  0.580E-02
XE119
         183
           0
          12
  0.679E+08  0.000E+00  0.800E+08  0.268E-15  0.820E+08  0.204E-12
  0.840E+08  0.140E-10  0.860E+08  0.107E-09  0.880E+08  0.109E-08
  0.900E+08  0.770E-08  0.920E+08  0.399E-07  0.940E+08  0.156E-06
  0.960E+08  0.870E-06  0.980E+08  0.285E-05  0.100E+09  0.535E-05
XE118
         184
           0
           7
  0.768E+08  0.000E+00  0.900E+08  0.445E-16  0.920E+08  0.139E-13
  0.940E+08  0.335E-12  0.960E+08  0.198E-10  0.980E+08  0.265E-09
  0.100E+09  0.139E-08
I128 
         219
           0
          51
  0.135E+08  0.000E+00  0.260E+08  0.391E-14  0.270E+08  0.190E-12
  0.280E+08  0.221E-11  0.290E+08  0.142E-10  0.300E+08  0.628E-10
  0.310E+08  0.214E-09  0.320E+08  0.490E-09  0.330E+08  0.966E-09
  0.340E+08  0.232E-08  0.350E+08  0.464E-08  0.360E+08  0.853E-08
  0.370E+08  0.146E-07  0.380E+08  0.270E-07  0.390E+08  0.402E-07
  0.400E+08  0.582E-07  0.410E+08  0.782E-07  0.420E+08  0.100E-06
  0.430E+08  0.130E-06  0.440E+08  0.156E-06  0.450E+08  0.197E-06
  0.460E+08  0.192E-06  0.470E+08  0.232E-06  0.480E+08  0.264E-06
  0.490E+08  0.339E-06  0.500E+08  0.398E-06  0.520E+08  0.635E-06
  0.540E+08  0.781E-06  0.560E+08  0.110E-05  0.580E+08  0.163E-05
  0.600E+08  0.197E-05  0.620E+08  0.226E-05  0.640E+08  0.243E-05
  0.660E+08  0.217E-05  0.680E+08  0.217E-05  0.700E+08  0.213E-05
  0.720E+08  0.231E-05  0.740E+08  0.224E-05  0.760E+08  0.222E-05
  0.780E+08  0.213E-05  0.800E+08  0.183E-05  0.820E+08  0.177E-05
  0.840E+08  0.196E-05  0.860E+08  0.151E-05  0.880E+08  0.150E-05
  0.900E+08  0.149E-05  0.920E+08  0.125E-05  0.940E+08  0.125E-05
  0.960E+08  0.121E-05  0.980E+08  0.135E-05  0.100E+09  0.134E-05
I127 
         220
           0
          47
  0.181E+08  0.000E+00  0.300E+08  0.413E-17  0.310E+08  0.156E-14
  0.320E+08  0.395E-13  0.330E+08  0.467E-12  0.340E+08  0.370E-11
  0.350E+08  0.225E-10  0.360E+08  0.104E-09  0.370E+08  0.467E-09
  0.380E+08  0.149E-08  0.390E+08  0.491E-08  0.400E+08  0.126E-07
  0.410E+08  0.279E-07  0.420E+08  0.560E-07  0.430E+08  0.902E-07
  0.440E+08  0.157E-06  0.450E+08  0.267E-06  0.460E+08  0.384E-06
  0.470E+08  0.595E-06  0.480E+08  0.846E-06  0.490E+08  0.107E-05
  0.500E+08  0.143E-05  0.520E+08  0.249E-05  0.540E+08  0.358E-05
  0.560E+08  0.490E-05  0.580E+08  0.677E-05  0.600E+08  0.796E-05
  0.620E+08  0.890E-05  0.640E+08  0.106E-04  0.660E+08  0.121E-04
  0.680E+08  0.142E-04  0.700E+08  0.181E-04  0.720E+08  0.220E-04
  0.740E+08  0.257E-04  0.760E+08  0.299E-04  0.780E+08  0.339E-04
  0.800E+08  0.352E-04  0.820E+08  0.381E-04  0.840E+08  0.444E-04
  0.860E+08  0.439E-04  0.880E+08  0.445E-04  0.900E+08  0.427E-04
  0.920E+08  0.399E-04  0.940E+08  0.394E-04  0.960E+08  0.441E-04
  0.980E+08  0.454E-04  0.100E+09  0.443E-04
I126 
         221
           0
          62
  0.104E+07  0.000E+00  0.150E+08  0.110E-09  0.160E+08  0.241E-08
  0.170E+08  0.145E-07  0.180E+08  0.534E-07  0.190E+08  0.166E-06
  0.200E+08  0.412E-06  0.210E+08  0.912E-06  0.220E+08  0.172E-05
  0.230E+08  0.252E-05  0.240E+08  0.377E-05  0.250E+08  0.590E-05
  0.260E+08  0.876E-05  0.270E+08  0.128E-04  0.280E+08  0.169E-04
  0.290E+08  0.213E-04  0.300E+08  0.251E-04  0.310E+08  0.281E-04
  0.320E+08  0.303E-04  0.330E+08  0.335E-04  0.340E+08  0.355E-04
  0.350E+08  0.353E-04  0.360E+08  0.369E-04  0.370E+08  0.308E-04
  0.380E+08  0.297E-04  0.390E+08  0.286E-04  0.400E+08  0.274E-04
  0.410E+08  0.262E-04  0.420E+08  0.251E-04  0.430E+08  0.240E-04
  0.440E+08  0.229E-04  0.450E+08  0.239E-04  0.460E+08  0.239E-04
  0.470E+08  0.244E-04  0.480E+08  0.234E-04  0.490E+08  0.182E-04
  0.500E+08  0.175E-04  0.520E+08  0.196E-04  0.540E+08  0.208E-04
  0.560E+08  0.192E-04  0.580E+08  0.199E-04  0.600E+08  0.232E-04
  0.620E+08  0.268E-04  0.640E+08  0.287E-04  0.660E+08  0.361E-04
  0.680E+08  0.408E-04  0.700E+08  0.437E-04  0.720E+08  0.454E-04
  0.740E+08  0.472E-04  0.760E+08  0.484E-04  0.780E+08  0.504E-04
  0.800E+08  0.544E-04  0.820E+08  0.582E-04  0.840E+08  0.643E-04
  0.860E+08  0.730E-04  0.880E+08  0.825E-04  0.900E+08  0.899E-04
  0.920E+08  0.988E-04  0.940E+08  0.109E-03  0.960E+08  0.117E-03
  0.980E+08  0.124E-03  0.100E+09  0.129E-03
I125 
         222
           0
          57
  0.599E+07  0.000E+00  0.200E+08  0.936E-13  0.210E+08  0.503E-11
  0.220E+08  0.645E-10  0.230E+08  0.252E-08  0.240E+08  0.231E-07
  0.250E+08  0.121E-06  0.260E+08  0.449E-06  0.270E+08  0.144E-05
  0.280E+08  0.358E-05  0.290E+08  0.781E-05  0.300E+08  0.152E-04
  0.310E+08  0.269E-04  0.320E+08  0.405E-04  0.330E+08  0.631E-04
  0.340E+08  0.935E-04  0.350E+08  0.129E-03  0.360E+08  0.173E-03
  0.370E+08  0.204E-03  0.380E+08  0.257E-03  0.390E+08  0.316E-03
  0.400E+08  0.395E-03  0.410E+08  0.462E-03  0.420E+08  0.528E-03
  0.430E+08  0.589E-03  0.440E+08  0.647E-03  0.450E+08  0.673E-03
  0.460E+08  0.721E-03  0.470E+08  0.764E-03  0.480E+08  0.775E-03
  0.490E+08  0.681E-03  0.500E+08  0.671E-03  0.520E+08  0.611E-03
  0.540E+08  0.603E-03  0.560E+08  0.556E-03  0.580E+08  0.507E-03
  0.600E+08  0.499E-03  0.620E+08  0.466E-03  0.640E+08  0.418E-03
  0.660E+08  0.398E-03  0.680E+08  0.387E-03  0.700E+08  0.378E-03
  0.720E+08  0.405E-03  0.740E+08  0.436E-03  0.760E+08  0.463E-03
  0.780E+08  0.510E-03  0.800E+08  0.562E-03  0.820E+08  0.594E-03
  0.840E+08  0.620E-03  0.860E+08  0.681E-03  0.880E+08  0.698E-03
  0.900E+08  0.709E-03  0.920E+08  0.674E-03  0.940E+08  0.689E-03
  0.960E+08  0.702E-03  0.980E+08  0.724E-03  0.100E+09  0.752E-03
I124 
         223
           0
          47
  0.156E+08  0.000E+00  0.300E+08  0.434E-12  0.310E+08  0.254E-10
  0.320E+08  0.497E-09  0.330E+08  0.396E-08  0.340E+08  0.235E-07
  0.350E+08  0.115E-06  0.360E+08  0.420E-06  0.370E+08  0.132E-05
  0.380E+08  0.362E-05  0.390E+08  0.820E-05  0.400E+08  0.187E-04
  0.410E+08  0.382E-04  0.420E+08  0.712E-04  0.430E+08  0.122E-03
  0.440E+08  0.195E-03  0.450E+08  0.266E-03  0.460E+08  0.392E-03
  0.470E+08  0.543E-03  0.480E+08  0.712E-03  0.490E+08  0.932E-03
  0.500E+08  0.112E-02  0.520E+08  0.142E-02  0.540E+08  0.171E-02
  0.560E+08  0.182E-02  0.580E+08  0.184E-02  0.600E+08  0.182E-02
  0.620E+08  0.175E-02  0.640E+08  0.163E-02  0.660E+08  0.152E-02
  0.680E+08  0.144E-02  0.700E+08  0.137E-02  0.720E+08  0.143E-02
  0.740E+08  0.139E-02  0.760E+08  0.134E-02  0.780E+08  0.132E-02
  0.800E+08  0.133E-02  0.820E+08  0.135E-02  0.840E+08  0.137E-02
  0.860E+08  0.145E-02  0.880E+08  0.154E-02  0.900E+08  0.165E-02
  0.920E+08  0.164E-02  0.940E+08  0.173E-02  0.960E+08  0.181E-02
  0.980E+08  0.180E-02  0.100E+09  0.187E-02
I123 
         224
           0
          40
  0.232E+08  0.000E+00  0.370E+08  0.156E-14  0.380E+08  0.481E-11
  0.390E+08  0.629E-10  0.400E+08  0.788E-09  0.410E+08  0.593E-08
  0.420E+08  0.322E-07  0.430E+08  0.139E-06  0.440E+08  0.480E-06
  0.450E+08  0.142E-05  0.460E+08  0.450E-05  0.470E+08  0.114E-04
  0.480E+08  0.261E-04  0.490E+08  0.596E-04  0.500E+08  0.114E-03
  0.520E+08  0.321E-03  0.540E+08  0.753E-03  0.560E+08  0.131E-02
  0.580E+08  0.210E-02  0.600E+08  0.314E-02  0.620E+08  0.414E-02
  0.640E+08  0.515E-02  0.660E+08  0.622E-02  0.680E+08  0.714E-02
  0.700E+08  0.789E-02  0.720E+08  0.859E-02  0.740E+08  0.925E-02
  0.760E+08  0.944E-02  0.780E+08  0.946E-02  0.800E+08  0.977E-02
  0.820E+08  0.963E-02  0.840E+08  0.924E-02  0.860E+08  0.908E-02
  0.880E+08  0.890E-02  0.900E+08  0.882E-02  0.920E+08  0.861E-02
  0.940E+08  0.889E-02  0.960E+08  0.917E-02  0.980E+08  0.895E-02
  0.100E+09  0.925E-02
I122 
         225
           0
          30
  0.332E+08  0.000E+00  0.470E+08  0.400E-18  0.480E+08  0.470E-14
  0.490E+08  0.107E-10  0.500E+08  0.135E-09  0.520E+08  0.645E-08
  0.540E+08  0.680E-07  0.560E+08  0.603E-06  0.580E+08  0.502E-05
  0.600E+08  0.313E-04  0.620E+08  0.115E-03  0.640E+08  0.317E-03
  0.660E+08  0.911E-03  0.680E+08  0.172E-02  0.700E+08  0.318E-02
  0.720E+08  0.438E-02  0.740E+08  0.636E-02  0.760E+08  0.833E-02
  0.780E+08  0.103E-01  0.800E+08  0.123E-01  0.820E+08  0.143E-01
  0.840E+08  0.162E-01  0.860E+08  0.182E-01  0.880E+08  0.202E-01
  0.900E+08  0.206E-01  0.920E+08  0.201E-01  0.940E+08  0.192E-01
  0.960E+08  0.183E-01  0.980E+08  0.174E-01  0.100E+09  0.169E-01
I121 
         226
           0
          24
  0.411E+08  0.000E+00  0.560E+08  0.425E-13  0.580E+08  0.389E-10
  0.600E+08  0.428E-08  0.620E+08  0.105E-06  0.640E+08  0.941E-06
  0.660E+08  0.138E-04  0.680E+08  0.640E-04  0.700E+08  0.163E-03
  0.720E+08  0.390E-03  0.740E+08  0.108E-02  0.760E+08  0.248E-02
  0.780E+08  0.489E-02  0.800E+08  0.759E-02  0.820E+08  0.122E-01
  0.840E+08  0.176E-01  0.860E+08  0.230E-01  0.880E+08  0.301E-01
  0.900E+08  0.387E-01  0.920E+08  0.451E-01  0.940E+08  0.515E-01
  0.960E+08  0.586E-01  0.980E+08  0.608E-01  0.100E+09  0.626E-01
I120 
         227
           0
          19
  0.516E+08  0.000E+00  0.660E+08  0.322E-15  0.680E+08  0.561E-12
  0.700E+08  0.383E-10  0.720E+08  0.139E-08  0.740E+08  0.305E-07
  0.760E+08  0.318E-06  0.780E+08  0.253E-05  0.800E+08  0.967E-05
  0.820E+08  0.426E-04  0.840E+08  0.142E-03  0.860E+08  0.373E-03
  0.880E+08  0.742E-03  0.900E+08  0.165E-02  0.920E+08  0.306E-02
  0.940E+08  0.526E-02  0.960E+08  0.779E-02  0.980E+08  0.112E-01
  0.100E+09  0.142E-01
I119 
         228
           0
          15
  0.599E+08  0.000E+00  0.740E+08  0.569E-25  0.760E+08  0.753E-15
  0.780E+08  0.533E-12  0.800E+08  0.234E-10  0.820E+08  0.307E-08
  0.840E+08  0.476E-07  0.860E+08  0.431E-06  0.880E+08  0.293E-05
  0.900E+08  0.149E-04  0.920E+08  0.542E-04  0.940E+08  0.163E-03
  0.960E+08  0.356E-03  0.980E+08  0.778E-03  0.100E+09  0.130E-02
I118 
         229
           0
           9
  0.706E+08  0.000E+00  0.860E+08  0.189E-19  0.880E+08  0.110E-15
  0.900E+08  0.359E-13  0.920E+08  0.223E-11  0.940E+08  0.725E-10
  0.960E+08  0.110E-08  0.980E+08  0.118E-07  0.100E+09  0.555E-07
I117 
         230
           0
           4
  0.794E+08  0.000E+00  0.960E+08  0.107E-19  0.980E+08  0.148E-15
  0.100E+09  0.758E-14
TE127
         254
           0
          40
  0.203E+08  0.000E+00  0.370E+08  0.598E-20  0.380E+08  0.445E-18
  0.390E+08  0.130E-16  0.400E+08  0.125E-15  0.410E+08  0.642E-15
  0.420E+08  0.316E-14  0.430E+08  0.149E-13  0.440E+08  0.503E-13
  0.450E+08  0.150E-12  0.460E+08  0.352E-12  0.470E+08  0.892E-12
  0.480E+08  0.196E-11  0.490E+08  0.444E-11  0.500E+08  0.834E-11
  0.520E+08  0.261E-10  0.540E+08  0.574E-10  0.560E+08  0.114E-09
  0.580E+08  0.205E-09  0.600E+08  0.240E-09  0.620E+08  0.355E-09
  0.640E+08  0.425E-09  0.660E+08  0.468E-09  0.680E+08  0.511E-09
  0.700E+08  0.549E-09  0.720E+08  0.614E-09  0.740E+08  0.606E-09
  0.760E+08  0.836E-09  0.780E+08  0.106E-08  0.800E+08  0.125E-08
  0.820E+08  0.155E-08  0.840E+08  0.197E-08  0.860E+08  0.275E-08
  0.880E+08  0.323E-08  0.900E+08  0.390E-08  0.920E+08  0.379E-08
  0.940E+08  0.393E-08  0.960E+08  0.399E-08  0.980E+08  0.424E-08
  0.100E+09  0.366E-08
TE126
         255
           0
          36
  0.243E+08  0.000E+00  0.410E+08  0.975E-21  0.420E+08  0.161E-19
  0.430E+08  0.509E-18  0.440E+08  0.874E-17  0.450E+08  0.110E-15
  0.460E+08  0.996E-15  0.470E+08  0.613E-14  0.480E+08  0.300E-13
  0.490E+08  0.146E-12  0.500E+08  0.478E-12  0.520E+08  0.396E-11
  0.540E+08  0.263E-10  0.560E+08  0.103E-09  0.580E+08  0.366E-09
  0.600E+08  0.911E-09  0.620E+08  0.197E-08  0.640E+08  0.427E-08
  0.660E+08  0.803E-08  0.680E+08  0.139E-07  0.700E+08  0.241E-07
  0.720E+08  0.347E-07  0.740E+08  0.476E-07  0.760E+08  0.569E-07
  0.780E+08  0.661E-07  0.800E+08  0.772E-07  0.820E+08  0.678E-07
  0.840E+08  0.806E-07  0.860E+08  0.902E-07  0.880E+08  0.849E-07
  0.900E+08  0.925E-07  0.920E+08  0.957E-07  0.940E+08  0.107E-06
  0.960E+08  0.126E-06  0.980E+08  0.142E-06  0.100E+09  0.159E-06
TE125
         256
           0
          52
  0.726E+07  0.000E+00  0.250E+08  0.181E-15  0.260E+08  0.133E-13
  0.270E+08  0.158E-12  0.280E+08  0.113E-11  0.290E+08  0.554E-11
  0.300E+08  0.211E-10  0.310E+08  0.668E-10  0.320E+08  0.187E-09
  0.330E+08  0.472E-09  0.340E+08  0.112E-08  0.350E+08  0.230E-08
  0.360E+08  0.421E-08  0.370E+08  0.688E-08  0.380E+08  0.119E-07
  0.390E+08  0.192E-07  0.400E+08  0.253E-07  0.410E+08  0.368E-07
  0.420E+08  0.509E-07  0.430E+08  0.668E-07  0.440E+08  0.885E-07
  0.450E+08  0.122E-06  0.460E+08  0.143E-06  0.470E+08  0.167E-06
  0.480E+08  0.182E-06  0.490E+08  0.140E-06  0.500E+08  0.147E-06
  0.520E+08  0.175E-06  0.540E+08  0.198E-06  0.560E+08  0.213E-06
  0.580E+08  0.253E-06  0.600E+08  0.243E-06  0.620E+08  0.269E-06
  0.640E+08  0.285E-06  0.660E+08  0.307E-06  0.680E+08  0.310E-06
  0.700E+08  0.307E-06  0.720E+08  0.379E-06  0.740E+08  0.379E-06
  0.760E+08  0.393E-06  0.780E+08  0.428E-06  0.800E+08  0.477E-06
  0.820E+08  0.529E-06  0.840E+08  0.630E-06  0.860E+08  0.611E-06
  0.880E+08  0.627E-06  0.900E+08  0.671E-06  0.920E+08  0.691E-06
  0.940E+08  0.717E-06  0.960E+08  0.753E-06  0.980E+08  0.769E-06
  0.100E+09  0.765E-06
TE124
         257
           0
          47
  0.116E+08  0.000E+00  0.300E+08  0.466E-16  0.310E+08  0.159E-14
  0.320E+08  0.304E-13  0.330E+08  0.303E-12  0.340E+08  0.240E-11
  0.350E+08  0.144E-10  0.360E+08  0.618E-10  0.370E+08  0.234E-09
  0.380E+08  0.780E-09  0.390E+08  0.236E-08  0.400E+08  0.536E-08
  0.410E+08  0.126E-07  0.420E+08  0.271E-07  0.430E+08  0.528E-07
  0.440E+08  0.853E-07  0.450E+08  0.160E-06  0.460E+08  0.268E-06
  0.470E+08  0.432E-06  0.480E+08  0.645E-06  0.490E+08  0.911E-06
  0.500E+08  0.126E-05  0.520E+08  0.223E-05  0.540E+08  0.373E-05
  0.560E+08  0.524E-05  0.580E+08  0.721E-05  0.600E+08  0.922E-05
  0.620E+08  0.110E-04  0.640E+08  0.128E-04  0.660E+08  0.148E-04
  0.680E+08  0.157E-04  0.700E+08  0.164E-04  0.720E+08  0.180E-04
  0.740E+08  0.192E-04  0.760E+08  0.198E-04  0.780E+08  0.204E-04
  0.800E+08  0.220E-04  0.820E+08  0.231E-04  0.840E+08  0.255E-04
  0.860E+08  0.258E-04  0.880E+08  0.282E-04  0.900E+08  0.281E-04
  0.920E+08  0.292E-04  0.940E+08  0.303E-04  0.960E+08  0.243E-04
  0.980E+08  0.258E-04  0.100E+09  0.261E-04
TE123
         258
           0
          63
  0.100E-04  0.000E+00  0.145E+08  0.365E-11  0.150E+08  0.195E-10
  0.160E+08  0.132E-09  0.170E+08  0.550E-09  0.180E+08  0.173E-08
  0.190E+08  0.461E-08  0.200E+08  0.128E-07  0.210E+08  0.270E-07
  0.220E+08  0.523E-07  0.230E+08  0.798E-07  0.240E+08  0.139E-06
  0.250E+08  0.231E-06  0.260E+08  0.369E-06  0.270E+08  0.488E-06
  0.280E+08  0.707E-06  0.290E+08  0.970E-06  0.300E+08  0.126E-05
  0.310E+08  0.155E-05  0.320E+08  0.180E-05  0.330E+08  0.222E-05
  0.340E+08  0.234E-05  0.350E+08  0.238E-05  0.360E+08  0.259E-05
  0.370E+08  0.248E-05  0.380E+08  0.239E-05  0.390E+08  0.227E-05
  0.400E+08  0.159E-05  0.410E+08  0.149E-05  0.420E+08  0.140E-05
  0.430E+08  0.131E-05  0.440E+08  0.122E-05  0.450E+08  0.114E-05
  0.460E+08  0.117E-05  0.470E+08  0.109E-05  0.480E+08  0.102E-05
  0.490E+08  0.995E-06  0.500E+08  0.938E-06  0.520E+08  0.902E-06
  0.540E+08  0.120E-05  0.560E+08  0.192E-05  0.580E+08  0.381E-05
  0.600E+08  0.705E-05  0.620E+08  0.119E-04  0.640E+08  0.178E-04
  0.660E+08  0.265E-04  0.680E+08  0.347E-04  0.700E+08  0.425E-04
  0.720E+08  0.502E-04  0.740E+08  0.580E-04  0.760E+08  0.603E-04
  0.780E+08  0.595E-04  0.800E+08  0.513E-04  0.820E+08  0.512E-04
  0.840E+08  0.514E-04  0.860E+08  0.525E-04  0.880E+08  0.516E-04
  0.900E+08  0.511E-04  0.920E+08  0.543E-04  0.940E+08  0.583E-04
  0.960E+08  0.718E-04  0.980E+08  0.781E-04  0.100E+09  0.772E-04
TE122
         259
           0
          55
  0.185E+07  0.000E+00  0.220E+08  0.341E-10  0.230E+08  0.220E-09
  0.240E+08  0.140E-08  0.250E+08  0.612E-08  0.260E+08  0.179E-07
  0.270E+08  0.542E-07  0.280E+08  0.141E-06  0.290E+08  0.326E-06
  0.300E+08  0.678E-06  0.310E+08  0.130E-05  0.320E+08  0.234E-05
  0.330E+08  0.413E-05  0.340E+08  0.634E-05  0.350E+08  0.927E-05
  0.360E+08  0.130E-04  0.370E+08  0.172E-04  0.380E+08  0.228E-04
  0.390E+08  0.294E-04  0.400E+08  0.364E-04  0.410E+08  0.450E-04
  0.420E+08  0.546E-04  0.430E+08  0.647E-04  0.440E+08  0.763E-04
  0.450E+08  0.852E-04  0.460E+08  0.996E-04  0.470E+08  0.108E-03
  0.480E+08  0.115E-03  0.490E+08  0.959E-04  0.500E+08  0.967E-04
  0.520E+08  0.102E-03  0.540E+08  0.100E-03  0.560E+08  0.102E-03
  0.580E+08  0.921E-04  0.600E+08  0.806E-04  0.620E+08  0.725E-04
  0.640E+08  0.714E-04  0.660E+08  0.732E-04  0.680E+08  0.798E-04
  0.700E+08  0.934E-04  0.720E+08  0.120E-03  0.740E+08  0.156E-03
  0.760E+08  0.214E-03  0.780E+08  0.276E-03  0.800E+08  0.385E-03
  0.820E+08  0.467E-03  0.840E+08  0.559E-03  0.860E+08  0.653E-03
  0.880E+08  0.624E-03  0.900E+08  0.682E-03  0.920E+08  0.709E-03
  0.940E+08  0.755E-03  0.960E+08  0.714E-03  0.980E+08  0.713E-03
  0.100E+09  0.697E-03
TE121
         260
           0
          45
  0.118E+08  0.000E+00  0.320E+08  0.106E-11  0.330E+08  0.316E-10
  0.340E+08  0.303E-09  0.350E+08  0.148E-08  0.360E+08  0.695E-08
  0.370E+08  0.249E-07  0.380E+08  0.790E-07  0.390E+08  0.221E-06
  0.400E+08  0.587E-06  0.410E+08  0.135E-05  0.420E+08  0.286E-05
  0.430E+08  0.558E-05  0.440E+08  0.929E-05  0.450E+08  0.148E-04
  0.460E+08  0.248E-04  0.470E+08  0.379E-04  0.480E+08  0.548E-04
  0.490E+08  0.842E-04  0.500E+08  0.107E-03  0.520E+08  0.148E-03
  0.540E+08  0.194E-03  0.560E+08  0.209E-03  0.580E+08  0.228E-03
  0.600E+08  0.231E-03  0.620E+08  0.220E-03  0.640E+08  0.199E-03
  0.660E+08  0.185E-03  0.680E+08  0.166E-03  0.700E+08  0.142E-03
  0.720E+08  0.125E-03  0.740E+08  0.116E-03  0.760E+08  0.126E-03
  0.780E+08  0.123E-03  0.800E+08  0.145E-03  0.820E+08  0.184E-03
  0.840E+08  0.261E-03  0.860E+08  0.388E-03  0.880E+08  0.612E-03
  0.900E+08  0.777E-03  0.920E+08  0.949E-03  0.940E+08  0.117E-02
  0.960E+08  0.133E-02  0.980E+08  0.144E-02  0.100E+09  0.153E-02
TE120
         261
           0
          38
  0.191E+08  0.000E+00  0.390E+08  0.162E-13  0.400E+08  0.128E-11
  0.410E+08  0.303E-10  0.420E+08  0.304E-09  0.430E+08  0.198E-08
  0.440E+08  0.151E-07  0.450E+08  0.486E-07  0.460E+08  0.170E-06
  0.470E+08  0.511E-06  0.480E+08  0.136E-05  0.490E+08  0.380E-05
  0.500E+08  0.785E-05  0.520E+08  0.274E-04  0.540E+08  0.755E-04
  0.560E+08  0.118E-03  0.580E+08  0.232E-03  0.600E+08  0.369E-03
  0.620E+08  0.526E-03  0.640E+08  0.678E-03  0.660E+08  0.919E-03
  0.680E+08  0.115E-02  0.700E+08  0.135E-02  0.720E+08  0.153E-02
  0.740E+08  0.171E-02  0.760E+08  0.191E-02  0.780E+08  0.197E-02
  0.800E+08  0.166E-02  0.820E+08  0.159E-02  0.840E+08  0.153E-02
  0.860E+08  0.146E-02  0.880E+08  0.139E-02  0.900E+08  0.146E-02
  0.920E+08  0.157E-02  0.940E+08  0.179E-02  0.960E+08  0.213E-02
  0.980E+08  0.253E-02  0.100E+09  0.288E-02
TE119
         262
           0
          26
  0.294E+08  0.000E+00  0.520E+08  0.423E-12  0.540E+08  0.101E-09
  0.560E+08  0.205E-08  0.580E+08  0.318E-07  0.600E+08  0.270E-06
  0.620E+08  0.159E-05  0.640E+08  0.521E-05  0.660E+08  0.253E-04
  0.680E+08  0.763E-04  0.700E+08  0.191E-03  0.720E+08  0.362E-03
  0.740E+08  0.672E-03  0.760E+08  0.104E-02  0.780E+08  0.157E-02
  0.800E+08  0.233E-02  0.820E+08  0.280E-02  0.840E+08  0.315E-02
  0.860E+08  0.321E-02  0.880E+08  0.330E-02  0.900E+08  0.336E-02
  0.920E+08  0.328E-02  0.940E+08  0.315E-02  0.960E+08  0.298E-02
  0.980E+08  0.272E-02  0.100E+09  0.259E-02
TE118
         263
           0
          23
  0.371E+08  0.000E+00  0.580E+08  0.220E-14  0.600E+08  0.347E-11
  0.620E+08  0.278E-09  0.640E+08  0.431E-08  0.660E+08  0.130E-06
  0.680E+08  0.120E-05  0.700E+08  0.762E-05  0.720E+08  0.256E-04
  0.740E+08  0.909E-04  0.760E+08  0.181E-03  0.780E+08  0.453E-03
  0.800E+08  0.110E-02  0.820E+08  0.193E-02  0.840E+08  0.304E-02
  0.860E+08  0.392E-02  0.880E+08  0.545E-02  0.900E+08  0.724E-02
  0.920E+08  0.869E-02  0.940E+08  0.104E-01  0.960E+08  0.119E-01
  0.980E+08  0.127E-01  0.100E+09  0.133E-01
TE117
         264
           0
          18
  0.478E+08  0.000E+00  0.680E+08  0.133E-18  0.700E+08  0.172E-14
  0.720E+08  0.250E-12  0.740E+08  0.122E-10  0.760E+08  0.106E-09
  0.780E+08  0.188E-08  0.800E+08  0.387E-07  0.820E+08  0.298E-06
  0.840E+08  0.169E-05  0.860E+08  0.544E-05  0.880E+08  0.158E-04
  0.900E+08  0.523E-04  0.920E+08  0.123E-03  0.940E+08  0.278E-03
  0.960E+08  0.933E-03  0.980E+08  0.150E-02  0.100E+09  0.207E-02
TE116
         265
           0
          13
  0.557E+08  0.000E+00  0.780E+08  0.580E-18  0.800E+08  0.504E-14
  0.820E+08  0.305E-11  0.840E+08  0.107E-09  0.860E+08  0.119E-08
  0.880E+08  0.148E-07  0.900E+08  0.141E-06  0.920E+08  0.761E-06
  0.940E+08  0.373E-05  0.960E+08  0.256E-04  0.980E+08  0.714E-04
  0.100E+09  0.143E-03
TE115
         266
           0
           7
  0.669E+08  0.000E+00  0.900E+08  0.111E-18  0.920E+08  0.353E-16
  0.940E+08  0.545E-14  0.960E+08  0.123E-11  0.980E+08  0.247E-10
  0.100E+09  0.188E-09
TE114
         267
           0
           4
  0.755E+08  0.000E+00  0.960E+08  0.442E-24  0.980E+08  0.223E-19
  0.100E+09  0.320E-17
SB126
         275
           0
          28
  0.295E+08  0.000E+00  0.490E+08  0.339E-27  0.500E+08  0.543E-25
  0.520E+08  0.314E-22  0.540E+08  0.921E-20  0.560E+08  0.307E-18
  0.580E+08  0.573E-17  0.600E+08  0.543E-16  0.620E+08  0.497E-15
  0.640E+08  0.228E-14  0.660E+08  0.990E-14  0.680E+08  0.355E-13
  0.700E+08  0.105E-12  0.720E+08  0.265E-12  0.740E+08  0.524E-12
  0.760E+08  0.131E-11  0.780E+08  0.168E-11  0.800E+08  0.260E-11
  0.820E+08  0.371E-11  0.840E+08  0.512E-11  0.860E+08  0.606E-11
  0.880E+08  0.740E-11  0.900E+08  0.773E-11  0.920E+08  0.798E-11
  0.940E+08  0.869E-11  0.960E+08  0.672E-11  0.980E+08  0.684E-11
  0.100E+09  0.647E-11
SB125
         276
           0
          25
  0.335E+08  0.000E+00  0.540E+08  0.714E-25  0.560E+08  0.400E-22
  0.580E+08  0.587E-20  0.600E+08  0.364E-18  0.620E+08  0.578E-17
  0.640E+08  0.977E-16  0.660E+08  0.100E-14  0.680E+08  0.749E-14
  0.700E+08  0.460E-13  0.720E+08  0.204E-12  0.740E+08  0.778E-12
  0.760E+08  0.187E-11  0.780E+08  0.393E-11  0.800E+08  0.980E-11
  0.820E+08  0.236E-10  0.840E+08  0.495E-10  0.860E+08  0.848E-10
  0.880E+08  0.125E-09  0.900E+08  0.186E-09  0.920E+08  0.255E-09
  0.940E+08  0.352E-09  0.960E+08  0.455E-09  0.980E+08  0.541E-09
  0.100E+09  0.659E-09
SB124
         277
           0
          39
  0.160E+08  0.000E+00  0.380E+08  0.371E-21  0.390E+08  0.668E-19
  0.400E+08  0.111E-17  0.410E+08  0.121E-16  0.420E+08  0.964E-16
  0.430E+08  0.605E-15  0.440E+08  0.316E-14  0.450E+08  0.152E-13
  0.460E+08  0.509E-13  0.470E+08  0.163E-12  0.480E+08  0.450E-12
  0.490E+08  0.108E-11  0.500E+08  0.246E-11  0.520E+08  0.134E-10
  0.540E+08  0.461E-10  0.560E+08  0.117E-09  0.580E+08  0.277E-09
  0.600E+08  0.485E-09  0.620E+08  0.739E-09  0.640E+08  0.125E-08
  0.660E+08  0.181E-08  0.680E+08  0.223E-08  0.700E+08  0.247E-08
  0.720E+08  0.275E-08  0.740E+08  0.241E-08  0.760E+08  0.252E-08
  0.780E+08  0.289E-08  0.800E+08  0.231E-08  0.820E+08  0.241E-08
  0.840E+08  0.276E-08  0.860E+08  0.288E-08  0.880E+08  0.298E-08
  0.900E+08  0.381E-08  0.920E+08  0.527E-08  0.940E+08  0.608E-08
  0.960E+08  0.695E-08  0.980E+08  0.805E-08  0.100E+09  0.792E-08
SB123
         278
           0
          35
  0.203E+08  0.000E+00  0.420E+08  0.186E-22  0.430E+08  0.218E-20
  0.440E+08  0.762E-19  0.450E+08  0.862E-18  0.460E+08  0.142E-16
  0.470E+08  0.123E-15  0.480E+08  0.815E-15  0.490E+08  0.101E-13
  0.500E+08  0.396E-13  0.520E+08  0.433E-12  0.540E+08  0.381E-11
  0.560E+08  0.211E-10  0.580E+08  0.106E-09  0.600E+08  0.423E-09
  0.620E+08  0.119E-08  0.640E+08  0.331E-08  0.660E+08  0.761E-08
  0.680E+08  0.157E-07  0.700E+08  0.293E-07  0.720E+08  0.471E-07
  0.740E+08  0.722E-07  0.760E+08  0.103E-06  0.780E+08  0.125E-06
  0.800E+08  0.158E-06  0.820E+08  0.192E-06  0.840E+08  0.180E-06
  0.860E+08  0.184E-06  0.880E+08  0.195E-06  0.900E+08  0.202E-06
  0.920E+08  0.195E-06  0.940E+08  0.202E-06  0.960E+08  0.234E-06
  0.980E+08  0.242E-06  0.100E+09  0.244E-06
SB122
         279
           0
          50
  0.306E+07  0.000E+00  0.270E+08  0.255E-15  0.280E+08  0.578E-14
  0.290E+08  0.524E-13  0.300E+08  0.305E-12  0.310E+08  0.135E-11
  0.320E+08  0.498E-11  0.330E+08  0.165E-10  0.340E+08  0.481E-10
  0.350E+08  0.122E-09  0.360E+08  0.232E-09  0.370E+08  0.470E-09
  0.380E+08  0.963E-09  0.390E+08  0.185E-08  0.400E+08  0.346E-08
  0.410E+08  0.589E-08  0.420E+08  0.955E-08  0.430E+08  0.148E-07
  0.440E+08  0.217E-07  0.450E+08  0.335E-07  0.460E+08  0.467E-07
  0.470E+08  0.611E-07  0.480E+08  0.754E-07  0.490E+08  0.808E-07
  0.500E+08  0.933E-07  0.520E+08  0.120E-06  0.540E+08  0.140E-06
  0.560E+08  0.127E-06  0.580E+08  0.122E-06  0.600E+08  0.113E-06
  0.620E+08  0.770E-07  0.640E+08  0.674E-07  0.660E+08  0.697E-07
  0.680E+08  0.596E-07  0.700E+08  0.546E-07  0.720E+08  0.584E-07
  0.740E+08  0.737E-07  0.760E+08  0.108E-06  0.780E+08  0.151E-06
  0.800E+08  0.254E-06  0.820E+08  0.377E-06  0.840E+08  0.575E-06
  0.860E+08  0.743E-06  0.880E+08  0.954E-06  0.900E+08  0.113E-05
  0.920E+08  0.123E-05  0.940E+08  0.156E-05  0.960E+08  0.166E-05
  0.980E+08  0.173E-05  0.100E+09  0.176E-05
SB121
         280
           0
          46
  0.768E+07  0.000E+00  0.310E+08  0.284E-19  0.320E+08  0.186E-16
  0.330E+08  0.370E-15  0.340E+08  0.463E-14  0.350E+08  0.240E-13
  0.360E+08  0.168E-12  0.370E+08  0.101E-11  0.380E+08  0.511E-11
  0.390E+08  0.225E-10  0.400E+08  0.868E-10  0.410E+08  0.275E-09
  0.420E+08  0.780E-09  0.430E+08  0.200E-08  0.440E+08  0.476E-08
  0.450E+08  0.108E-07  0.460E+08  0.224E-07  0.470E+08  0.426E-07
  0.480E+08  0.710E-07  0.490E+08  0.991E-07  0.500E+08  0.159E-06
  0.520E+08  0.379E-06  0.540E+08  0.765E-06  0.560E+08  0.108E-05
  0.580E+08  0.177E-05  0.600E+08  0.266E-05  0.620E+08  0.351E-05
  0.640E+08  0.480E-05  0.660E+08  0.601E-05  0.680E+08  0.612E-05
  0.700E+08  0.624E-05  0.720E+08  0.646E-05  0.740E+08  0.634E-05
  0.760E+08  0.639E-05  0.780E+08  0.639E-05  0.800E+08  0.622E-05
  0.820E+08  0.533E-05  0.840E+08  0.518E-05  0.860E+08  0.532E-05
  0.880E+08  0.440E-05  0.900E+08  0.533E-05  0.920E+08  0.632E-05
  0.940E+08  0.749E-05  0.960E+08  0.909E-05  0.980E+08  0.110E-04
  0.100E+09  0.129E-04
SB120
         281
           0
          36
  0.170E+08  0.000E+00  0.410E+08  0.199E-17  0.420E+08  0.141E-15
  0.430E+08  0.235E-14  0.440E+08  0.206E-13  0.450E+08  0.150E-12
  0.460E+08  0.112E-11  0.470E+08  0.536E-11  0.480E+08  0.258E-10
  0.490E+08  0.169E-09  0.500E+08  0.498E-09  0.520E+08  0.377E-08
  0.540E+08  0.160E-07  0.560E+08  0.526E-07  0.580E+08  0.213E-06
  0.600E+08  0.688E-06  0.620E+08  0.170E-05  0.640E+08  0.332E-05
  0.660E+08  0.648E-05  0.680E+08  0.991E-05  0.700E+08  0.142E-04
  0.720E+08  0.192E-04  0.740E+08  0.239E-04  0.760E+08  0.264E-04
  0.780E+08  0.289E-04  0.800E+08  0.307E-04  0.820E+08  0.285E-04
  0.840E+08  0.276E-04  0.860E+08  0.276E-04  0.880E+08  0.277E-04
  0.900E+08  0.258E-04  0.920E+08  0.248E-04  0.940E+08  0.236E-04
  0.960E+08  0.229E-04  0.980E+08  0.239E-04  0.100E+09  0.255E-04
SB119
         282
           0
          29
  0.241E+08  0.000E+00  0.480E+08  0.124E-17  0.490E+08  0.993E-16
  0.500E+08  0.220E-14  0.520E+08  0.216E-12  0.540E+08  0.613E-11
  0.560E+08  0.701E-10  0.580E+08  0.885E-09  0.600E+08  0.777E-08
  0.620E+08  0.418E-07  0.640E+08  0.183E-06  0.660E+08  0.766E-06
  0.680E+08  0.223E-05  0.700E+08  0.562E-05  0.720E+08  0.120E-04
  0.740E+08  0.232E-04  0.760E+08  0.396E-04  0.780E+08  0.610E-04
  0.800E+08  0.968E-04  0.820E+08  0.130E-03  0.840E+08  0.168E-03
  0.860E+08  0.209E-03  0.880E+08  0.247E-03  0.900E+08  0.291E-03
  0.920E+08  0.313E-03  0.940E+08  0.338E-03  0.960E+08  0.345E-03
  0.980E+08  0.349E-03  0.100E+09  0.335E-03
SB118
         283
           0
          23
  0.337E+08  0.000E+00  0.580E+08  0.216E-18  0.600E+08  0.126E-14
  0.620E+08  0.172E-12  0.640E+08  0.426E-11  0.660E+08  0.189E-09
  0.680E+08  0.194E-08  0.700E+08  0.136E-07  0.720E+08  0.643E-07
  0.740E+08  0.313E-06  0.760E+08  0.118E-05  0.780E+08  0.372E-05
  0.800E+08  0.107E-04  0.820E+08  0.256E-04  0.840E+08  0.523E-04
  0.860E+08  0.779E-04  0.880E+08  0.133E-03  0.900E+08  0.227E-03
  0.920E+08  0.313E-03  0.940E+08  0.413E-03  0.960E+08  0.541E-03
  0.980E+08  0.647E-03  0.100E+09  0.705E-03
SB117
         284
           0
          19
  0.412E+08  0.000E+00  0.660E+08  0.431E-17  0.680E+08  0.302E-14
  0.700E+08  0.159E-12  0.720E+08  0.511E-11  0.740E+08  0.108E-09
  0.760E+08  0.129E-08  0.780E+08  0.111E-07  0.800E+08  0.442E-07
  0.820E+08  0.248E-06  0.840E+08  0.105E-05  0.860E+08  0.272E-05
  0.880E+08  0.838E-05  0.900E+08  0.229E-04  0.920E+08  0.489E-04
  0.940E+08  0.101E-03  0.960E+08  0.211E-03  0.980E+08  0.349E-03
  0.100E+09  0.489E-03
SB116
         285
           0
          14
  0.511E+08  0.000E+00  0.760E+08  0.235E-18  0.780E+08  0.480E-16
  0.800E+08  0.313E-14  0.820E+08  0.439E-12  0.840E+08  0.133E-10
  0.860E+08  0.170E-09  0.880E+08  0.175E-08  0.900E+08  0.898E-08
  0.920E+08  0.472E-07  0.940E+08  0.214E-06  0.960E+08  0.968E-06
  0.980E+08  0.309E-05  0.100E+09  0.690E-05
SB115
         286
           0
          10
  0.591E+08  0.000E+00  0.840E+08  0.547E-20  0.860E+08  0.640E-17
  0.880E+08  0.136E-14  0.900E+08  0.604E-13  0.920E+08  0.691E-12
  0.940E+08  0.138E-10  0.960E+08  0.181E-09  0.980E+08  0.161E-08
  0.100E+09  0.707E-08
SB114
         287
           0
           5
  0.696E+08  0.000E+00  0.940E+08  0.174E-24  0.960E+08  0.327E-20
  0.980E+08  0.104E-16  0.100E+09  0.416E-15
SN125
         467
           0
          22
  0.373E+08  0.000E+00  0.600E+08  0.552E-33  0.620E+08  0.254E-29
  0.640E+08  0.190E-27  0.660E+08  0.872E-26  0.680E+08  0.567E-24
  0.700E+08  0.189E-22  0.720E+08  0.381E-21  0.740E+08  0.474E-20
  0.760E+08  0.583E-19  0.780E+08  0.194E-18  0.800E+08  0.112E-17
  0.820E+08  0.526E-17  0.840E+08  0.209E-16  0.860E+08  0.494E-16
  0.880E+08  0.159E-15  0.900E+08  0.426E-15  0.920E+08  0.763E-15
  0.940E+08  0.153E-14  0.960E+08  0.284E-14  0.980E+08  0.447E-14
  0.100E+09  0.774E-14
SN124
         468
           0
          20
  0.409E+08  0.000E+00  0.640E+08  0.166E-34  0.660E+08  0.347E-30
  0.680E+08  0.943E-27  0.700E+08  0.135E-24  0.720E+08  0.753E-23
  0.740E+08  0.232E-21  0.760E+08  0.289E-20  0.780E+08  0.222E-19
  0.800E+08  0.245E-18  0.820E+08  0.280E-17  0.840E+08  0.185E-16
  0.860E+08  0.805E-16  0.880E+08  0.309E-15  0.900E+08  0.107E-14
  0.920E+08  0.325E-14  0.940E+08  0.912E-14  0.960E+08  0.258E-13
  0.980E+08  0.552E-13  0.100E+09  0.109E-12
SN123
         469
           0
          28
  0.232E+08  0.000E+00  0.490E+08  0.255E-26  0.500E+08  0.144E-24
  0.520E+08  0.866E-22  0.540E+08  0.657E-20  0.560E+08  0.178E-18
  0.580E+08  0.310E-17  0.600E+08  0.308E-16  0.620E+08  0.198E-15
  0.640E+08  0.149E-14  0.660E+08  0.859E-14  0.680E+08  0.329E-13
  0.700E+08  0.104E-12  0.720E+08  0.237E-12  0.740E+08  0.502E-12
  0.760E+08  0.881E-12  0.780E+08  0.165E-11  0.800E+08  0.283E-11
  0.820E+08  0.504E-11  0.840E+08  0.690E-11  0.860E+08  0.790E-11
  0.880E+08  0.765E-11  0.900E+08  0.923E-11  0.920E+08  0.111E-10
  0.940E+08  0.120E-10  0.960E+08  0.121E-10  0.980E+08  0.123E-10
  0.100E+09  0.116E-10
SN122
         470
           0
          26
  0.269E+08  0.000E+00  0.520E+08  0.387E-28  0.540E+08  0.298E-24
  0.560E+08  0.542E-22  0.580E+08  0.515E-20  0.600E+08  0.268E-18
  0.620E+08  0.395E-17  0.640E+08  0.701E-16  0.660E+08  0.779E-15
  0.680E+08  0.766E-14  0.700E+08  0.458E-13  0.720E+08  0.187E-12
  0.740E+08  0.737E-12  0.760E+08  0.229E-11  0.780E+08  0.566E-11
  0.800E+08  0.169E-10  0.820E+08  0.374E-10  0.840E+08  0.857E-10
  0.860E+08  0.151E-09  0.880E+08  0.249E-09  0.900E+08  0.411E-09
  0.920E+08  0.615E-09  0.940E+08  0.894E-09  0.960E+08  0.115E-08
  0.980E+08  0.143E-08  0.100E+09  0.168E-08
SN121
         471
           0
          40
  0.953E+07  0.000E+00  0.370E+08  0.539E-23  0.380E+08  0.220E-20
  0.390E+08  0.665E-19  0.400E+08  0.852E-18  0.410E+08  0.719E-17
  0.420E+08  0.454E-16  0.430E+08  0.231E-15  0.440E+08  0.105E-14
  0.450E+08  0.477E-14  0.460E+08  0.161E-13  0.470E+08  0.463E-13
  0.480E+08  0.123E-12  0.490E+08  0.266E-12  0.500E+08  0.625E-12
  0.520E+08  0.330E-11  0.540E+08  0.105E-10  0.560E+08  0.284E-10
  0.580E+08  0.769E-10  0.600E+08  0.164E-09  0.620E+08  0.329E-09
  0.640E+08  0.583E-09  0.660E+08  0.911E-09  0.680E+08  0.105E-08
  0.700E+08  0.120E-08  0.720E+08  0.136E-08  0.740E+08  0.103E-08
  0.760E+08  0.103E-08  0.780E+08  0.109E-08  0.800E+08  0.939E-09
  0.820E+08  0.917E-09  0.840E+08  0.924E-09  0.860E+08  0.923E-09
  0.880E+08  0.103E-08  0.900E+08  0.132E-08  0.920E+08  0.177E-08
  0.940E+08  0.242E-08  0.960E+08  0.345E-08  0.980E+08  0.489E-08
  0.100E+09  0.664E-08
SN120
         472
           0
          36
  0.135E+08  0.000E+00  0.410E+08  0.180E-23  0.420E+08  0.472E-21
  0.430E+08  0.115E-19  0.440E+08  0.145E-18  0.450E+08  0.169E-17
  0.460E+08  0.176E-16  0.470E+08  0.122E-15  0.480E+08  0.696E-15
  0.490E+08  0.506E-14  0.500E+08  0.193E-13  0.520E+08  0.213E-12
  0.540E+08  0.141E-11  0.560E+08  0.698E-11  0.580E+08  0.263E-10
  0.600E+08  0.116E-09  0.620E+08  0.426E-09  0.640E+08  0.142E-08
  0.660E+08  0.378E-08  0.680E+08  0.777E-08  0.700E+08  0.148E-07
  0.720E+08  0.249E-07  0.740E+08  0.409E-07  0.760E+08  0.630E-07
  0.780E+08  0.849E-07  0.800E+08  0.109E-06  0.820E+08  0.130E-06
  0.840E+08  0.166E-06  0.860E+08  0.185E-06  0.880E+08  0.202E-06
  0.900E+08  0.222E-06  0.920E+08  0.233E-06  0.940E+08  0.233E-06
  0.960E+08  0.240E-06  0.980E+08  0.228E-06  0.100E+09  0.229E-06
SN119
         473
           0
          51
  0.100E-04  0.000E+00  0.260E+08  0.218E-17  0.270E+08  0.711E-16
  0.280E+08  0.715E-15  0.290E+08  0.447E-14  0.300E+08  0.212E-13
  0.310E+08  0.828E-13  0.320E+08  0.280E-12  0.330E+08  0.918E-12
  0.340E+08  0.247E-11  0.350E+08  0.610E-11  0.360E+08  0.191E-10
  0.370E+08  0.300E-10  0.380E+08  0.604E-10  0.390E+08  0.115E-09
  0.400E+08  0.215E-09  0.410E+08  0.367E-09  0.420E+08  0.596E-09
  0.430E+08  0.927E-09  0.440E+08  0.138E-08  0.450E+08  0.196E-08
  0.460E+08  0.286E-08  0.470E+08  0.371E-08  0.480E+08  0.461E-08
  0.490E+08  0.529E-08  0.500E+08  0.620E-08  0.520E+08  0.767E-08
  0.540E+08  0.900E-08  0.560E+08  0.869E-08  0.580E+08  0.849E-08
  0.600E+08  0.756E-08  0.620E+08  0.692E-08  0.640E+08  0.623E-08
  0.660E+08  0.600E-08  0.680E+08  0.573E-08  0.700E+08  0.624E-08
  0.720E+08  0.963E-08  0.740E+08  0.201E-07  0.760E+08  0.416E-07
  0.780E+08  0.747E-07  0.800E+08  0.141E-06  0.820E+08  0.231E-06
  0.840E+08  0.317E-06  0.860E+08  0.494E-06  0.880E+08  0.686E-06
  0.900E+08  0.902E-06  0.920E+08  0.107E-05  0.940E+08  0.118E-05
  0.960E+08  0.121E-05  0.980E+08  0.123E-05  0.100E+09  0.128E-05
SN118
         474
           0
          45
  0.294E+07  0.000E+00  0.320E+08  0.182E-18  0.330E+08  0.551E-16
  0.340E+08  0.112E-14  0.350E+08  0.860E-14  0.360E+08  0.609E-13
  0.370E+08  0.277E-12  0.380E+08  0.116E-11  0.390E+08  0.373E-11
  0.400E+08  0.138E-10  0.410E+08  0.394E-10  0.420E+08  0.102E-09
  0.430E+08  0.245E-09  0.440E+08  0.573E-09  0.450E+08  0.114E-08
  0.460E+08  0.234E-08  0.470E+08  0.428E-08  0.480E+08  0.741E-08
  0.490E+08  0.963E-08  0.500E+08  0.155E-07  0.520E+08  0.375E-07
  0.540E+08  0.795E-07  0.560E+08  0.115E-06  0.580E+08  0.193E-06
  0.600E+08  0.295E-06  0.620E+08  0.424E-06  0.640E+08  0.591E-06
  0.660E+08  0.773E-06  0.680E+08  0.944E-06  0.700E+08  0.103E-05
  0.720E+08  0.103E-05  0.740E+08  0.102E-05  0.760E+08  0.952E-06
  0.780E+08  0.671E-06  0.800E+08  0.644E-06  0.820E+08  0.700E-06
  0.840E+08  0.692E-06  0.860E+08  0.798E-06  0.880E+08  0.113E-05
  0.900E+08  0.179E-05  0.920E+08  0.260E-05  0.940E+08  0.379E-05
  0.960E+08  0.522E-05  0.980E+08  0.659E-05  0.100E+09  0.843E-05
SN117
         475
           0
          35
  0.123E+08  0.000E+00  0.420E+08  0.432E-18  0.430E+08  0.452E-16
  0.440E+08  0.131E-14  0.450E+08  0.101E-13  0.460E+08  0.758E-13
  0.470E+08  0.429E-12  0.480E+08  0.184E-11  0.490E+08  0.511E-11
  0.500E+08  0.181E-10  0.520E+08  0.179E-09  0.540E+08  0.127E-08
  0.560E+08  0.307E-08  0.580E+08  0.143E-07  0.600E+08  0.490E-07
  0.620E+08  0.130E-06  0.640E+08  0.306E-06  0.660E+08  0.659E-06
  0.680E+08  0.116E-05  0.700E+08  0.182E-05  0.720E+08  0.250E-05
  0.740E+08  0.332E-05  0.760E+08  0.401E-05  0.780E+08  0.460E-05
  0.800E+08  0.492E-05  0.820E+08  0.481E-05  0.840E+08  0.433E-05
  0.860E+08  0.411E-05  0.880E+08  0.372E-05  0.900E+08  0.357E-05
  0.920E+08  0.343E-05  0.940E+08  0.335E-05  0.960E+08  0.357E-05
  0.980E+08  0.416E-05  0.100E+09  0.540E-05
SN116
         476
           0
          27
  0.193E+08  0.000E+00  0.500E+08  0.338E-17  0.520E+08  0.245E-14
  0.540E+08  0.253E-12  0.560E+08  0.331E-11  0.580E+08  0.516E-10
  0.600E+08  0.483E-09  0.620E+08  0.285E-08  0.640E+08  0.126E-07
  0.660E+08  0.637E-07  0.680E+08  0.168E-06  0.700E+08  0.484E-06
  0.720E+08  0.113E-05  0.740E+08  0.253E-05  0.760E+08  0.465E-05
  0.780E+08  0.867E-05  0.800E+08  0.148E-04  0.820E+08  0.210E-04
  0.840E+08  0.277E-04  0.860E+08  0.347E-04  0.880E+08  0.413E-04
  0.900E+08  0.516E-04  0.920E+08  0.564E-04  0.940E+08  0.609E-04
  0.960E+08  0.630E-04  0.980E+08  0.618E-04  0.100E+09  0.619E-04
SN115
         477
           0
          22
  0.290E+08  0.000E+00  0.600E+08  0.586E-17  0.620E+08  0.316E-14
  0.640E+08  0.134E-12  0.660E+08  0.875E-11  0.680E+08  0.107E-09
  0.700E+08  0.107E-08  0.720E+08  0.517E-08  0.740E+08  0.240E-07
  0.760E+08  0.828E-07  0.780E+08  0.314E-06  0.800E+08  0.112E-05
  0.820E+08  0.271E-05  0.840E+08  0.592E-05  0.860E+08  0.103E-04
  0.880E+08  0.186E-04  0.900E+08  0.349E-04  0.920E+08  0.497E-04
  0.940E+08  0.656E-04  0.960E+08  0.886E-04  0.980E+08  0.107E-03
  0.100E+09  0.119E-03
SN114
         478
           0
          19
  0.366E+08  0.000E+00  0.660E+08  0.127E-21  0.680E+08  0.128E-17
  0.700E+08  0.700E-15  0.720E+08  0.262E-13  0.740E+08  0.731E-12
  0.760E+08  0.762E-11  0.780E+08  0.113E-09  0.800E+08  0.181E-08
  0.820E+08  0.123E-07  0.840E+08  0.634E-07  0.860E+08  0.200E-06
  0.880E+08  0.691E-06  0.900E+08  0.238E-05  0.920E+08  0.546E-05
  0.940E+08  0.119E-04  0.960E+08  0.275E-04  0.980E+08  0.477E-04
  0.100E+09  0.736E-04
SN113
         479
           0
          13
  0.470E+08  0.000E+00  0.780E+08  0.598E-24  0.800E+08  0.187E-18
  0.820E+08  0.275E-15  0.840E+08  0.164E-13  0.860E+08  0.255E-12
  0.880E+08  0.470E-11  0.900E+08  0.607E-10  0.920E+08  0.429E-09
  0.940E+08  0.408E-08  0.960E+08  0.382E-07  0.980E+08  0.146E-06
  0.100E+09  0.409E-06
SN112
         480
           0
           9
  0.548E+08  0.000E+00  0.860E+08  0.155E-25  0.880E+08  0.646E-20
  0.900E+08  0.321E-17  0.920E+08  0.224E-15  0.940E+08  0.175E-13
  0.960E+08  0.770E-12  0.980E+08  0.108E-10  0.100E+09  0.767E-10
SN111
         481
           0
           4
  0.656E+08  0.000E+00  0.960E+08  0.424E-24  0.980E+08  0.336E-20
  0.100E+09  0.319E-18
IN124
         573
           0
          14
  0.496E+08  0.000E+00  0.760E+08  0.148E-41  0.780E+08  0.480E-38
  0.800E+08  0.772E-35  0.820E+08  0.240E-32  0.840E+08  0.293E-30
  0.860E+08  0.630E-29  0.880E+08  0.249E-27  0.900E+08  0.298E-26
  0.920E+08  0.500E-25  0.940E+08  0.701E-24  0.960E+08  0.123E-22
  0.980E+08  0.937E-22  0.100E+09  0.614E-21
IN123
         574
           0
          12
  0.531E+08  0.000E+00  0.800E+08  0.310E-42  0.820E+08  0.104E-36
  0.840E+08  0.103E-33  0.860E+08  0.638E-32  0.880E+08  0.880E-30
  0.900E+08  0.579E-28  0.920E+08  0.223E-26  0.940E+08  0.115E-24
  0.960E+08  0.208E-23  0.980E+08  0.219E-22  0.100E+09  0.189E-21
IN122
         575
           0
          20
  0.348E+08  0.000E+00  0.640E+08  0.849E-34  0.660E+08  0.334E-30
  0.680E+08  0.322E-27  0.700E+08  0.305E-25  0.720E+08  0.417E-24
  0.740E+08  0.119E-22  0.760E+08  0.238E-21  0.780E+08  0.189E-20
  0.800E+08  0.309E-19  0.820E+08  0.269E-18  0.840E+08  0.169E-17
  0.860E+08  0.594E-17  0.880E+08  0.230E-16  0.900E+08  0.894E-16
  0.920E+08  0.283E-15  0.940E+08  0.748E-15  0.960E+08  0.204E-14
  0.980E+08  0.423E-14  0.100E+09  0.743E-14
IN121
         576
           0
          18
  0.384E+08  0.000E+00  0.680E+08  0.202E-33  0.700E+08  0.502E-30
  0.720E+08  0.166E-27  0.740E+08  0.245E-25  0.760E+08  0.180E-23
  0.780E+08  0.306E-22  0.800E+08  0.999E-21  0.820E+08  0.194E-19
  0.840E+08  0.259E-18  0.860E+08  0.185E-17  0.880E+08  0.127E-16
  0.900E+08  0.790E-16  0.920E+08  0.376E-15  0.940E+08  0.163E-14
  0.960E+08  0.506E-14  0.980E+08  0.140E-13  0.100E+09  0.376E-13
IN120
         577
           0
          26
  0.203E+08  0.000E+00  0.520E+08  0.484E-27  0.540E+08  0.368E-24
  0.560E+08  0.150E-22  0.580E+08  0.927E-21  0.600E+08  0.242E-19
  0.620E+08  0.466E-18  0.640E+08  0.830E-17  0.660E+08  0.832E-16
  0.680E+08  0.465E-15  0.700E+08  0.250E-14  0.720E+08  0.985E-14
  0.740E+08  0.433E-13  0.760E+08  0.134E-12  0.780E+08  0.323E-12
  0.800E+08  0.813E-12  0.820E+08  0.154E-11  0.840E+08  0.296E-11
  0.860E+08  0.444E-11  0.880E+08  0.639E-11  0.900E+08  0.913E-11
  0.920E+08  0.122E-10  0.940E+08  0.137E-10  0.960E+08  0.133E-10
  0.980E+08  0.156E-10  0.100E+09  0.158E-10
IN119
         578
           0
          24
  0.242E+08  0.000E+00  0.560E+08  0.445E-28  0.580E+08  0.646E-25
  0.600E+08  0.196E-22  0.620E+08  0.842E-21  0.640E+08  0.406E-19
  0.660E+08  0.113E-17  0.680E+08  0.175E-16  0.700E+08  0.216E-15
  0.720E+08  0.160E-14  0.740E+08  0.139E-13  0.760E+08  0.721E-13
  0.780E+08  0.263E-12  0.800E+08  0.107E-11  0.820E+08  0.309E-11
  0.840E+08  0.933E-11  0.860E+08  0.227E-10  0.880E+08  0.533E-10
  0.900E+08  0.115E-09  0.920E+08  0.223E-09  0.940E+08  0.365E-09
  0.960E+08  0.476E-09  0.980E+08  0.715E-09  0.100E+09  0.958E-09
IN118
         579
           0
          37
  0.639E+07  0.000E+00  0.400E+08  0.648E-23  0.410E+08  0.313E-21
  0.420E+08  0.529E-20  0.430E+08  0.536E-19  0.440E+08  0.394E-18
  0.450E+08  0.271E-17  0.460E+08  0.137E-16  0.470E+08  0.596E-16
  0.480E+08  0.253E-15  0.490E+08  0.409E-15  0.500E+08  0.134E-14
  0.520E+08  0.118E-13  0.540E+08  0.784E-13  0.560E+08  0.265E-12
  0.580E+08  0.111E-11  0.600E+08  0.391E-11  0.620E+08  0.137E-10
  0.640E+08  0.374E-10  0.660E+08  0.851E-10  0.680E+08  0.161E-09
  0.700E+08  0.216E-09  0.720E+08  0.317E-09  0.740E+08  0.401E-09
  0.760E+08  0.475E-09  0.780E+08  0.539E-09  0.800E+08  0.593E-09
  0.820E+08  0.541E-09  0.840E+08  0.524E-09  0.860E+08  0.687E-09
  0.880E+08  0.464E-09  0.900E+08  0.461E-09  0.920E+08  0.525E-09
  0.940E+08  0.707E-09  0.960E+08  0.982E-09  0.980E+08  0.160E-08
  0.100E+09  0.261E-08
IN117
         580
           0
          33
  0.108E+08  0.000E+00  0.440E+08  0.939E-26  0.450E+08  0.163E-23
  0.460E+08  0.759E-22  0.470E+08  0.137E-20  0.480E+08  0.226E-19
  0.490E+08  0.176E-18  0.500E+08  0.135E-17  0.520E+08  0.422E-16
  0.540E+08  0.751E-15  0.560E+08  0.425E-14  0.580E+08  0.474E-13
  0.600E+08  0.382E-12  0.620E+08  0.317E-11  0.640E+08  0.185E-10
  0.660E+08  0.754E-10  0.680E+08  0.245E-09  0.700E+08  0.593E-09
  0.720E+08  0.142E-08  0.740E+08  0.302E-08  0.760E+08  0.610E-08
  0.780E+08  0.996E-08  0.800E+08  0.171E-07  0.820E+08  0.232E-07
  0.840E+08  0.305E-07  0.860E+08  0.370E-07  0.880E+08  0.403E-07
  0.900E+08  0.474E-07  0.920E+08  0.523E-07  0.940E+08  0.572E-07
  0.960E+08  0.523E-07  0.980E+08  0.511E-07  0.100E+09  0.499E-07
IN116
         581
           0
          25
  0.196E+08  0.000E+00  0.540E+08  0.767E-24  0.560E+08  0.945E-21
  0.580E+08  0.169E-18  0.600E+08  0.167E-16  0.620E+08  0.394E-15
  0.640E+08  0.670E-14  0.660E+08  0.933E-13  0.680E+08  0.864E-12
  0.700E+08  0.629E-11  0.720E+08  0.357E-10  0.740E+08  0.173E-09
  0.760E+08  0.714E-09  0.780E+08  0.267E-08  0.800E+08  0.812E-08
  0.820E+08  0.183E-07  0.840E+08  0.370E-07  0.860E+08  0.665E-07
  0.880E+08  0.119E-06  0.900E+08  0.192E-06  0.920E+08  0.266E-06
  0.940E+08  0.343E-06  0.960E+08  0.386E-06  0.980E+08  0.437E-06
  0.100E+09  0.486E-06
IN115
         582
           0
          22
  0.264E+08  0.000E+00  0.600E+08  0.891E-24  0.620E+08  0.167E-20
  0.640E+08  0.234E-18  0.660E+08  0.206E-16  0.680E+08  0.554E-15
  0.700E+08  0.906E-14  0.720E+08  0.111E-12  0.740E+08  0.120E-11
  0.760E+08  0.591E-11  0.780E+08  0.410E-10  0.800E+08  0.178E-09
  0.820E+08  0.808E-09  0.840E+08  0.300E-08  0.860E+08  0.952E-08
  0.880E+08  0.312E-07  0.900E+08  0.850E-07  0.920E+08  0.170E-06
  0.940E+08  0.312E-06  0.960E+08  0.510E-06  0.980E+08  0.808E-06
  0.100E+09  0.122E-05
IN114
         583
           0
          17
  0.356E+08  0.000E+00  0.700E+08  0.651E-23  0.720E+08  0.550E-20
  0.740E+08  0.580E-18  0.760E+08  0.270E-16  0.780E+08  0.800E-15
  0.800E+08  0.161E-13  0.820E+08  0.223E-12  0.840E+08  0.218E-11
  0.860E+08  0.132E-10  0.880E+08  0.933E-10  0.900E+08  0.617E-09
  0.920E+08  0.242E-08  0.940E+08  0.891E-08  0.960E+08  0.284E-07
  0.980E+08  0.761E-07  0.100E+09  0.169E-06
IN113
         584
           0
          14
  0.429E+08  0.000E+00  0.760E+08  0.148E-26  0.780E+08  0.404E-22
  0.800E+08  0.103E-19  0.820E+08  0.138E-17  0.840E+08  0.715E-16
  0.860E+08  0.110E-14  0.880E+08  0.229E-13  0.900E+08  0.384E-12
  0.920E+08  0.343E-11  0.940E+08  0.291E-10  0.960E+08  0.212E-09
  0.980E+08  0.105E-08  0.100E+09  0.262E-08
IN112
         585
           0
           9
  0.524E+08  0.000E+00  0.860E+08  0.200E-28  0.880E+08  0.841E-24
  0.900E+08  0.420E-21  0.920E+08  0.625E-19  0.940E+08  0.394E-17
  0.960E+08  0.432E-15  0.980E+08  0.794E-14  0.100E+09  0.420E-13
IN111
         586
           0
           5
  0.601E+08  0.000E+00  0.940E+08  0.204E-30  0.960E+08  0.287E-25
  0.980E+08  0.317E-22  0.100E+09  0.147E-20
CD123
         871
           0
           4
  0.607E+08  0.000E+00  0.960E+08  0.245E-41  0.980E+08  0.761E-39
  0.100E+09  0.139E-36
CD122
         872
           0
           4
  0.633E+08  0.000E+00  0.960E+08  0.252E-43  0.980E+08  0.198E-40
  0.100E+09  0.692E-38
CD121
         873
           0
          13
  0.448E+08  0.000E+00  0.780E+08  0.195E-40  0.800E+08  0.208E-36
  0.820E+08  0.303E-34  0.840E+08  0.619E-32  0.860E+08  0.301E-30
  0.880E+08  0.134E-28  0.900E+08  0.482E-27  0.920E+08  0.106E-25
  0.940E+08  0.166E-24  0.960E+08  0.150E-23  0.980E+08  0.874E-23
  0.100E+09  0.619E-22
CD120
         874
           0
          11
  0.476E+08  0.000E+00  0.820E+08  0.283E-39  0.840E+08  0.121E-35
  0.860E+08  0.384E-33  0.880E+08  0.618E-31  0.900E+08  0.112E-28
  0.920E+08  0.440E-27  0.940E+08  0.142E-25  0.960E+08  0.322E-24
  0.980E+08  0.370E-23  0.100E+09  0.435E-22
CD119
         875
           0
          20
  0.295E+08  0.000E+00  0.640E+08  0.498E-36  0.660E+08  0.653E-32
  0.680E+08  0.295E-29  0.700E+08  0.369E-27  0.720E+08  0.125E-25
  0.740E+08  0.722E-24  0.760E+08  0.143E-22  0.780E+08  0.139E-21
  0.800E+08  0.192E-20  0.820E+08  0.131E-19  0.840E+08  0.107E-18
  0.860E+08  0.599E-18  0.880E+08  0.273E-17  0.900E+08  0.157E-16
  0.920E+08  0.613E-16  0.940E+08  0.178E-15  0.960E+08  0.390E-15
  0.980E+08  0.988E-15  0.100E+09  0.204E-14
CD118
         876
           0
          18
  0.326E+08  0.000E+00  0.680E+08  0.937E-36  0.700E+08  0.747E-32
  0.720E+08  0.362E-29  0.740E+08  0.970E-27  0.760E+08  0.735E-25
  0.780E+08  0.163E-23  0.800E+08  0.574E-22  0.820E+08  0.938E-21
  0.840E+08  0.156E-19  0.860E+08  0.156E-18  0.880E+08  0.995E-18
  0.900E+08  0.908E-17  0.920E+08  0.556E-16  0.940E+08  0.263E-15
  0.960E+08  0.113E-14  0.980E+08  0.419E-14  0.100E+09  0.134E-13
CD117
         877
           0
          26
  0.148E+08  0.000E+00  0.520E+08  0.110E-29  0.540E+08  0.699E-27
  0.560E+08  0.600E-25  0.580E+08  0.529E-23  0.600E+08  0.205E-21
  0.620E+08  0.773E-20  0.640E+08  0.192E-18  0.660E+08  0.212E-17
  0.680E+08  0.156E-16  0.700E+08  0.971E-16  0.720E+08  0.549E-15
  0.740E+08  0.267E-14  0.760E+08  0.101E-13  0.780E+08  0.295E-13
  0.800E+08  0.818E-13  0.820E+08  0.183E-12  0.840E+08  0.378E-12
  0.860E+08  0.717E-12  0.880E+08  0.116E-11  0.900E+08  0.175E-11
  0.920E+08  0.229E-11  0.940E+08  0.255E-11  0.960E+08  0.265E-11
  0.980E+08  0.333E-11  0.100E+09  0.356E-11
CD116
         878
           0
          24
  0.183E+08  0.000E+00  0.560E+08  0.881E-30  0.580E+08  0.843E-27
  0.600E+08  0.257E-24  0.620E+08  0.129E-22  0.640E+08  0.906E-21
  0.660E+08  0.285E-19  0.680E+08  0.544E-18  0.700E+08  0.733E-17
  0.720E+08  0.106E-15  0.740E+08  0.101E-14  0.760E+08  0.651E-14
  0.780E+08  0.269E-13  0.800E+08  0.113E-12  0.820E+08  0.426E-12
  0.840E+08  0.140E-11  0.860E+08  0.423E-11  0.880E+08  0.127E-10
  0.900E+08  0.344E-10  0.920E+08  0.722E-10  0.940E+08  0.126E-09
  0.960E+08  0.196E-09  0.980E+08  0.336E-09  0.100E+09  0.514E-09
CD115
         879
           0
          37
  0.841E+06  0.000E+00  0.400E+08  0.772E-26  0.410E+08  0.433E-24
  0.420E+08  0.765E-23  0.430E+08  0.807E-22  0.440E+08  0.623E-21
  0.450E+08  0.389E-20  0.460E+08  0.218E-19  0.470E+08  0.101E-18
  0.480E+08  0.415E-18  0.490E+08  0.716E-18  0.500E+08  0.260E-17
  0.520E+08  0.270E-16  0.540E+08  0.223E-15  0.560E+08  0.864E-15
  0.580E+08  0.386E-14  0.600E+08  0.183E-13  0.620E+08  0.671E-13
  0.640E+08  0.206E-12  0.660E+08  0.596E-12  0.680E+08  0.141E-11
  0.700E+08  0.239E-11  0.720E+08  0.451E-11  0.740E+08  0.649E-11
  0.760E+08  0.881E-11  0.780E+08  0.108E-10  0.800E+08  0.128E-10
  0.820E+08  0.144E-10  0.840E+08  0.120E-10  0.860E+08  0.127E-10
  0.880E+08  0.135E-10  0.900E+08  0.178E-10  0.920E+08  0.320E-10
  0.940E+08  0.649E-10  0.960E+08  0.129E-09  0.980E+08  0.280E-09
  0.100E+09  0.571E-09
CD114
         880
           0
          31
  0.703E+07  0.000E+00  0.460E+08  0.350E-25  0.470E+08  0.351E-23
  0.480E+08  0.800E-22  0.490E+08  0.105E-21  0.500E+08  0.353E-20
  0.520E+08  0.174E-18  0.540E+08  0.460E-17  0.560E+08  0.216E-16
  0.580E+08  0.260E-15  0.600E+08  0.259E-14  0.620E+08  0.186E-13
  0.640E+08  0.106E-12  0.660E+08  0.544E-12  0.680E+08  0.229E-11
  0.700E+08  0.721E-11  0.720E+08  0.234E-10  0.740E+08  0.604E-10
  0.760E+08  0.168E-09  0.780E+08  0.359E-09  0.800E+08  0.808E-09
  0.820E+08  0.145E-08  0.840E+08  0.199E-08  0.860E+08  0.302E-08
  0.880E+08  0.411E-08  0.900E+08  0.553E-08  0.920E+08  0.645E-08
  0.940E+08  0.729E-08  0.960E+08  0.759E-08  0.980E+08  0.637E-08
  0.100E+09  0.637E-08
CD113
         881
           0
          24
  0.161E+08  0.000E+00  0.560E+08  0.470E-25  0.580E+08  0.493E-22
  0.600E+08  0.636E-20  0.620E+08  0.339E-18  0.640E+08  0.835E-17
  0.660E+08  0.235E-15  0.680E+08  0.329E-14  0.700E+08  0.326E-13
  0.720E+08  0.240E-12  0.740E+08  0.157E-11  0.760E+08  0.102E-10
  0.780E+08  0.502E-10  0.800E+08  0.219E-09  0.820E+08  0.665E-09
  0.840E+08  0.150E-08  0.860E+08  0.319E-08  0.880E+08  0.648E-08
  0.900E+08  0.127E-07  0.920E+08  0.181E-07  0.940E+08  0.255E-07
  0.960E+08  0.327E-07  0.980E+08  0.380E-07  0.100E+09  0.422E-07
CD112
         882
           0
          21
  0.227E+08  0.000E+00  0.620E+08  0.247E-27  0.640E+08  0.680E-23
  0.660E+08  0.612E-20  0.680E+08  0.177E-18  0.700E+08  0.661E-17
  0.720E+08  0.138E-15  0.740E+08  0.233E-14  0.760E+08  0.292E-13
  0.780E+08  0.415E-12  0.800E+08  0.373E-11  0.820E+08  0.226E-10
  0.840E+08  0.999E-10  0.860E+08  0.386E-09  0.880E+08  0.147E-08
  0.900E+08  0.500E-08  0.920E+08  0.107E-07  0.940E+08  0.226E-07
  0.960E+08  0.435E-07  0.980E+08  0.797E-07  0.100E+09  0.122E-06
CD111
         883
           0
          16
  0.322E+08  0.000E+00  0.720E+08  0.175E-27  0.740E+08  0.163E-23
  0.760E+08  0.312E-21  0.780E+08  0.481E-19  0.800E+08  0.356E-17
  0.820E+08  0.994E-16  0.840E+08  0.173E-14  0.860E+08  0.435E-13
  0.880E+08  0.571E-12  0.900E+08  0.580E-11  0.920E+08  0.393E-10
  0.940E+08  0.173E-09  0.960E+08  0.746E-09  0.980E+08  0.292E-08
  0.100E+09  0.774E-08
CD110
         884
           0
          12
  0.392E+08  0.000E+00  0.800E+08  0.571E-27  0.820E+08  0.781E-23
  0.840E+08  0.230E-20  0.860E+08  0.245E-18  0.880E+08  0.130E-16
  0.900E+08  0.412E-15  0.920E+08  0.723E-14  0.940E+08  0.790E-13
  0.960E+08  0.902E-12  0.980E+08  0.798E-11  0.100E+09  0.712E-10
CD109
         885
           0
           7
  0.492E+08  0.000E+00  0.900E+08  0.132E-29  0.920E+08  0.272E-25
  0.940E+08  0.162E-22  0.960E+08  0.740E-20  0.980E+08  0.283E-18
  0.100E+09  0.112E-16
CD108
         886
           0
           4
  0.566E+08  0.000E+00  0.960E+08  0.257E-32  0.980E+08  0.205E-27
  0.100E+09  0.904E-25
