         134
TB159
          16
           0
          78
  0.642E+07  0.000E+00  0.700E+07  0.174E+00  0.750E+07  0.698E+00
  0.800E+07  0.124E+01  0.850E+07  0.156E+01  0.900E+07  0.185E+01
  0.950E+07  0.203E+01  0.100E+08  0.213E+01  0.105E+08  0.220E+01
  0.110E+08  0.223E+01  0.115E+08  0.226E+01  0.120E+08  0.227E+01
  0.125E+08  0.228E+01  0.130E+08  0.228E+01  0.135E+08  0.227E+01
  0.140E+08  0.227E+01  0.145E+08  0.226E+01  0.150E+08  0.225E+01
  0.160E+08  0.219E+01  0.170E+08  0.203E+01  0.180E+08  0.171E+01
  0.190E+08  0.137E+01  0.200E+08  0.107E+01  0.210E+08  0.879E+00
  0.220E+08  0.698E+00  0.230E+08  0.569E+00  0.240E+08  0.479E+00
  0.250E+08  0.415E+00  0.260E+08  0.370E+00  0.270E+08  0.336E+00
  0.280E+08  0.312E+00  0.290E+08  0.292E+00  0.300E+08  0.276E+00
  0.310E+08  0.263E+00  0.320E+08  0.260E+00  0.330E+08  0.249E+00
  0.340E+08  0.240E+00  0.350E+08  0.232E+00  0.360E+08  0.225E+00
  0.370E+08  0.207E+00  0.380E+08  0.202E+00  0.390E+08  0.197E+00
  0.400E+08  0.192E+00  0.410E+08  0.188E+00  0.420E+08  0.184E+00
  0.430E+08  0.180E+00  0.440E+08  0.176E+00  0.450E+08  0.173E+00
  0.460E+08  0.169E+00  0.470E+08  0.166E+00  0.480E+08  0.159E+00
  0.490E+08  0.152E+00  0.500E+08  0.149E+00  0.520E+08  0.144E+00
  0.540E+08  0.139E+00  0.560E+08  0.136E+00  0.580E+08  0.133E+00
  0.600E+08  0.129E+00  0.620E+08  0.127E+00  0.640E+08  0.124E+00
  0.660E+08  0.122E+00  0.680E+08  0.119E+00  0.700E+08  0.115E+00
  0.720E+08  0.113E+00  0.740E+08  0.110E+00  0.760E+08  0.108E+00
  0.780E+08  0.104E+00  0.800E+08  0.101E+00  0.820E+08  0.989E-01
  0.840E+08  0.962E-01  0.860E+08  0.936E-01  0.880E+08  0.920E-01
  0.900E+08  0.904E-01  0.920E+08  0.888E-01  0.940E+08  0.872E-01
  0.960E+08  0.856E-01  0.980E+08  0.835E-01  0.100E+09  0.814E-01
TB158
          17
           0
          61
  0.146E+08  0.000E+00  0.160E+08  0.394E-01  0.170E+08  0.177E+00
  0.180E+08  0.472E+00  0.190E+08  0.799E+00  0.200E+08  0.108E+01
  0.210E+08  0.125E+01  0.220E+08  0.141E+01  0.230E+08  0.151E+01
  0.240E+08  0.154E+01  0.250E+08  0.147E+01  0.260E+08  0.132E+01
  0.270E+08  0.112E+01  0.280E+08  0.933E+00  0.290E+08  0.767E+00
  0.300E+08  0.633E+00  0.310E+08  0.558E+00  0.320E+08  0.462E+00
  0.330E+08  0.386E+00  0.340E+08  0.339E+00  0.350E+08  0.320E+00
  0.360E+08  0.289E+00  0.370E+08  0.265E+00  0.380E+08  0.246E+00
  0.390E+08  0.230E+00  0.400E+08  0.217E+00  0.410E+08  0.205E+00
  0.420E+08  0.195E+00  0.430E+08  0.187E+00  0.440E+08  0.179E+00
  0.450E+08  0.172E+00  0.460E+08  0.166E+00  0.470E+08  0.152E+00
  0.480E+08  0.144E+00  0.490E+08  0.159E+00  0.500E+08  0.154E+00
  0.520E+08  0.146E+00  0.540E+08  0.140E+00  0.560E+08  0.131E+00
  0.580E+08  0.126E+00  0.600E+08  0.122E+00  0.620E+08  0.119E+00
  0.640E+08  0.114E+00  0.660E+08  0.110E+00  0.680E+08  0.107E+00
  0.700E+08  0.103E+00  0.720E+08  0.980E-01  0.740E+08  0.952E-01
  0.760E+08  0.931E-01  0.780E+08  0.910E-01  0.800E+08  0.875E-01
  0.820E+08  0.840E-01  0.840E+08  0.805E-01  0.860E+08  0.769E-01
  0.880E+08  0.734E-01  0.900E+08  0.699E-01  0.920E+08  0.664E-01
  0.940E+08  0.629E-01  0.960E+08  0.611E-01  0.980E+08  0.598E-01
  0.100E+09  0.584E-01
TB157
          37
           0
          54
  0.214E+08  0.000E+00  0.230E+08  0.266E-02  0.240E+08  0.373E-01
  0.250E+08  0.146E+00  0.260E+08  0.323E+00  0.270E+08  0.527E+00
  0.280E+08  0.720E+00  0.290E+08  0.883E+00  0.300E+08  0.101E+01
  0.310E+08  0.107E+01  0.320E+08  0.115E+01  0.330E+08  0.122E+01
  0.340E+08  0.125E+01  0.350E+08  0.124E+01  0.360E+08  0.123E+01
  0.370E+08  0.120E+01  0.380E+08  0.114E+01  0.390E+08  0.107E+01
  0.400E+08  0.989E+00  0.410E+08  0.905E+00  0.420E+08  0.824E+00
  0.430E+08  0.748E+00  0.440E+08  0.680E+00  0.450E+08  0.642E+00
  0.460E+08  0.587E+00  0.470E+08  0.533E+00  0.480E+08  0.491E+00
  0.490E+08  0.400E+00  0.500E+08  0.372E+00  0.520E+08  0.325E+00
  0.540E+08  0.297E+00  0.560E+08  0.268E+00  0.580E+08  0.245E+00
  0.600E+08  0.225E+00  0.620E+08  0.212E+00  0.640E+08  0.199E+00
  0.660E+08  0.187E+00  0.680E+08  0.178E+00  0.700E+08  0.173E+00
  0.720E+08  0.165E+00  0.740E+08  0.158E+00  0.760E+08  0.154E+00
  0.780E+08  0.151E+00  0.800E+08  0.147E+00  0.820E+08  0.144E+00
  0.840E+08  0.140E+00  0.860E+08  0.137E+00  0.880E+08  0.135E+00
  0.900E+08  0.132E+00  0.920E+08  0.127E+00  0.940E+08  0.123E+00
  0.960E+08  0.120E+00  0.980E+08  0.117E+00  0.100E+09  0.114E+00
GD160
         103
           0
          84
  0.100E-04  0.000E+00  0.400E+07  0.939E-09  0.450E+07  0.589E-08
  0.500E+07  0.262E-04  0.550E+07  0.805E-04  0.600E+07  0.171E-03
  0.650E+07  0.316E-03  0.700E+07  0.512E-03  0.750E+07  0.806E-03
  0.800E+07  0.120E-02  0.850E+07  0.173E-02  0.900E+07  0.239E-02
  0.950E+07  0.310E-02  0.100E+08  0.382E-02  0.105E+08  0.510E-02
  0.110E+08  0.660E-02  0.115E+08  0.828E-02  0.120E+08  0.101E-01
  0.125E+08  0.121E-01  0.130E+08  0.133E-01  0.135E+08  0.146E-01
  0.140E+08  0.169E-01  0.145E+08  0.193E-01  0.150E+08  0.215E-01
  0.160E+08  0.253E-01  0.170E+08  0.275E-01  0.180E+08  0.297E-01
  0.190E+08  0.327E-01  0.200E+08  0.357E-01  0.210E+08  0.380E-01
  0.220E+08  0.393E-01  0.230E+08  0.407E-01  0.240E+08  0.416E-01
  0.250E+08  0.423E-01  0.260E+08  0.429E-01  0.270E+08  0.432E-01
  0.280E+08  0.435E-01  0.290E+08  0.439E-01  0.300E+08  0.442E-01
  0.310E+08  0.445E-01  0.320E+08  0.439E-01  0.330E+08  0.436E-01
  0.340E+08  0.433E-01  0.350E+08  0.430E-01  0.360E+08  0.426E-01
  0.370E+08  0.422E-01  0.380E+08  0.416E-01  0.390E+08  0.413E-01
  0.400E+08  0.410E-01  0.410E+08  0.407E-01  0.420E+08  0.401E-01
  0.430E+08  0.396E-01  0.440E+08  0.391E-01  0.450E+08  0.384E-01
  0.460E+08  0.379E-01  0.470E+08  0.376E-01  0.480E+08  0.373E-01
  0.490E+08  0.370E-01  0.500E+08  0.367E-01  0.520E+08  0.356E-01
  0.540E+08  0.345E-01  0.560E+08  0.334E-01  0.580E+08  0.324E-01
  0.600E+08  0.314E-01  0.620E+08  0.305E-01  0.640E+08  0.290E-01
  0.660E+08  0.275E-01  0.680E+08  0.260E-01  0.700E+08  0.245E-01
  0.720E+08  0.239E-01  0.740E+08  0.232E-01  0.760E+08  0.225E-01
  0.780E+08  0.219E-01  0.800E+08  0.217E-01  0.820E+08  0.216E-01
  0.840E+08  0.210E-01  0.860E+08  0.204E-01  0.880E+08  0.199E-01
  0.900E+08  0.194E-01  0.920E+08  0.189E-01  0.940E+08  0.184E-01
  0.960E+08  0.182E-01  0.980E+08  0.177E-01  0.100E+09  0.173E-01
EU159
         111
           0
          65
  0.835E+07  0.000E+00  0.135E+08  0.143E-03  0.140E+08  0.192E-03
  0.145E+08  0.240E-03  0.150E+08  0.291E-03  0.160E+08  0.358E-03
  0.170E+08  0.391E-03  0.180E+08  0.546E-03  0.190E+08  0.724E-03
  0.200E+08  0.919E-03  0.210E+08  0.112E-02  0.220E+08  0.119E-02
  0.230E+08  0.143E-02  0.240E+08  0.168E-02  0.250E+08  0.194E-02
  0.260E+08  0.223E-02  0.270E+08  0.237E-02  0.280E+08  0.269E-02
  0.290E+08  0.302E-02  0.300E+08  0.334E-02  0.310E+08  0.367E-02
  0.320E+08  0.386E-02  0.330E+08  0.423E-02  0.340E+08  0.461E-02
  0.350E+08  0.500E-02  0.360E+08  0.541E-02  0.370E+08  0.582E-02
  0.380E+08  0.607E-02  0.390E+08  0.646E-02  0.400E+08  0.681E-02
  0.410E+08  0.712E-02  0.420E+08  0.736E-02  0.430E+08  0.754E-02
  0.440E+08  0.767E-02  0.450E+08  0.769E-02  0.460E+08  0.775E-02
  0.470E+08  0.780E-02  0.480E+08  0.782E-02  0.490E+08  0.765E-02
  0.500E+08  0.748E-02  0.520E+08  0.714E-02  0.540E+08  0.714E-02
  0.560E+08  0.714E-02  0.580E+08  0.714E-02  0.600E+08  0.712E-02
  0.620E+08  0.747E-02  0.640E+08  0.746E-02  0.660E+08  0.744E-02
  0.680E+08  0.758E-02  0.700E+08  0.757E-02  0.720E+08  0.758E-02
  0.740E+08  0.757E-02  0.760E+08  0.754E-02  0.780E+08  0.755E-02
  0.800E+08  0.753E-02  0.820E+08  0.751E-02  0.840E+08  0.749E-02
  0.860E+08  0.745E-02  0.880E+08  0.757E-02  0.900E+08  0.757E-02
  0.920E+08  0.755E-02  0.940E+08  0.755E-02  0.960E+08  0.751E-02
  0.980E+08  0.748E-02  0.100E+09  0.744E-02
TB156
         121
           0
          45
  0.302E+08  0.000E+00  0.320E+08  0.693E-05  0.330E+08  0.516E-03
  0.340E+08  0.273E-02  0.350E+08  0.121E-01  0.360E+08  0.344E-01
  0.370E+08  0.847E-01  0.380E+08  0.144E+00  0.390E+08  0.215E+00
  0.400E+08  0.291E+00  0.410E+08  0.367E+00  0.420E+08  0.437E+00
  0.430E+08  0.494E+00  0.440E+08  0.541E+00  0.450E+08  0.545E+00
  0.460E+08  0.557E+00  0.470E+08  0.562E+00  0.480E+08  0.566E+00
  0.490E+08  0.571E+00  0.500E+08  0.547E+00  0.520E+08  0.482E+00
  0.540E+08  0.410E+00  0.560E+08  0.355E+00  0.580E+08  0.309E+00
  0.600E+08  0.271E+00  0.620E+08  0.245E+00  0.640E+08  0.219E+00
  0.660E+08  0.198E+00  0.680E+08  0.184E+00  0.700E+08  0.165E+00
  0.720E+08  0.152E+00  0.740E+08  0.141E+00  0.760E+08  0.116E+00
  0.780E+08  0.109E+00  0.800E+08  0.101E+00  0.820E+08  0.959E-01
  0.840E+08  0.930E-01  0.860E+08  0.881E-01  0.880E+08  0.831E-01
  0.900E+08  0.782E-01  0.920E+08  0.753E-01  0.940E+08  0.728E-01
  0.960E+08  0.704E-01  0.980E+08  0.681E-01  0.100E+09  0.714E-01
TB155
         122
           0
          39
  0.372E+08  0.000E+00  0.380E+08  0.106E-08  0.390E+08  0.243E-05
  0.400E+08  0.940E-04  0.410E+08  0.926E-03  0.420E+08  0.398E-02
  0.430E+08  0.124E-01  0.440E+08  0.237E-01  0.450E+08  0.468E-01
  0.460E+08  0.785E-01  0.470E+08  0.128E+00  0.480E+08  0.174E+00
  0.490E+08  0.206E+00  0.500E+08  0.246E+00  0.520E+08  0.332E+00
  0.540E+08  0.404E+00  0.560E+08  0.459E+00  0.580E+08  0.495E+00
  0.600E+08  0.514E+00  0.620E+08  0.508E+00  0.640E+08  0.504E+00
  0.660E+08  0.500E+00  0.680E+08  0.482E+00  0.700E+08  0.462E+00
  0.720E+08  0.448E+00  0.740E+08  0.423E+00  0.760E+08  0.405E+00
  0.780E+08  0.379E+00  0.800E+08  0.349E+00  0.820E+08  0.322E+00
  0.840E+08  0.299E+00  0.860E+08  0.280E+00  0.880E+08  0.268E+00
  0.900E+08  0.225E+00  0.920E+08  0.212E+00  0.940E+08  0.200E+00
  0.960E+08  0.191E+00  0.980E+08  0.182E+00  0.100E+09  0.168E+00
TB154
         123
           0
          29
  0.464E+08  0.000E+00  0.480E+08  0.420E-09  0.490E+08  0.576E-07
  0.500E+08  0.328E-06  0.520E+08  0.396E-04  0.540E+08  0.602E-03
  0.560E+08  0.297E-02  0.580E+08  0.988E-02  0.600E+08  0.231E-01
  0.620E+08  0.353E-01  0.640E+08  0.569E-01  0.660E+08  0.818E-01
  0.680E+08  0.106E+00  0.700E+08  0.127E+00  0.720E+08  0.133E+00
  0.740E+08  0.144E+00  0.760E+08  0.151E+00  0.780E+08  0.154E+00
  0.800E+08  0.158E+00  0.820E+08  0.154E+00  0.840E+08  0.149E+00
  0.860E+08  0.145E+00  0.880E+08  0.141E+00  0.900E+08  0.138E+00
  0.920E+08  0.135E+00  0.940E+08  0.133E+00  0.960E+08  0.130E+00
  0.980E+08  0.124E+00  0.100E+09  0.118E+00
TB153
         124
           0
          23
  0.534E+08  0.000E+00  0.580E+08  0.174E-06  0.600E+08  0.126E-04
  0.620E+08  0.232E-03  0.640E+08  0.122E-02  0.660E+08  0.398E-02
  0.680E+08  0.949E-02  0.700E+08  0.177E-01  0.720E+08  0.296E-01
  0.740E+08  0.443E-01  0.760E+08  0.615E-01  0.780E+08  0.793E-01
  0.800E+08  0.105E+00  0.820E+08  0.128E+00  0.840E+08  0.142E+00
  0.860E+08  0.149E+00  0.880E+08  0.155E+00  0.900E+08  0.162E+00
  0.920E+08  0.162E+00  0.940E+08  0.160E+00  0.960E+08  0.157E+00
  0.980E+08  0.155E+00  0.100E+09  0.150E+00
TB152
         125
           0
          19
  0.619E+08  0.000E+00  0.660E+08  0.950E-11  0.680E+08  0.755E-08
  0.700E+08  0.371E-06  0.720E+08  0.523E-05  0.740E+08  0.361E-04
  0.760E+08  0.358E-03  0.780E+08  0.104E-02  0.800E+08  0.303E-02
  0.820E+08  0.569E-02  0.840E+08  0.101E-01  0.860E+08  0.161E-01
  0.880E+08  0.236E-01  0.900E+08  0.359E-01  0.920E+08  0.449E-01
  0.940E+08  0.534E-01  0.960E+08  0.610E-01  0.980E+08  0.653E-01
  0.100E+09  0.696E-01
TB151
         126
           0
          15
  0.693E+08  0.000E+00  0.740E+08  0.237E-11  0.760E+08  0.418E-08
  0.780E+08  0.143E-06  0.800E+08  0.297E-05  0.820E+08  0.285E-04
  0.840E+08  0.116E-03  0.860E+08  0.364E-03  0.880E+08  0.927E-03
  0.900E+08  0.254E-02  0.920E+08  0.466E-02  0.940E+08  0.782E-02
  0.960E+08  0.121E-01  0.980E+08  0.168E-01  0.100E+09  0.229E-01
TB150
         127
           0
          11
  0.779E+08  0.000E+00  0.820E+08  0.223E-13  0.840E+08  0.937E-11
  0.860E+08  0.589E-09  0.880E+08  0.128E-07  0.900E+08  0.237E-06
  0.920E+08  0.143E-05  0.940E+08  0.642E-05  0.960E+08  0.152E-04
  0.980E+08  0.457E-04  0.100E+09  0.117E-03
TB149
         128
           0
           7
  0.857E+08  0.000E+00  0.900E+08  0.467E-14  0.920E+08  0.169E-11
  0.940E+08  0.120E-09  0.960E+08  0.321E-08  0.980E+08  0.432E-07
  0.100E+09  0.341E-06
TB148
         129
           0
           3
  0.946E+08  0.000E+00  0.980E+08  0.181E-16  0.100E+09  0.649E-14
GD159
         153
           0
          74
  0.437E+07  0.000E+00  0.900E+07  0.146E-08  0.950E+07  0.284E-07
  0.100E+08  0.164E-06  0.105E+08  0.692E-06  0.110E+08  0.237E-05
  0.115E+08  0.277E-02  0.120E+08  0.387E-02  0.125E+08  0.496E-02
  0.130E+08  0.606E-02  0.135E+08  0.715E-02  0.140E+08  0.825E-02
  0.145E+08  0.934E-02  0.150E+08  0.104E-01  0.160E+08  0.126E-01
  0.170E+08  0.148E-01  0.180E+08  0.170E-01  0.190E+08  0.192E-01
  0.200E+08  0.257E-01  0.210E+08  0.330E-01  0.220E+08  0.398E-01
  0.230E+08  0.466E-01  0.240E+08  0.537E-01  0.250E+08  0.603E-01
  0.260E+08  0.661E-01  0.270E+08  0.703E-01  0.280E+08  0.749E-01
  0.290E+08  0.781E-01  0.300E+08  0.795E-01  0.310E+08  0.810E-01
  0.320E+08  0.825E-01  0.330E+08  0.825E-01  0.340E+08  0.824E-01
  0.350E+08  0.822E-01  0.360E+08  0.820E-01  0.370E+08  0.817E-01
  0.380E+08  0.775E-01  0.390E+08  0.763E-01  0.400E+08  0.762E-01
  0.410E+08  0.759E-01  0.420E+08  0.757E-01  0.430E+08  0.754E-01
  0.440E+08  0.752E-01  0.450E+08  0.748E-01  0.460E+08  0.746E-01
  0.470E+08  0.746E-01  0.480E+08  0.746E-01  0.490E+08  0.747E-01
  0.500E+08  0.747E-01  0.520E+08  0.745E-01  0.540E+08  0.742E-01
  0.560E+08  0.740E-01  0.580E+08  0.738E-01  0.600E+08  0.735E-01
  0.620E+08  0.729E-01  0.640E+08  0.728E-01  0.660E+08  0.727E-01
  0.680E+08  0.726E-01  0.700E+08  0.721E-01  0.720E+08  0.714E-01
  0.740E+08  0.708E-01  0.760E+08  0.701E-01  0.780E+08  0.694E-01
  0.800E+08  0.688E-01  0.820E+08  0.681E-01  0.840E+08  0.674E-01
  0.860E+08  0.667E-01  0.880E+08  0.661E-01  0.900E+08  0.654E-01
  0.920E+08  0.649E-01  0.940E+08  0.644E-01  0.960E+08  0.636E-01
  0.980E+08  0.631E-01  0.100E+09  0.626E-01
GD158
         154
           0
          61
  0.103E+08  0.000E+00  0.160E+08  0.139E-06  0.170E+08  0.236E-05
  0.180E+08  0.197E-04  0.190E+08  0.101E-03  0.200E+08  0.356E-03
  0.210E+08  0.956E-03  0.220E+08  0.204E-02  0.230E+08  0.395E-02
  0.240E+08  0.689E-02  0.250E+08  0.110E-01  0.260E+08  0.162E-01
  0.270E+08  0.230E-01  0.280E+08  0.306E-01  0.290E+08  0.397E-01
  0.300E+08  0.506E-01  0.310E+08  0.605E-01  0.320E+08  0.690E-01
  0.330E+08  0.800E-01  0.340E+08  0.904E-01  0.350E+08  0.100E+00
  0.360E+08  0.108E+00  0.370E+08  0.116E+00  0.380E+08  0.124E+00
  0.390E+08  0.130E+00  0.400E+08  0.134E+00  0.410E+08  0.138E+00
  0.420E+08  0.143E+00  0.430E+08  0.146E+00  0.440E+08  0.148E+00
  0.450E+08  0.149E+00  0.460E+08  0.150E+00  0.470E+08  0.149E+00
  0.480E+08  0.142E+00  0.490E+08  0.142E+00  0.500E+08  0.143E+00
  0.520E+08  0.139E+00  0.540E+08  0.134E+00  0.560E+08  0.130E+00
  0.580E+08  0.125E+00  0.600E+08  0.122E+00  0.620E+08  0.119E+00
  0.640E+08  0.117E+00  0.660E+08  0.114E+00  0.680E+08  0.112E+00
  0.700E+08  0.109E+00  0.720E+08  0.107E+00  0.740E+08  0.104E+00
  0.760E+08  0.102E+00  0.780E+08  0.993E-01  0.800E+08  0.969E-01
  0.820E+08  0.954E-01  0.840E+08  0.939E-01  0.860E+08  0.923E-01
  0.880E+08  0.908E-01  0.900E+08  0.893E-01  0.920E+08  0.885E-01
  0.940E+08  0.879E-01  0.960E+08  0.873E-01  0.980E+08  0.865E-01
  0.100E+09  0.892E-01
GD157
         155
           0
          53
  0.183E+08  0.000E+00  0.240E+08  0.999E-08  0.250E+08  0.266E-06
  0.260E+08  0.155E-05  0.270E+08  0.112E-04  0.280E+08  0.560E-04
  0.290E+08  0.202E-03  0.300E+08  0.566E-03  0.310E+08  0.124E-02
  0.320E+08  0.218E-02  0.330E+08  0.403E-02  0.340E+08  0.675E-02
  0.350E+08  0.104E-01  0.360E+08  0.150E-01  0.370E+08  0.205E-01
  0.380E+08  0.279E-01  0.390E+08  0.343E-01  0.400E+08  0.407E-01
  0.410E+08  0.468E-01  0.420E+08  0.507E-01  0.430E+08  0.558E-01
  0.440E+08  0.603E-01  0.450E+08  0.645E-01  0.460E+08  0.684E-01
  0.470E+08  0.724E-01  0.480E+08  0.809E-01  0.490E+08  0.848E-01
  0.500E+08  0.911E-01  0.520E+08  0.974E-01  0.540E+08  0.103E+00
  0.560E+08  0.106E+00  0.580E+08  0.109E+00  0.600E+08  0.108E+00
  0.620E+08  0.104E+00  0.640E+08  0.999E-01  0.660E+08  0.955E-01
  0.680E+08  0.889E-01  0.700E+08  0.854E-01  0.720E+08  0.824E-01
  0.740E+08  0.804E-01  0.760E+08  0.784E-01  0.780E+08  0.765E-01
  0.800E+08  0.745E-01  0.820E+08  0.725E-01  0.840E+08  0.705E-01
  0.860E+08  0.686E-01  0.880E+08  0.666E-01  0.900E+08  0.646E-01
  0.920E+08  0.632E-01  0.940E+08  0.618E-01  0.960E+08  0.603E-01
  0.980E+08  0.589E-01  0.100E+09  0.575E-01
GD156
         156
           0
          47
  0.247E+08  0.000E+00  0.300E+08  0.146E-09  0.310E+08  0.234E-07
  0.320E+08  0.285E-06  0.330E+08  0.257E-05  0.340E+08  0.162E-04
  0.350E+08  0.710E-04  0.360E+08  0.232E-03  0.370E+08  0.619E-03
  0.380E+08  0.157E-02  0.390E+08  0.300E-02  0.400E+08  0.520E-02
  0.410E+08  0.831E-02  0.420E+08  0.114E-01  0.430E+08  0.163E-01
  0.440E+08  0.221E-01  0.450E+08  0.289E-01  0.460E+08  0.363E-01
  0.470E+08  0.455E-01  0.480E+08  0.561E-01  0.490E+08  0.603E-01
  0.500E+08  0.639E-01  0.520E+08  0.818E-01  0.540E+08  0.976E-01
  0.560E+08  0.111E+00  0.580E+08  0.121E+00  0.600E+08  0.132E+00
  0.620E+08  0.142E+00  0.640E+08  0.149E+00  0.660E+08  0.156E+00
  0.680E+08  0.163E+00  0.700E+08  0.167E+00  0.720E+08  0.176E+00
  0.740E+08  0.176E+00  0.760E+08  0.176E+00  0.780E+08  0.175E+00
  0.800E+08  0.172E+00  0.820E+08  0.168E+00  0.840E+08  0.166E+00
  0.860E+08  0.163E+00  0.880E+08  0.159E+00  0.900E+08  0.155E+00
  0.920E+08  0.150E+00  0.940E+08  0.147E+00  0.960E+08  0.143E+00
  0.980E+08  0.139E+00  0.100E+09  0.140E+00
GD155
         157
           0
          38
  0.333E+08  0.000E+00  0.390E+08  0.835E-11  0.400E+08  0.901E-09
  0.410E+08  0.205E-07  0.420E+08  0.149E-06  0.430E+08  0.875E-06
  0.440E+08  0.468E-05  0.450E+08  0.190E-04  0.460E+08  0.610E-04
  0.470E+08  0.170E-03  0.480E+08  0.390E-03  0.490E+08  0.119E-02
  0.500E+08  0.211E-02  0.520E+08  0.396E-02  0.540E+08  0.875E-02
  0.560E+08  0.160E-01  0.580E+08  0.252E-01  0.600E+08  0.350E-01
  0.620E+08  0.446E-01  0.640E+08  0.541E-01  0.660E+08  0.654E-01
  0.680E+08  0.690E-01  0.700E+08  0.738E-01  0.720E+08  0.766E-01
  0.740E+08  0.792E-01  0.760E+08  0.817E-01  0.780E+08  0.860E-01
  0.800E+08  0.898E-01  0.820E+08  0.929E-01  0.840E+08  0.926E-01
  0.860E+08  0.924E-01  0.880E+08  0.922E-01  0.900E+08  0.920E-01
  0.920E+08  0.918E-01  0.940E+08  0.916E-01  0.960E+08  0.914E-01
  0.980E+08  0.912E-01  0.100E+09  0.910E-01
GD154
         158
           0
          32
  0.398E+08  0.000E+00  0.450E+08  0.634E-13  0.460E+08  0.298E-10
  0.470E+08  0.178E-08  0.480E+08  0.305E-07  0.490E+08  0.517E-06
  0.500E+08  0.143E-05  0.520E+08  0.271E-04  0.540E+08  0.209E-03
  0.560E+08  0.906E-03  0.580E+08  0.272E-02  0.600E+08  0.638E-02
  0.620E+08  0.119E-01  0.640E+08  0.218E-01  0.660E+08  0.303E-01
  0.680E+08  0.441E-01  0.700E+08  0.608E-01  0.720E+08  0.774E-01
  0.740E+08  0.948E-01  0.760E+08  0.111E+00  0.780E+08  0.127E+00
  0.800E+08  0.145E+00  0.820E+08  0.155E+00  0.840E+08  0.162E+00
  0.860E+08  0.168E+00  0.880E+08  0.172E+00  0.900E+08  0.177E+00
  0.920E+08  0.180E+00  0.940E+08  0.183E+00  0.960E+08  0.186E+00
  0.980E+08  0.189E+00  0.100E+09  0.191E+00
GD153
         159
           0
          24
  0.487E+08  0.000E+00  0.560E+08  0.206E-10  0.580E+08  0.599E-08
  0.600E+08  0.279E-06  0.620E+08  0.259E-05  0.640E+08  0.245E-04
  0.660E+08  0.925E-04  0.680E+08  0.351E-03  0.700E+08  0.111E-02
  0.720E+08  0.244E-02  0.740E+08  0.508E-02  0.760E+08  0.876E-02
  0.780E+08  0.120E-01  0.800E+08  0.183E-01  0.820E+08  0.258E-01
  0.840E+08  0.323E-01  0.860E+08  0.385E-01  0.880E+08  0.446E-01
  0.900E+08  0.506E-01  0.920E+08  0.538E-01  0.940E+08  0.567E-01
  0.960E+08  0.595E-01  0.980E+08  0.600E-01  0.100E+09  0.596E-01
GD152
         160
           0
          21
  0.550E+08  0.000E+00  0.620E+08  0.147E-11  0.640E+08  0.143E-08
  0.660E+08  0.430E-07  0.680E+08  0.111E-05  0.700E+08  0.133E-04
  0.720E+08  0.575E-04  0.740E+08  0.254E-03  0.760E+08  0.706E-03
  0.780E+08  0.137E-02  0.800E+08  0.357E-02  0.820E+08  0.741E-02
  0.840E+08  0.123E-01  0.860E+08  0.184E-01  0.880E+08  0.259E-01
  0.900E+08  0.382E-01  0.920E+08  0.492E-01  0.940E+08  0.547E-01
  0.960E+08  0.654E-01  0.980E+08  0.758E-01  0.100E+09  0.849E-01
GD151
         161
           0
          16
  0.637E+08  0.000E+00  0.720E+08  0.272E-14  0.740E+08  0.475E-11
  0.760E+08  0.421E-09  0.780E+08  0.688E-08  0.800E+08  0.207E-06
  0.820E+08  0.300E-05  0.840E+08  0.163E-04  0.860E+08  0.584E-04
  0.880E+08  0.141E-03  0.900E+08  0.433E-03  0.920E+08  0.975E-03
  0.940E+08  0.254E-02  0.960E+08  0.446E-02  0.980E+08  0.723E-02
  0.100E+09  0.109E-01
GD150
         162
           0
          13
  0.702E+08  0.000E+00  0.780E+08  0.564E-24  0.800E+08  0.189E-13
  0.820E+08  0.331E-10  0.840E+08  0.211E-08  0.860E+08  0.451E-07
  0.880E+08  0.501E-06  0.900E+08  0.399E-05  0.920E+08  0.190E-04
  0.940E+08  0.702E-04  0.960E+08  0.206E-03  0.980E+08  0.510E-03
  0.100E+09  0.112E-02
GD149
         163
           0
           9
  0.790E+08  0.000E+00  0.860E+08  0.440E-20  0.880E+08  0.120E-15
  0.900E+08  0.784E-13  0.920E+08  0.803E-11  0.940E+08  0.383E-09
  0.960E+08  0.650E-08  0.980E+08  0.634E-07  0.100E+09  0.414E-06
GD148
         164
           0
           5
  0.860E+08  0.000E+00  0.940E+08  0.966E-19  0.960E+08  0.244E-15
  0.980E+08  0.608E-13  0.100E+09  0.383E-11
EU158
         174
           0
          54
  0.130E+08  0.000E+00  0.230E+08  0.331E-14  0.240E+08  0.937E-13
  0.250E+08  0.185E-11  0.260E+08  0.279E-10  0.270E+08  0.232E-09
  0.280E+08  0.119E-08  0.290E+08  0.450E-08  0.300E+08  0.137E-07
  0.310E+08  0.297E-07  0.320E+08  0.690E-07  0.330E+08  0.134E-06
  0.340E+08  0.226E-06  0.350E+08  0.389E-06  0.360E+08  0.664E-06
  0.370E+08  0.204E-05  0.380E+08  0.918E-05  0.390E+08  0.344E-04
  0.400E+08  0.972E-04  0.410E+08  0.218E-03  0.420E+08  0.409E-03
  0.430E+08  0.667E-03  0.440E+08  0.982E-03  0.450E+08  0.133E-02
  0.460E+08  0.171E-02  0.470E+08  0.212E-02  0.480E+08  0.255E-02
  0.490E+08  0.328E-02  0.500E+08  0.400E-02  0.520E+08  0.472E-02
  0.540E+08  0.490E-02  0.560E+08  0.504E-02  0.580E+08  0.505E-02
  0.600E+08  0.498E-02  0.620E+08  0.454E-02  0.640E+08  0.446E-02
  0.660E+08  0.438E-02  0.680E+08  0.419E-02  0.700E+08  0.415E-02
  0.720E+08  0.413E-02  0.740E+08  0.411E-02  0.760E+08  0.405E-02
  0.780E+08  0.403E-02  0.800E+08  0.400E-02  0.820E+08  0.401E-02
  0.840E+08  0.398E-02  0.860E+08  0.434E-02  0.880E+08  0.427E-02
  0.900E+08  0.419E-02  0.920E+08  0.416E-02  0.940E+08  0.448E-02
  0.960E+08  0.449E-02  0.980E+08  0.447E-02  0.100E+09  0.448E-02
EU157
         175
           0
          84
  0.100E-04  0.000E+00  0.400E+07  0.904E-08  0.450E+07  0.332E-07
  0.500E+07  0.984E-07  0.550E+07  0.251E-06  0.600E+07  0.597E-06
  0.650E+07  0.134E-05  0.700E+07  0.289E-05  0.750E+07  0.594E-05
  0.800E+07  0.117E-04  0.850E+07  0.221E-04  0.900E+07  0.400E-04
  0.950E+07  0.689E-04  0.100E+08  0.113E-03  0.105E+08  0.178E-03
  0.110E+08  0.266E-03  0.115E+08  0.383E-03  0.120E+08  0.529E-03
  0.125E+08  0.707E-03  0.130E+08  0.917E-03  0.135E+08  0.116E-02
  0.140E+08  0.143E-02  0.145E+08  0.173E-02  0.150E+08  0.205E-02
  0.160E+08  0.272E-02  0.170E+08  0.342E-02  0.180E+08  0.403E-02
  0.190E+08  0.449E-02  0.200E+08  0.478E-02  0.210E+08  0.512E-02
  0.220E+08  0.514E-02  0.230E+08  0.506E-02  0.240E+08  0.490E-02
  0.250E+08  0.470E-02  0.260E+08  0.447E-02  0.270E+08  0.421E-02
  0.280E+08  0.413E-02  0.290E+08  0.386E-02  0.300E+08  0.359E-02
  0.310E+08  0.333E-02  0.320E+08  0.308E-02  0.330E+08  0.284E-02
  0.340E+08  0.263E-02  0.350E+08  0.243E-02  0.360E+08  0.224E-02
  0.370E+08  0.207E-02  0.380E+08  0.196E-02  0.390E+08  0.180E-02
  0.400E+08  0.165E-02  0.410E+08  0.151E-02  0.420E+08  0.139E-02
  0.430E+08  0.127E-02  0.440E+08  0.117E-02  0.450E+08  0.984E-03
  0.460E+08  0.915E-03  0.470E+08  0.855E-03  0.480E+08  0.799E-03
  0.490E+08  0.685E-03  0.500E+08  0.667E-03  0.520E+08  0.770E-03
  0.540E+08  0.145E-02  0.560E+08  0.218E-02  0.580E+08  0.305E-02
  0.600E+08  0.398E-02  0.620E+08  0.497E-02  0.640E+08  0.590E-02
  0.660E+08  0.673E-02  0.680E+08  0.731E-02  0.700E+08  0.769E-02
  0.720E+08  0.784E-02  0.740E+08  0.786E-02  0.760E+08  0.778E-02
  0.780E+08  0.769E-02  0.800E+08  0.756E-02  0.820E+08  0.740E-02
  0.840E+08  0.724E-02  0.860E+08  0.673E-02  0.880E+08  0.664E-02
  0.900E+08  0.649E-02  0.920E+08  0.642E-02  0.940E+08  0.645E-02
  0.960E+08  0.630E-02  0.980E+08  0.624E-02  0.100E+09  0.616E-02
EU156
         176
           0
          69
  0.180E+06  0.000E+00  0.115E+08  0.212E-07  0.120E+08  0.272E-06
  0.125E+08  0.111E-05  0.130E+08  0.210E-05  0.135E+08  0.427E-05
  0.140E+08  0.805E-05  0.145E+08  0.145E-04  0.150E+08  0.256E-04
  0.160E+08  0.879E-04  0.170E+08  0.244E-03  0.180E+08  0.573E-03
  0.190E+08  0.115E-02  0.200E+08  0.198E-02  0.210E+08  0.282E-02
  0.220E+08  0.401E-02  0.230E+08  0.527E-02  0.240E+08  0.649E-02
  0.250E+08  0.756E-02  0.260E+08  0.838E-02  0.270E+08  0.889E-02
  0.280E+08  0.920E-02  0.290E+08  0.923E-02  0.300E+08  0.909E-02
  0.310E+08  0.882E-02  0.320E+08  0.862E-02  0.330E+08  0.841E-02
  0.340E+08  0.794E-02  0.350E+08  0.745E-02  0.360E+08  0.695E-02
  0.370E+08  0.624E-02  0.380E+08  0.552E-02  0.390E+08  0.510E-02
  0.400E+08  0.471E-02  0.410E+08  0.434E-02  0.420E+08  0.401E-02
  0.430E+08  0.369E-02  0.440E+08  0.340E-02  0.450E+08  0.307E-02
  0.460E+08  0.281E-02  0.470E+08  0.256E-02  0.480E+08  0.238E-02
  0.490E+08  0.235E-02  0.500E+08  0.215E-02  0.520E+08  0.182E-02
  0.540E+08  0.136E-02  0.560E+08  0.120E-02  0.580E+08  0.105E-02
  0.600E+08  0.915E-03  0.620E+08  0.762E-03  0.640E+08  0.695E-03
  0.660E+08  0.736E-03  0.680E+08  0.981E-03  0.700E+08  0.147E-02
  0.720E+08  0.219E-02  0.740E+08  0.307E-02  0.760E+08  0.399E-02
  0.780E+08  0.478E-02  0.800E+08  0.549E-02  0.820E+08  0.599E-02
  0.840E+08  0.636E-02  0.860E+08  0.650E-02  0.880E+08  0.702E-02
  0.900E+08  0.702E-02  0.920E+08  0.694E-02  0.940E+08  0.732E-02
  0.960E+08  0.720E-02  0.980E+08  0.705E-02  0.100E+09  0.689E-02
EU155
         177
           0
          59
  0.656E+07  0.000E+00  0.180E+08  0.391E-07  0.190E+08  0.126E-05
  0.200E+08  0.674E-05  0.210E+08  0.203E-04  0.220E+08  0.618E-04
  0.230E+08  0.165E-03  0.240E+08  0.401E-03  0.250E+08  0.868E-03
  0.260E+08  0.165E-02  0.270E+08  0.279E-02  0.280E+08  0.397E-02
  0.290E+08  0.557E-02  0.300E+08  0.738E-02  0.310E+08  0.930E-02
  0.320E+08  0.109E-01  0.330E+08  0.128E-01  0.340E+08  0.147E-01
  0.350E+08  0.163E-01  0.360E+08  0.176E-01  0.370E+08  0.187E-01
  0.380E+08  0.191E-01  0.390E+08  0.192E-01  0.400E+08  0.194E-01
  0.410E+08  0.190E-01  0.420E+08  0.183E-01  0.430E+08  0.175E-01
  0.440E+08  0.166E-01  0.450E+08  0.154E-01  0.460E+08  0.145E-01
  0.470E+08  0.131E-01  0.480E+08  0.117E-01  0.490E+08  0.116E-01
  0.500E+08  0.108E-01  0.520E+08  0.921E-02  0.540E+08  0.744E-02
  0.560E+08  0.627E-02  0.580E+08  0.532E-02  0.600E+08  0.453E-02
  0.620E+08  0.389E-02  0.640E+08  0.365E-02  0.660E+08  0.327E-02
  0.680E+08  0.298E-02  0.700E+08  0.276E-02  0.720E+08  0.262E-02
  0.740E+08  0.253E-02  0.760E+08  0.248E-02  0.780E+08  0.252E-02
  0.800E+08  0.247E-02  0.820E+08  0.293E-02  0.840E+08  0.360E-02
  0.860E+08  0.439E-02  0.880E+08  0.480E-02  0.900E+08  0.578E-02
  0.920E+08  0.671E-02  0.940E+08  0.733E-02  0.960E+08  0.794E-02
  0.980E+08  0.877E-02  0.100E+09  0.954E-02
EU154
         178
           0
          50
  0.148E+08  0.000E+00  0.270E+08  0.118E-07  0.280E+08  0.229E-06
  0.290E+08  0.178E-05  0.300E+08  0.805E-05  0.310E+08  0.220E-04
  0.320E+08  0.671E-04  0.330E+08  0.188E-03  0.340E+08  0.437E-03
  0.350E+08  0.895E-03  0.360E+08  0.164E-02  0.370E+08  0.298E-02
  0.380E+08  0.448E-02  0.390E+08  0.626E-02  0.400E+08  0.769E-02
  0.410E+08  0.967E-02  0.420E+08  0.116E-01  0.430E+08  0.133E-01
  0.440E+08  0.147E-01  0.450E+08  0.159E-01  0.460E+08  0.165E-01
  0.470E+08  0.171E-01  0.480E+08  0.170E-01  0.490E+08  0.170E-01
  0.500E+08  0.170E-01  0.520E+08  0.157E-01  0.540E+08  0.136E-01
  0.560E+08  0.116E-01  0.580E+08  0.953E-02  0.600E+08  0.748E-02
  0.620E+08  0.637E-02  0.640E+08  0.518E-02  0.660E+08  0.439E-02
  0.680E+08  0.375E-02  0.700E+08  0.328E-02  0.720E+08  0.299E-02
  0.740E+08  0.314E-02  0.760E+08  0.311E-02  0.780E+08  0.318E-02
  0.800E+08  0.344E-02  0.820E+08  0.365E-02  0.840E+08  0.393E-02
  0.860E+08  0.406E-02  0.880E+08  0.416E-02  0.900E+08  0.431E-02
  0.920E+08  0.431E-02  0.940E+08  0.452E-02  0.960E+08  0.503E-02
  0.980E+08  0.509E-02  0.100E+09  0.527E-02
EU153
         179
           0
          44
  0.212E+08  0.000E+00  0.330E+08  0.785E-11  0.340E+08  0.723E-08
  0.350E+08  0.166E-06  0.360E+08  0.129E-05  0.370E+08  0.805E-05
  0.380E+08  0.274E-04  0.390E+08  0.638E-04  0.400E+08  0.167E-03
  0.410E+08  0.388E-03  0.420E+08  0.803E-03  0.430E+08  0.150E-02
  0.440E+08  0.253E-02  0.450E+08  0.415E-02  0.460E+08  0.596E-02
  0.470E+08  0.853E-02  0.480E+08  0.110E-01  0.490E+08  0.126E-01
  0.500E+08  0.141E-01  0.520E+08  0.194E-01  0.540E+08  0.253E-01
  0.560E+08  0.301E-01  0.580E+08  0.317E-01  0.600E+08  0.320E-01
  0.620E+08  0.308E-01  0.640E+08  0.288E-01  0.660E+08  0.267E-01
  0.680E+08  0.247E-01  0.700E+08  0.226E-01  0.720E+08  0.206E-01
  0.740E+08  0.186E-01  0.760E+08  0.165E-01  0.780E+08  0.145E-01
  0.800E+08  0.124E-01  0.820E+08  0.104E-01  0.840E+08  0.105E-01
  0.860E+08  0.108E-01  0.880E+08  0.113E-01  0.900E+08  0.120E-01
  0.920E+08  0.128E-01  0.940E+08  0.133E-01  0.960E+08  0.142E-01
  0.980E+08  0.150E-01  0.100E+09  0.155E-01
EU152
         180
           0
          35
  0.298E+08  0.000E+00  0.420E+08  0.105E-12  0.430E+08  0.698E-10
  0.440E+08  0.258E-08  0.450E+08  0.347E-07  0.460E+08  0.234E-06
  0.470E+08  0.149E-05  0.480E+08  0.844E-05  0.490E+08  0.670E-05
  0.500E+08  0.203E-04  0.520E+08  0.130E-03  0.540E+08  0.720E-03
  0.560E+08  0.257E-02  0.580E+08  0.522E-02  0.600E+08  0.870E-02
  0.620E+08  0.123E-01  0.640E+08  0.183E-01  0.660E+08  0.205E-01
  0.680E+08  0.225E-01  0.700E+08  0.235E-01  0.720E+08  0.235E-01
  0.740E+08  0.228E-01  0.760E+08  0.217E-01  0.780E+08  0.201E-01
  0.800E+08  0.177E-01  0.820E+08  0.156E-01  0.840E+08  0.143E-01
  0.860E+08  0.130E-01  0.880E+08  0.119E-01  0.900E+08  0.111E-01
  0.920E+08  0.108E-01  0.940E+08  0.106E-01  0.960E+08  0.132E-01
  0.980E+08  0.129E-01  0.100E+09  0.132E-01
EU151
         181
           0
          28
  0.362E+08  0.000E+00  0.480E+08  0.184E-13  0.500E+08  0.155E-11
  0.520E+08  0.339E-08  0.540E+08  0.266E-06  0.560E+08  0.158E-04
  0.580E+08  0.106E-03  0.600E+08  0.458E-03  0.620E+08  0.132E-02
  0.640E+08  0.383E-02  0.660E+08  0.721E-02  0.680E+08  0.117E-01
  0.700E+08  0.171E-01  0.720E+08  0.229E-01  0.740E+08  0.286E-01
  0.760E+08  0.337E-01  0.780E+08  0.378E-01  0.800E+08  0.416E-01
  0.820E+08  0.433E-01  0.840E+08  0.434E-01  0.860E+08  0.429E-01
  0.880E+08  0.377E-01  0.900E+08  0.360E-01  0.920E+08  0.338E-01
  0.940E+08  0.318E-01  0.960E+08  0.293E-01  0.980E+08  0.275E-01
  0.100E+09  0.259E-01
EU150
         182
           0
          23
  0.442E+08  0.000E+00  0.580E+08  0.200E-12  0.600E+08  0.233E-09
  0.620E+08  0.999E-08  0.640E+08  0.460E-06  0.660E+08  0.467E-05
  0.680E+08  0.293E-04  0.700E+08  0.124E-03  0.720E+08  0.388E-03
  0.740E+08  0.907E-03  0.760E+08  0.187E-02  0.780E+08  0.337E-02
  0.800E+08  0.585E-02  0.820E+08  0.833E-02  0.840E+08  0.108E-01
  0.860E+08  0.133E-01  0.880E+08  0.158E-01  0.900E+08  0.183E-01
  0.920E+08  0.207E-01  0.940E+08  0.232E-01  0.960E+08  0.257E-01
  0.980E+08  0.242E-01  0.100E+09  0.240E-01
EU149
         183
           0
          20
  0.506E+08  0.000E+00  0.640E+08  0.134E-15  0.660E+08  0.954E-12
  0.680E+08  0.146E-09  0.700E+08  0.541E-08  0.720E+08  0.899E-07
  0.740E+08  0.897E-06  0.760E+08  0.571E-05  0.780E+08  0.259E-04
  0.800E+08  0.121E-03  0.820E+08  0.377E-03  0.840E+08  0.782E-03
  0.860E+08  0.152E-02  0.880E+08  0.318E-02  0.900E+08  0.496E-02
  0.920E+08  0.708E-02  0.940E+08  0.925E-02  0.960E+08  0.120E-01
  0.980E+08  0.148E-01  0.100E+09  0.178E-01
EU148
         184
           0
          15
  0.589E+08  0.000E+00  0.740E+08  0.278E-15  0.760E+08  0.106E-11
  0.780E+08  0.142E-10  0.800E+08  0.808E-09  0.820E+08  0.140E-07
  0.840E+08  0.892E-07  0.860E+08  0.457E-06  0.880E+08  0.267E-05
  0.900E+08  0.100E-04  0.920E+08  0.280E-04  0.940E+08  0.610E-04
  0.960E+08  0.105E-03  0.980E+08  0.285E-03  0.100E+09  0.531E-03
EU147
         185
           0
          12
  0.658E+08  0.000E+00  0.800E+08  0.185E-17  0.820E+08  0.152E-13
  0.840E+08  0.141E-11  0.860E+08  0.447E-10  0.880E+08  0.104E-08
  0.900E+08  0.142E-07  0.920E+08  0.102E-06  0.940E+08  0.550E-06
  0.960E+08  0.178E-05  0.980E+08  0.955E-05  0.100E+09  0.327E-04
EU146
         186
           0
           8
  0.743E+08  0.000E+00  0.880E+08  0.237E-19  0.900E+08  0.811E-15
  0.920E+08  0.161E-12  0.940E+08  0.704E-11  0.960E+08  0.136E-09
  0.980E+08  0.228E-08  0.100E+09  0.242E-07
EU145
         187
           0
           4
  0.816E+08  0.000E+00  0.960E+08  0.384E-19  0.980E+08  0.129E-15
  0.100E+09  0.236E-13
SM158
         219
           0
          46
  0.165E+08  0.000E+00  0.310E+08  0.157E-21  0.320E+08  0.728E-20
  0.330E+08  0.714E-19  0.340E+08  0.663E-18  0.350E+08  0.472E-17
  0.360E+08  0.264E-16  0.370E+08  0.142E-15  0.380E+08  0.583E-15
  0.390E+08  0.229E-14  0.400E+08  0.747E-14  0.410E+08  0.220E-13
  0.420E+08  0.601E-13  0.430E+08  0.120E-12  0.440E+08  0.281E-12
  0.450E+08  0.584E-12  0.460E+08  0.111E-11  0.470E+08  0.217E-11
  0.480E+08  0.347E-11  0.490E+08  0.391E-11  0.500E+08  0.724E-11
  0.520E+08  0.136E-10  0.540E+08  0.213E-10  0.560E+08  0.329E-10
  0.580E+08  0.564E-10  0.600E+08  0.129E-09  0.620E+08  0.342E-09
  0.640E+08  0.738E-09  0.660E+08  0.135E-08  0.680E+08  0.182E-08
  0.700E+08  0.253E-08  0.720E+08  0.320E-08  0.740E+08  0.374E-08
  0.760E+08  0.415E-08  0.780E+08  0.498E-08  0.800E+08  0.528E-08
  0.820E+08  0.559E-08  0.840E+08  0.565E-08  0.860E+08  0.602E-08
  0.880E+08  0.638E-08  0.900E+08  0.371E-08  0.920E+08  0.389E-08
  0.940E+08  0.439E-08  0.960E+08  0.457E-08  0.980E+08  0.468E-08
  0.100E+09  0.466E-08
SM157
         220
           0
          42
  0.207E+08  0.000E+00  0.350E+08  0.545E-22  0.360E+08  0.827E-20
  0.370E+08  0.321E-18  0.380E+08  0.520E-17  0.390E+08  0.476E-16
  0.400E+08  0.357E-15  0.410E+08  0.217E-14  0.420E+08  0.856E-14
  0.430E+08  0.335E-13  0.440E+08  0.110E-12  0.450E+08  0.356E-12
  0.460E+08  0.105E-11  0.470E+08  0.313E-11  0.480E+08  0.710E-11
  0.490E+08  0.164E-10  0.500E+08  0.289E-10  0.520E+08  0.765E-10
  0.540E+08  0.195E-09  0.560E+08  0.382E-09  0.580E+08  0.595E-09
  0.600E+08  0.846E-09  0.620E+08  0.116E-08  0.640E+08  0.160E-08
  0.660E+08  0.233E-08  0.680E+08  0.346E-08  0.700E+08  0.662E-08
  0.720E+08  0.125E-07  0.740E+08  0.221E-07  0.760E+08  0.351E-07
  0.780E+08  0.540E-07  0.800E+08  0.705E-07  0.820E+08  0.842E-07
  0.840E+08  0.983E-07  0.860E+08  0.108E-06  0.880E+08  0.114E-06
  0.900E+08  0.104E-06  0.920E+08  0.105E-06  0.940E+08  0.112E-06
  0.960E+08  0.112E-06  0.980E+08  0.111E-06  0.100E+09  0.969E-07
SM156
         221
           0
          61
  0.111E+06  0.000E+00  0.160E+08  0.136E-15  0.170E+08  0.513E-14
  0.180E+08  0.431E-13  0.190E+08  0.296E-12  0.200E+08  0.183E-11
  0.210E+08  0.843E-11  0.220E+08  0.324E-10  0.230E+08  0.113E-09
  0.240E+08  0.314E-09  0.250E+08  0.798E-09  0.260E+08  0.188E-08
  0.270E+08  0.416E-08  0.280E+08  0.807E-08  0.290E+08  0.149E-07
  0.300E+08  0.256E-07  0.310E+08  0.398E-07  0.320E+08  0.516E-07
  0.330E+08  0.733E-07  0.340E+08  0.982E-07  0.350E+08  0.124E-06
  0.360E+08  0.149E-06  0.370E+08  0.172E-06  0.380E+08  0.198E-06
  0.390E+08  0.231E-06  0.400E+08  0.246E-06  0.410E+08  0.257E-06
  0.420E+08  0.296E-06  0.430E+08  0.303E-06  0.440E+08  0.308E-06
  0.450E+08  0.311E-06  0.460E+08  0.313E-06  0.470E+08  0.314E-06
  0.480E+08  0.281E-06  0.490E+08  0.239E-06  0.500E+08  0.291E-06
  0.520E+08  0.291E-06  0.540E+08  0.292E-06  0.560E+08  0.264E-06
  0.580E+08  0.267E-06  0.600E+08  0.279E-06  0.620E+08  0.300E-06
  0.640E+08  0.357E-06  0.660E+08  0.435E-06  0.680E+08  0.484E-06
  0.700E+08  0.536E-06  0.720E+08  0.547E-06  0.740E+08  0.594E-06
  0.760E+08  0.632E-06  0.780E+08  0.679E-06  0.800E+08  0.755E-06
  0.820E+08  0.603E-06  0.840E+08  0.655E-06  0.860E+08  0.773E-06
  0.880E+08  0.895E-06  0.900E+08  0.107E-05  0.920E+08  0.127E-05
  0.940E+08  0.152E-05  0.960E+08  0.176E-05  0.980E+08  0.202E-05
  0.100E+09  0.203E-05
SM155
         222
           0
          56
  0.517E+07  0.000E+00  0.210E+08  0.530E-16  0.220E+08  0.320E-14
  0.230E+08  0.547E-13  0.240E+08  0.137E-11  0.250E+08  0.159E-10
  0.260E+08  0.757E-10  0.270E+08  0.369E-09  0.280E+08  0.132E-08
  0.290E+08  0.410E-08  0.300E+08  0.112E-07  0.310E+08  0.222E-07
  0.320E+08  0.438E-07  0.330E+08  0.905E-07  0.340E+08  0.174E-06
  0.350E+08  0.305E-06  0.360E+08  0.501E-06  0.370E+08  0.774E-06
  0.380E+08  0.116E-05  0.390E+08  0.168E-05  0.400E+08  0.215E-05
  0.410E+08  0.251E-05  0.420E+08  0.289E-05  0.430E+08  0.325E-05
  0.440E+08  0.354E-05  0.450E+08  0.376E-05  0.460E+08  0.391E-05
  0.470E+08  0.400E-05  0.480E+08  0.372E-05  0.490E+08  0.370E-05
  0.500E+08  0.359E-05  0.520E+08  0.346E-05  0.540E+08  0.330E-05
  0.560E+08  0.288E-05  0.580E+08  0.271E-05  0.600E+08  0.258E-05
  0.620E+08  0.248E-05  0.640E+08  0.257E-05  0.660E+08  0.253E-05
  0.680E+08  0.247E-05  0.700E+08  0.246E-05  0.720E+08  0.234E-05
  0.740E+08  0.247E-05  0.760E+08  0.267E-05  0.780E+08  0.295E-05
  0.800E+08  0.334E-05  0.820E+08  0.443E-05  0.840E+08  0.466E-05
  0.860E+08  0.498E-05  0.880E+08  0.498E-05  0.900E+08  0.504E-05
  0.920E+08  0.506E-05  0.940E+08  0.525E-05  0.960E+08  0.551E-05
  0.980E+08  0.585E-05  0.100E+09  0.596E-05
SM154
         223
           0
          50
  0.110E+08  0.000E+00  0.270E+08  0.118E-15  0.280E+08  0.310E-13
  0.290E+08  0.705E-12  0.300E+08  0.826E-11  0.310E+08  0.583E-10
  0.320E+08  0.346E-09  0.330E+08  0.153E-08  0.340E+08  0.558E-08
  0.350E+08  0.173E-07  0.360E+08  0.477E-07  0.370E+08  0.120E-06
  0.380E+08  0.286E-06  0.390E+08  0.608E-06  0.400E+08  0.112E-05
  0.410E+08  0.210E-05  0.420E+08  0.346E-05  0.430E+08  0.537E-05
  0.440E+08  0.795E-05  0.450E+08  0.114E-04  0.460E+08  0.157E-04
  0.470E+08  0.215E-04  0.480E+08  0.264E-04  0.490E+08  0.323E-04
  0.500E+08  0.394E-04  0.520E+08  0.544E-04  0.540E+08  0.701E-04
  0.560E+08  0.791E-04  0.580E+08  0.874E-04  0.600E+08  0.919E-04
  0.620E+08  0.944E-04  0.640E+08  0.977E-04  0.660E+08  0.956E-04
  0.680E+08  0.941E-04  0.700E+08  0.979E-04  0.720E+08  0.682E-04
  0.740E+08  0.687E-04  0.760E+08  0.678E-04  0.780E+08  0.675E-04
  0.800E+08  0.661E-04  0.820E+08  0.658E-04  0.840E+08  0.668E-04
  0.860E+08  0.751E-04  0.880E+08  0.755E-04  0.900E+08  0.797E-04
  0.920E+08  0.818E-04  0.940E+08  0.841E-04  0.960E+08  0.846E-04
  0.980E+08  0.845E-04  0.100E+09  0.837E-04
SM153
         224
           0
          42
  0.190E+08  0.000E+00  0.350E+08  0.632E-18  0.360E+08  0.198E-14
  0.370E+08  0.128E-12  0.380E+08  0.351E-11  0.390E+08  0.316E-10
  0.400E+08  0.321E-09  0.410E+08  0.189E-08  0.420E+08  0.718E-08
  0.430E+08  0.231E-07  0.440E+08  0.665E-07  0.450E+08  0.177E-06
  0.460E+08  0.379E-06  0.470E+08  0.891E-06  0.480E+08  0.182E-05
  0.490E+08  0.284E-05  0.500E+08  0.519E-05  0.520E+08  0.143E-04
  0.540E+08  0.308E-04  0.560E+08  0.566E-04  0.580E+08  0.910E-04
  0.600E+08  0.128E-03  0.620E+08  0.163E-03  0.640E+08  0.196E-03
  0.660E+08  0.217E-03  0.680E+08  0.232E-03  0.700E+08  0.234E-03
  0.720E+08  0.225E-03  0.740E+08  0.227E-03  0.760E+08  0.230E-03
  0.780E+08  0.180E-03  0.800E+08  0.174E-03  0.820E+08  0.171E-03
  0.840E+08  0.170E-03  0.860E+08  0.163E-03  0.880E+08  0.159E-03
  0.900E+08  0.163E-03  0.920E+08  0.167E-03  0.940E+08  0.170E-03
  0.960E+08  0.166E-03  0.980E+08  0.167E-03  0.100E+09  0.168E-03
SM152
         225
           0
          36
  0.249E+08  0.000E+00  0.410E+08  0.670E-16  0.420E+08  0.243E-13
  0.430E+08  0.766E-12  0.440E+08  0.106E-10  0.450E+08  0.156E-09
  0.460E+08  0.895E-09  0.470E+08  0.413E-08  0.480E+08  0.166E-07
  0.490E+08  0.183E-07  0.500E+08  0.580E-07  0.520E+08  0.410E-06
  0.540E+08  0.214E-05  0.560E+08  0.796E-05  0.580E+08  0.237E-04
  0.600E+08  0.553E-04  0.620E+08  0.113E-03  0.640E+08  0.207E-03
  0.660E+08  0.350E-03  0.680E+08  0.543E-03  0.700E+08  0.790E-03
  0.720E+08  0.111E-02  0.740E+08  0.143E-02  0.760E+08  0.173E-02
  0.780E+08  0.197E-02  0.800E+08  0.218E-02  0.820E+08  0.241E-02
  0.840E+08  0.253E-02  0.860E+08  0.259E-02  0.880E+08  0.258E-02
  0.900E+08  0.258E-02  0.920E+08  0.253E-02  0.940E+08  0.250E-02
  0.960E+08  0.241E-02  0.980E+08  0.244E-02  0.100E+09  0.190E-02
SM151
         226
           0
          26
  0.332E+08  0.000E+00  0.520E+08  0.589E-13  0.540E+08  0.118E-10
  0.560E+08  0.489E-09  0.580E+08  0.464E-08  0.600E+08  0.523E-07
  0.620E+08  0.375E-06  0.640E+08  0.177E-05  0.660E+08  0.611E-05
  0.680E+08  0.203E-04  0.700E+08  0.588E-04  0.720E+08  0.173E-03
  0.740E+08  0.345E-03  0.760E+08  0.599E-03  0.780E+08  0.998E-03
  0.800E+08  0.139E-02  0.820E+08  0.172E-02  0.840E+08  0.205E-02
  0.860E+08  0.235E-02  0.880E+08  0.257E-02  0.900E+08  0.272E-02
  0.920E+08  0.279E-02  0.940E+08  0.282E-02  0.960E+08  0.276E-02
  0.980E+08  0.298E-02  0.100E+09  0.304E-02
SM150
         227
           0
          24
  0.389E+08  0.000E+00  0.560E+08  0.293E-19  0.580E+08  0.196E-13
  0.600E+08  0.553E-11  0.620E+08  0.281E-09  0.640E+08  0.516E-08
  0.660E+08  0.673E-07  0.680E+08  0.507E-06  0.700E+08  0.301E-05
  0.720E+08  0.184E-04  0.740E+08  0.598E-04  0.760E+08  0.155E-03
  0.780E+08  0.413E-03  0.800E+08  0.810E-03  0.820E+08  0.143E-02
  0.840E+08  0.212E-02  0.860E+08  0.306E-02  0.880E+08  0.416E-02
  0.900E+08  0.539E-02  0.920E+08  0.655E-02  0.940E+08  0.764E-02
  0.960E+08  0.854E-02  0.980E+08  0.922E-02  0.100E+09  0.995E-02
SM149
         228
           0
          20
  0.469E+08  0.000E+00  0.640E+08  0.384E-20  0.660E+08  0.358E-15
  0.680E+08  0.204E-12  0.700E+08  0.160E-10  0.720E+08  0.788E-09
  0.740E+08  0.130E-07  0.760E+08  0.119E-06  0.780E+08  0.127E-05
  0.800E+08  0.642E-05  0.820E+08  0.176E-04  0.840E+08  0.472E-04
  0.860E+08  0.109E-03  0.880E+08  0.242E-03  0.900E+08  0.481E-03
  0.920E+08  0.831E-03  0.940E+08  0.129E-02  0.960E+08  0.189E-02
  0.980E+08  0.244E-02  0.100E+09  0.355E-02
SM148
         229
           0
          17
  0.528E+08  0.000E+00  0.700E+08  0.120E-19  0.720E+08  0.657E-15
  0.740E+08  0.474E-13  0.760E+08  0.380E-11  0.780E+08  0.296E-09
  0.800E+08  0.610E-08  0.820E+08  0.445E-07  0.840E+08  0.158E-06
  0.860E+08  0.898E-06  0.880E+08  0.400E-05  0.900E+08  0.145E-04
  0.920E+08  0.405E-04  0.940E+08  0.932E-04  0.960E+08  0.197E-03
  0.980E+08  0.331E-03  0.100E+09  0.706E-03
SM147
         230
           0
          13
  0.610E+08  0.000E+00  0.780E+08  0.506E-22  0.800E+08  0.171E-17
  0.820E+08  0.447E-15  0.840E+08  0.159E-13  0.860E+08  0.842E-12
  0.880E+08  0.206E-10  0.900E+08  0.335E-09  0.920E+08  0.298E-08
  0.940E+08  0.190E-07  0.960E+08  0.898E-07  0.980E+08  0.318E-06
  0.100E+09  0.128E-05
SM146
         231
           0
           9
  0.674E+08  0.000E+00  0.860E+08  0.213E-21  0.880E+08  0.105E-17
  0.900E+08  0.355E-15  0.920E+08  0.248E-13  0.940E+08  0.933E-12
  0.960E+08  0.146E-10  0.980E+08  0.178E-09  0.100E+09  0.186E-08
SM145
         232
           0
           5
  0.759E+08  0.000E+00  0.940E+08  0.135E-23  0.960E+08  0.556E-20
  0.980E+08  0.508E-17  0.100E+09  0.901E-15
SM144
         233
           0
           2
  0.827E+08  0.000E+00  0.100E+09  0.159E-27
PM157
         254
           0
          31
  0.270E+08  0.000E+00  0.460E+08  0.161E-28  0.470E+08  0.989E-26
  0.480E+08  0.276E-24  0.490E+08  0.664E-23  0.500E+08  0.238E-22
  0.520E+08  0.999E-21  0.540E+08  0.245E-19  0.560E+08  0.366E-18
  0.580E+08  0.354E-17  0.600E+08  0.258E-16  0.620E+08  0.148E-15
  0.640E+08  0.874E-15  0.660E+08  0.347E-14  0.680E+08  0.800E-14
  0.700E+08  0.180E-13  0.720E+08  0.351E-13  0.740E+08  0.541E-13
  0.760E+08  0.863E-13  0.780E+08  0.134E-12  0.800E+08  0.188E-12
  0.820E+08  0.262E-12  0.840E+08  0.292E-12  0.860E+08  0.366E-12
  0.880E+08  0.461E-12  0.900E+08  0.578E-12  0.920E+08  0.751E-12
  0.940E+08  0.107E-11  0.960E+08  0.152E-11  0.980E+08  0.230E-11
  0.100E+09  0.291E-11
PM156
         255
           0
          27
  0.315E+08  0.000E+00  0.500E+08  0.437E-26  0.520E+08  0.123E-22
  0.540E+08  0.423E-20  0.560E+08  0.120E-18  0.580E+08  0.274E-17
  0.600E+08  0.339E-16  0.620E+08  0.293E-15  0.640E+08  0.283E-14
  0.660E+08  0.118E-13  0.680E+08  0.465E-13  0.700E+08  0.166E-12
  0.720E+08  0.461E-12  0.740E+08  0.998E-12  0.760E+08  0.219E-11
  0.780E+08  0.438E-11  0.800E+08  0.764E-11  0.820E+08  0.116E-10
  0.840E+08  0.148E-10  0.860E+08  0.194E-10  0.880E+08  0.226E-10
  0.900E+08  0.253E-10  0.920E+08  0.271E-10  0.940E+08  0.301E-10
  0.960E+08  0.323E-10  0.980E+08  0.335E-10  0.100E+09  0.326E-10
PM155
         256
           0
          47
  0.974E+07  0.000E+00  0.300E+08  0.214E-21  0.310E+08  0.917E-20
  0.320E+08  0.184E-18  0.330E+08  0.162E-17  0.340E+08  0.116E-16
  0.350E+08  0.648E-16  0.360E+08  0.298E-15  0.370E+08  0.113E-14
  0.380E+08  0.412E-14  0.390E+08  0.124E-13  0.400E+08  0.371E-13
  0.410E+08  0.103E-12  0.420E+08  0.283E-12  0.430E+08  0.671E-12
  0.440E+08  0.147E-11  0.450E+08  0.309E-11  0.460E+08  0.587E-11
  0.470E+08  0.114E-10  0.480E+08  0.178E-10  0.490E+08  0.235E-10
  0.500E+08  0.371E-10  0.520E+08  0.690E-10  0.540E+08  0.109E-09
  0.560E+08  0.152E-09  0.580E+08  0.218E-09  0.600E+08  0.435E-09
  0.620E+08  0.705E-09  0.640E+08  0.123E-08  0.660E+08  0.211E-08
  0.680E+08  0.330E-08  0.700E+08  0.474E-08  0.720E+08  0.619E-08
  0.740E+08  0.746E-08  0.760E+08  0.881E-08  0.780E+08  0.926E-08
  0.800E+08  0.101E-07  0.820E+08  0.111E-07  0.840E+08  0.760E-08
  0.860E+08  0.857E-08  0.880E+08  0.956E-08  0.900E+08  0.107E-07
  0.920E+08  0.146E-07  0.940E+08  0.151E-07  0.960E+08  0.157E-07
  0.980E+08  0.164E-07  0.100E+09  0.165E-07
PM154
         257
           0
          42
  0.142E+08  0.000E+00  0.350E+08  0.220E-21  0.360E+08  0.290E-19
  0.370E+08  0.746E-18  0.380E+08  0.129E-16  0.390E+08  0.118E-15
  0.400E+08  0.886E-15  0.410E+08  0.557E-14  0.420E+08  0.278E-13
  0.430E+08  0.113E-12  0.440E+08  0.397E-12  0.450E+08  0.128E-11
  0.460E+08  0.364E-11  0.470E+08  0.107E-10  0.480E+08  0.239E-10
  0.490E+08  0.425E-10  0.500E+08  0.915E-10  0.520E+08  0.306E-09
  0.540E+08  0.844E-09  0.560E+08  0.181E-08  0.580E+08  0.324E-08
  0.600E+08  0.512E-08  0.620E+08  0.703E-08  0.640E+08  0.898E-08
  0.660E+08  0.117E-07  0.680E+08  0.144E-07  0.700E+08  0.191E-07
  0.720E+08  0.267E-07  0.740E+08  0.399E-07  0.760E+08  0.591E-07
  0.780E+08  0.820E-07  0.800E+08  0.111E-06  0.820E+08  0.161E-06
  0.840E+08  0.180E-06  0.860E+08  0.205E-06  0.880E+08  0.224E-06
  0.900E+08  0.238E-06  0.920E+08  0.330E-06  0.940E+08  0.325E-06
  0.960E+08  0.332E-06  0.980E+08  0.342E-06  0.100E+09  0.345E-06
PM153
         258
           0
          61
  0.100E-04  0.000E+00  0.160E+08  0.286E-16  0.170E+08  0.189E-14
  0.180E+08  0.160E-13  0.190E+08  0.845E-13  0.200E+08  0.357E-12
  0.210E+08  0.153E-11  0.220E+08  0.504E-11  0.230E+08  0.151E-10
  0.240E+08  0.418E-10  0.250E+08  0.854E-10  0.260E+08  0.206E-09
  0.270E+08  0.468E-09  0.280E+08  0.867E-09  0.290E+08  0.174E-08
  0.300E+08  0.332E-08  0.310E+08  0.594E-08  0.320E+08  0.996E-08
  0.330E+08  0.156E-07  0.340E+08  0.232E-07  0.350E+08  0.320E-07
  0.360E+08  0.415E-07  0.370E+08  0.510E-07  0.380E+08  0.658E-07
  0.390E+08  0.737E-07  0.400E+08  0.799E-07  0.410E+08  0.725E-07
  0.420E+08  0.750E-07  0.430E+08  0.762E-07  0.440E+08  0.765E-07
  0.450E+08  0.828E-07  0.460E+08  0.818E-07  0.470E+08  0.802E-07
  0.480E+08  0.784E-07  0.490E+08  0.511E-07  0.500E+08  0.495E-07
  0.520E+08  0.466E-07  0.540E+08  0.555E-07  0.560E+08  0.540E-07
  0.580E+08  0.556E-07  0.600E+08  0.626E-07  0.620E+08  0.825E-07
  0.640E+08  0.119E-06  0.660E+08  0.180E-06  0.680E+08  0.275E-06
  0.700E+08  0.423E-06  0.720E+08  0.589E-06  0.740E+08  0.764E-06
  0.760E+08  0.955E-06  0.780E+08  0.117E-05  0.800E+08  0.130E-05
  0.820E+08  0.147E-05  0.840E+08  0.154E-05  0.860E+08  0.180E-05
  0.880E+08  0.198E-05  0.900E+08  0.223E-05  0.920E+08  0.260E-05
  0.940E+08  0.284E-05  0.960E+08  0.317E-05  0.980E+08  0.361E-05
  0.100E+09  0.404E-05
PM152
         259
           0
          53
  0.144E+07  0.000E+00  0.240E+08  0.208E-13  0.250E+08  0.426E-12
  0.260E+08  0.325E-11  0.270E+08  0.164E-10  0.280E+08  0.511E-10
  0.290E+08  0.143E-09  0.300E+08  0.455E-09  0.310E+08  0.131E-08
  0.320E+08  0.342E-08  0.330E+08  0.808E-08  0.340E+08  0.178E-07
  0.350E+08  0.354E-07  0.360E+08  0.654E-07  0.370E+08  0.114E-06
  0.380E+08  0.202E-06  0.390E+08  0.308E-06  0.400E+08  0.445E-06
  0.410E+08  0.548E-06  0.420E+08  0.714E-06  0.430E+08  0.886E-06
  0.440E+08  0.986E-06  0.450E+08  0.112E-05  0.460E+08  0.120E-05
  0.470E+08  0.126E-05  0.480E+08  0.130E-05  0.490E+08  0.115E-05
  0.500E+08  0.113E-05  0.520E+08  0.105E-05  0.540E+08  0.942E-06
  0.560E+08  0.835E-06  0.580E+08  0.726E-06  0.600E+08  0.628E-06
  0.620E+08  0.581E-06  0.640E+08  0.638E-06  0.660E+08  0.523E-06
  0.680E+08  0.515E-06  0.700E+08  0.602E-06  0.720E+08  0.896E-06
  0.740E+08  0.140E-05  0.760E+08  0.223E-05  0.780E+08  0.336E-05
  0.800E+08  0.468E-05  0.820E+08  0.643E-05  0.840E+08  0.767E-05
  0.860E+08  0.103E-04  0.880E+08  0.115E-04  0.900E+08  0.125E-04
  0.920E+08  0.135E-04  0.940E+08  0.137E-04  0.960E+08  0.136E-04
  0.980E+08  0.138E-04  0.100E+09  0.138E-04
PM151
         260
           0
          47
  0.742E+07  0.000E+00  0.300E+08  0.942E-15  0.310E+08  0.211E-12
  0.320E+08  0.306E-11  0.330E+08  0.228E-10  0.340E+08  0.115E-09
  0.350E+08  0.453E-09  0.360E+08  0.155E-08  0.370E+08  0.502E-08
  0.380E+08  0.121E-07  0.390E+08  0.304E-07  0.400E+08  0.698E-07
  0.410E+08  0.137E-06  0.420E+08  0.268E-06  0.430E+08  0.488E-06
  0.440E+08  0.895E-06  0.450E+08  0.151E-05  0.460E+08  0.220E-05
  0.470E+08  0.315E-05  0.480E+08  0.444E-05  0.490E+08  0.600E-05
  0.500E+08  0.768E-05  0.520E+08  0.116E-04  0.540E+08  0.143E-04
  0.560E+08  0.172E-04  0.580E+08  0.187E-04  0.600E+08  0.189E-04
  0.620E+08  0.192E-04  0.640E+08  0.178E-04  0.660E+08  0.156E-04
  0.680E+08  0.149E-04  0.700E+08  0.131E-04  0.720E+08  0.120E-04
  0.740E+08  0.110E-04  0.760E+08  0.103E-04  0.780E+08  0.107E-04
  0.800E+08  0.120E-04  0.820E+08  0.151E-04  0.840E+08  0.214E-04
  0.860E+08  0.289E-04  0.880E+08  0.385E-04  0.900E+08  0.500E-04
  0.920E+08  0.617E-04  0.940E+08  0.771E-04  0.960E+08  0.881E-04
  0.980E+08  0.995E-04  0.100E+09  0.108E-03
PM150
         261
           0
          39
  0.153E+08  0.000E+00  0.380E+08  0.638E-16  0.390E+08  0.208E-13
  0.400E+08  0.532E-12  0.410E+08  0.531E-11  0.420E+08  0.342E-10
  0.430E+08  0.169E-09  0.440E+08  0.781E-09  0.450E+08  0.284E-08
  0.460E+08  0.862E-08  0.470E+08  0.253E-07  0.480E+08  0.680E-07
  0.490E+08  0.162E-06  0.500E+08  0.359E-06  0.520E+08  0.131E-05
  0.540E+08  0.535E-05  0.560E+08  0.117E-04  0.580E+08  0.207E-04
  0.600E+08  0.312E-04  0.620E+08  0.430E-04  0.640E+08  0.522E-04
  0.660E+08  0.582E-04  0.680E+08  0.709E-04  0.700E+08  0.724E-04
  0.720E+08  0.747E-04  0.740E+08  0.730E-04  0.760E+08  0.574E-04
  0.780E+08  0.542E-04  0.800E+08  0.490E-04  0.820E+08  0.429E-04
  0.840E+08  0.393E-04  0.860E+08  0.387E-04  0.880E+08  0.389E-04
  0.900E+08  0.417E-04  0.920E+08  0.481E-04  0.940E+08  0.589E-04
  0.960E+08  0.718E-04  0.980E+08  0.884E-04  0.100E+09  0.107E-03
PM149
         262
           0
          33
  0.210E+08  0.000E+00  0.440E+08  0.851E-15  0.450E+08  0.499E-13
  0.460E+08  0.848E-12  0.470E+08  0.886E-11  0.480E+08  0.558E-10
  0.490E+08  0.924E-10  0.500E+08  0.444E-09  0.520E+08  0.639E-08
  0.540E+08  0.972E-07  0.560E+08  0.557E-06  0.580E+08  0.224E-05
  0.600E+08  0.684E-05  0.620E+08  0.167E-04  0.640E+08  0.345E-04
  0.660E+08  0.625E-04  0.680E+08  0.951E-04  0.700E+08  0.141E-03
  0.720E+08  0.201E-03  0.740E+08  0.259E-03  0.760E+08  0.305E-03
  0.780E+08  0.348E-03  0.800E+08  0.372E-03  0.820E+08  0.374E-03
  0.840E+08  0.372E-03  0.860E+08  0.367E-03  0.880E+08  0.359E-03
  0.900E+08  0.338E-03  0.920E+08  0.313E-03  0.940E+08  0.316E-03
  0.960E+08  0.294E-03  0.980E+08  0.275E-03  0.100E+09  0.299E-03
PM148
         263
           0
          25
  0.283E+08  0.000E+00  0.540E+08  0.282E-13  0.560E+08  0.416E-11
  0.580E+08  0.133E-09  0.600E+08  0.495E-08  0.620E+08  0.404E-07
  0.640E+08  0.270E-06  0.660E+08  0.132E-05  0.680E+08  0.494E-05
  0.700E+08  0.143E-04  0.720E+08  0.347E-04  0.740E+08  0.713E-04
  0.760E+08  0.145E-03  0.780E+08  0.227E-03  0.800E+08  0.328E-03
  0.820E+08  0.431E-03  0.840E+08  0.505E-03  0.860E+08  0.569E-03
  0.880E+08  0.639E-03  0.900E+08  0.692E-03  0.920E+08  0.717E-03
  0.940E+08  0.728E-03  0.960E+08  0.654E-03  0.980E+08  0.627E-03
  0.100E+09  0.623E-03
PM147
         264
           0
          22
  0.342E+08  0.000E+00  0.600E+08  0.177E-14  0.620E+08  0.224E-12
  0.640E+08  0.123E-10  0.660E+08  0.244E-09  0.680E+08  0.265E-08
  0.700E+08  0.225E-07  0.720E+08  0.144E-06  0.740E+08  0.673E-06
  0.760E+08  0.351E-05  0.780E+08  0.979E-05  0.800E+08  0.241E-04
  0.820E+08  0.503E-04  0.840E+08  0.800E-04  0.860E+08  0.122E-03
  0.880E+08  0.184E-03  0.900E+08  0.256E-03  0.920E+08  0.332E-03
  0.940E+08  0.387E-03  0.960E+08  0.530E-03  0.980E+08  0.603E-03
  0.100E+09  0.618E-03
PM146
         265
           0
          19
  0.419E+08  0.000E+00  0.660E+08  0.901E-20  0.680E+08  0.219E-16
  0.700E+08  0.343E-14  0.720E+08  0.157E-12  0.740E+08  0.219E-11
  0.760E+08  0.425E-10  0.780E+08  0.409E-09  0.800E+08  0.414E-08
  0.820E+08  0.291E-07  0.840E+08  0.106E-06  0.860E+08  0.379E-06
  0.880E+08  0.128E-05  0.900E+08  0.351E-05  0.920E+08  0.810E-05
  0.940E+08  0.129E-04  0.960E+08  0.277E-04  0.980E+08  0.502E-04
  0.100E+09  0.780E-04
PM145
         266
           0
          15
  0.482E+08  0.000E+00  0.740E+08  0.432E-20  0.760E+08  0.930E-17
  0.780E+08  0.138E-14  0.800E+08  0.128E-12  0.820E+08  0.544E-11
  0.840E+08  0.697E-10  0.860E+08  0.135E-08  0.880E+08  0.116E-07
  0.900E+08  0.719E-07  0.920E+08  0.325E-06  0.940E+08  0.110E-05
  0.960E+08  0.394E-05  0.980E+08  0.118E-04  0.100E+09  0.279E-04
PM144
         267
           0
          11
  0.562E+08  0.000E+00  0.820E+08  0.265E-19  0.840E+08  0.168E-16
  0.860E+08  0.250E-14  0.880E+08  0.165E-12  0.900E+08  0.498E-11
  0.920E+08  0.750E-10  0.940E+08  0.806E-09  0.960E+08  0.691E-08
  0.980E+08  0.537E-07  0.100E+09  0.278E-06
PM143
         268
           0
           8
  0.628E+08  0.000E+00  0.880E+08  0.197E-20  0.900E+08  0.353E-17
  0.920E+08  0.459E-15  0.940E+08  0.267E-13  0.960E+08  0.643E-12
  0.980E+08  0.872E-11  0.100E+09  0.134E-09
PM142
         269
           0
           3
  0.728E+08  0.000E+00  0.980E+08  0.197E-24  0.100E+09  0.192E-20
ND156
         275
           0
          21
  0.363E+08  0.000E+00  0.620E+08  0.182E-31  0.640E+08  0.252E-28
  0.660E+08  0.964E-27  0.680E+08  0.417E-25  0.700E+08  0.116E-23
  0.720E+08  0.214E-22  0.740E+08  0.146E-21  0.760E+08  0.116E-20
  0.780E+08  0.890E-20  0.800E+08  0.507E-19  0.820E+08  0.245E-18
  0.840E+08  0.799E-18  0.860E+08  0.231E-17  0.880E+08  0.562E-17
  0.900E+08  0.140E-16  0.920E+08  0.207E-16  0.940E+08  0.354E-16
  0.960E+08  0.562E-16  0.980E+08  0.897E-16  0.100E+09  0.118E-15
ND155
         276
           0
          20
  0.405E+08  0.000E+00  0.640E+08  0.159E-31  0.660E+08  0.106E-28
  0.680E+08  0.222E-26  0.700E+08  0.182E-24  0.720E+08  0.769E-23
  0.740E+08  0.123E-21  0.760E+08  0.216E-20  0.780E+08  0.248E-19
  0.800E+08  0.208E-18  0.820E+08  0.134E-17  0.840E+08  0.630E-17
  0.860E+08  0.257E-16  0.880E+08  0.829E-16  0.900E+08  0.269E-15
  0.920E+08  0.582E-15  0.940E+08  0.123E-14  0.960E+08  0.236E-14
  0.980E+08  0.425E-14  0.100E+09  0.622E-14
ND154
         277
           0
          33
  0.188E+08  0.000E+00  0.440E+08  0.211E-28  0.450E+08  0.215E-26
  0.460E+08  0.534E-25  0.470E+08  0.114E-23  0.480E+08  0.101E-22
  0.490E+08  0.489E-22  0.500E+08  0.246E-21  0.520E+08  0.636E-20
  0.540E+08  0.111E-18  0.560E+08  0.134E-17  0.580E+08  0.100E-16
  0.600E+08  0.663E-16  0.620E+08  0.339E-15  0.640E+08  0.178E-14
  0.660E+08  0.576E-14  0.680E+08  0.145E-13  0.700E+08  0.338E-13
  0.720E+08  0.651E-13  0.740E+08  0.928E-13  0.760E+08  0.161E-12
  0.780E+08  0.245E-12  0.800E+08  0.342E-12  0.820E+08  0.488E-12
  0.840E+08  0.608E-12  0.860E+08  0.929E-12  0.880E+08  0.125E-11
  0.900E+08  0.158E-11  0.920E+08  0.228E-11  0.940E+08  0.325E-11
  0.960E+08  0.461E-11  0.980E+08  0.665E-11  0.100E+09  0.959E-11
ND153
         278
           0
          29
  0.227E+08  0.000E+00  0.480E+08  0.276E-27  0.490E+08  0.496E-26
  0.500E+08  0.212E-24  0.520E+08  0.951E-22  0.540E+08  0.821E-20
  0.560E+08  0.218E-18  0.580E+08  0.387E-17  0.600E+08  0.533E-16
  0.620E+08  0.445E-15  0.640E+08  0.422E-14  0.660E+08  0.230E-13
  0.680E+08  0.956E-13  0.700E+08  0.335E-12  0.720E+08  0.975E-12
  0.740E+08  0.201E-11  0.760E+08  0.456E-11  0.780E+08  0.838E-11
  0.800E+08  0.136E-10  0.820E+08  0.216E-10  0.840E+08  0.276E-10
  0.860E+08  0.443E-10  0.880E+08  0.523E-10  0.900E+08  0.745E-10
  0.920E+08  0.859E-10  0.940E+08  0.902E-10  0.960E+08  0.946E-10
  0.980E+08  0.101E-09  0.100E+09  0.112E-09
ND152
         279
           0
          48
  0.177E+07  0.000E+00  0.290E+08  0.950E-22  0.300E+08  0.365E-20
  0.310E+08  0.258E-19  0.320E+08  0.196E-18  0.330E+08  0.129E-17
  0.340E+08  0.700E-17  0.350E+08  0.316E-16  0.360E+08  0.126E-15
  0.370E+08  0.456E-15  0.380E+08  0.158E-14  0.390E+08  0.511E-14
  0.400E+08  0.148E-13  0.410E+08  0.374E-13  0.420E+08  0.105E-12
  0.430E+08  0.213E-12  0.440E+08  0.479E-12  0.450E+08  0.111E-11
  0.460E+08  0.221E-11  0.470E+08  0.443E-11  0.480E+08  0.748E-11
  0.490E+08  0.102E-10  0.500E+08  0.172E-10  0.520E+08  0.316E-10
  0.540E+08  0.562E-10  0.560E+08  0.804E-10  0.580E+08  0.105E-09
  0.600E+08  0.128E-09  0.620E+08  0.173E-09  0.640E+08  0.207E-09
  0.660E+08  0.240E-09  0.680E+08  0.254E-09  0.700E+08  0.314E-09
  0.720E+08  0.387E-09  0.740E+08  0.510E-09  0.760E+08  0.711E-09
  0.780E+08  0.114E-08  0.800E+08  0.167E-08  0.820E+08  0.259E-08
  0.840E+08  0.346E-08  0.860E+08  0.498E-08  0.880E+08  0.673E-08
  0.900E+08  0.867E-08  0.920E+08  0.108E-07  0.940E+08  0.138E-07
  0.960E+08  0.159E-07  0.980E+08  0.181E-07  0.100E+09  0.190E-07
ND151
         280
           0
          43
  0.685E+07  0.000E+00  0.340E+08  0.253E-23  0.350E+08  0.315E-21
  0.360E+08  0.786E-20  0.370E+08  0.182E-18  0.380E+08  0.390E-17
  0.390E+08  0.417E-16  0.400E+08  0.280E-15  0.410E+08  0.156E-14
  0.420E+08  0.769E-14  0.430E+08  0.270E-13  0.440E+08  0.937E-13
  0.450E+08  0.323E-12  0.460E+08  0.918E-12  0.470E+08  0.264E-11
  0.480E+08  0.608E-11  0.490E+08  0.139E-10  0.500E+08  0.312E-10
  0.520E+08  0.105E-09  0.540E+08  0.318E-09  0.560E+08  0.737E-09
  0.580E+08  0.146E-08  0.600E+08  0.248E-08  0.620E+08  0.371E-08
  0.640E+08  0.520E-08  0.660E+08  0.645E-08  0.680E+08  0.684E-08
  0.700E+08  0.752E-08  0.720E+08  0.775E-08  0.740E+08  0.781E-08
  0.760E+08  0.784E-08  0.780E+08  0.784E-08  0.800E+08  0.796E-08
  0.820E+08  0.778E-08  0.840E+08  0.489E-08  0.860E+08  0.570E-08
  0.880E+08  0.728E-08  0.900E+08  0.100E-07  0.920E+08  0.140E-07
  0.940E+08  0.182E-07  0.960E+08  0.248E-07  0.980E+08  0.341E-07
  0.100E+09  0.419E-07
ND150
         281
           0
          38
  0.122E+08  0.000E+00  0.390E+08  0.282E-22  0.400E+08  0.113E-19
  0.410E+08  0.641E-18  0.420E+08  0.778E-17  0.430E+08  0.641E-16
  0.440E+08  0.425E-15  0.450E+08  0.245E-14  0.460E+08  0.103E-13
  0.470E+08  0.360E-13  0.480E+08  0.138E-12  0.490E+08  0.451E-12
  0.500E+08  0.146E-11  0.520E+08  0.112E-10  0.540E+08  0.658E-10
  0.560E+08  0.295E-09  0.580E+08  0.112E-08  0.600E+08  0.346E-08
  0.620E+08  0.924E-08  0.640E+08  0.233E-07  0.660E+08  0.498E-07
  0.680E+08  0.890E-07  0.700E+08  0.152E-06  0.720E+08  0.249E-06
  0.740E+08  0.369E-06  0.760E+08  0.501E-06  0.780E+08  0.644E-06
  0.800E+08  0.780E-06  0.820E+08  0.895E-06  0.840E+08  0.791E-06
  0.860E+08  0.831E-06  0.880E+08  0.811E-06  0.900E+08  0.803E-06
  0.920E+08  0.851E-06  0.940E+08  0.840E-06  0.960E+08  0.833E-06
  0.980E+08  0.907E-06  0.100E+09  0.873E-06
ND149
         282
           0
          30
  0.196E+08  0.000E+00  0.470E+08  0.747E-21  0.480E+08  0.863E-19
  0.490E+08  0.106E-16  0.500E+08  0.122E-15  0.520E+08  0.594E-14
  0.540E+08  0.831E-13  0.560E+08  0.116E-11  0.580E+08  0.797E-11
  0.600E+08  0.612E-10  0.620E+08  0.366E-09  0.640E+08  0.180E-08
  0.660E+08  0.779E-08  0.680E+08  0.253E-07  0.700E+08  0.733E-07
  0.720E+08  0.162E-06  0.740E+08  0.338E-06  0.760E+08  0.636E-06
  0.780E+08  0.107E-05  0.800E+08  0.162E-05  0.820E+08  0.233E-05
  0.840E+08  0.260E-05  0.860E+08  0.305E-05  0.880E+08  0.328E-05
  0.900E+08  0.416E-05  0.920E+08  0.424E-05  0.940E+08  0.431E-05
  0.960E+08  0.428E-05  0.980E+08  0.438E-05  0.100E+09  0.407E-05
ND148
         283
           0
          25
  0.247E+08  0.000E+00  0.540E+08  0.746E-18  0.560E+08  0.210E-15
  0.580E+08  0.126E-13  0.600E+08  0.304E-12  0.620E+08  0.431E-11
  0.640E+08  0.363E-10  0.660E+08  0.308E-09  0.680E+08  0.178E-08
  0.700E+08  0.913E-08  0.720E+08  0.340E-07  0.740E+08  0.114E-06
  0.760E+08  0.324E-06  0.780E+08  0.803E-06  0.800E+08  0.174E-05
  0.820E+08  0.353E-05  0.840E+08  0.590E-05  0.860E+08  0.925E-05
  0.880E+08  0.132E-04  0.900E+08  0.179E-04  0.920E+08  0.234E-04
  0.940E+08  0.289E-04  0.960E+08  0.349E-04  0.980E+08  0.396E-04
  0.100E+09  0.431E-04
ND147
         284
           0
          22
  0.321E+08  0.000E+00  0.600E+08  0.715E-21  0.620E+08  0.265E-17
  0.640E+08  0.284E-15  0.660E+08  0.170E-13  0.680E+08  0.431E-12
  0.700E+08  0.762E-11  0.720E+08  0.109E-09  0.740E+08  0.857E-09
  0.760E+08  0.500E-08  0.780E+08  0.248E-07  0.800E+08  0.723E-07
  0.820E+08  0.233E-06  0.840E+08  0.506E-06  0.860E+08  0.126E-05
  0.880E+08  0.274E-05  0.900E+08  0.481E-05  0.920E+08  0.871E-05
  0.940E+08  0.141E-04  0.960E+08  0.212E-04  0.980E+08  0.299E-04
  0.100E+09  0.401E-04
ND146
         285
           0
          19
  0.374E+08  0.000E+00  0.660E+08  0.471E-22  0.680E+08  0.312E-18
  0.700E+08  0.279E-15  0.720E+08  0.269E-13  0.740E+08  0.663E-12
  0.760E+08  0.959E-11  0.780E+08  0.120E-09  0.800E+08  0.987E-09
  0.820E+08  0.545E-08  0.840E+08  0.157E-07  0.860E+08  0.632E-07
  0.880E+08  0.217E-06  0.900E+08  0.513E-06  0.920E+08  0.131E-05
  0.940E+08  0.278E-05  0.960E+08  0.560E-05  0.980E+08  0.104E-04
  0.100E+09  0.175E-04
ND145
         286
           0
          15
  0.450E+08  0.000E+00  0.740E+08  0.209E-22  0.760E+08  0.255E-19
  0.780E+08  0.749E-17  0.800E+08  0.571E-15  0.820E+08  0.200E-13
  0.840E+08  0.201E-12  0.860E+08  0.259E-11  0.880E+08  0.274E-10
  0.900E+08  0.194E-09  0.920E+08  0.108E-08  0.940E+08  0.438E-08
  0.960E+08  0.181E-07  0.980E+08  0.636E-07  0.100E+09  0.208E-06
ND144
         287
           0
          12
  0.508E+08  0.000E+00  0.800E+08  0.192E-24  0.820E+08  0.177E-20
  0.840E+08  0.423E-18  0.860E+08  0.505E-16  0.880E+08  0.268E-14
  0.900E+08  0.768E-13  0.920E+08  0.109E-11  0.940E+08  0.182E-10
  0.960E+08  0.152E-09  0.980E+08  0.105E-08  0.100E+09  0.705E-08
ND143
         288
           0
           8
  0.587E+08  0.000E+00  0.880E+08  0.605E-24  0.900E+08  0.384E-21
  0.920E+08  0.287E-19  0.940E+08  0.922E-17  0.960E+08  0.419E-15
  0.980E+08  0.137E-13  0.100E+09  0.419E-12
ND142
         289
           0
           5
  0.648E+08  0.000E+00  0.940E+08  0.296E-26  0.960E+08  0.118E-22
  0.980E+08  0.102E-19  0.100E+09  0.317E-17
PR155
         467
           0
          13
  0.480E+08  0.000E+00  0.780E+08  0.355E-38  0.800E+08  0.833E-35
  0.820E+08  0.212E-32  0.840E+08  0.168E-30  0.860E+08  0.722E-29
  0.880E+08  0.154E-27  0.900E+08  0.654E-26  0.920E+08  0.747E-25
  0.940E+08  0.749E-24  0.960E+08  0.589E-23  0.980E+08  0.379E-22
  0.100E+09  0.177E-21
PR154
         468
           0
          11
  0.519E+08  0.000E+00  0.820E+08  0.763E-35  0.840E+08  0.569E-32
  0.860E+08  0.697E-30  0.880E+08  0.408E-28  0.900E+08  0.159E-26
  0.920E+08  0.379E-25  0.940E+08  0.563E-24  0.960E+08  0.730E-23
  0.980E+08  0.664E-22  0.100E+09  0.500E-21
PR153
         469
           0
          22
  0.298E+08  0.000E+00  0.600E+08  0.733E-34  0.620E+08  0.430E-30
  0.640E+08  0.164E-27  0.660E+08  0.107E-25  0.680E+08  0.390E-24
  0.700E+08  0.102E-22  0.720E+08  0.165E-21  0.740E+08  0.122E-20
  0.760E+08  0.121E-19  0.780E+08  0.897E-19  0.800E+08  0.421E-18
  0.820E+08  0.238E-17  0.840E+08  0.968E-17  0.860E+08  0.312E-16
  0.880E+08  0.770E-16  0.900E+08  0.164E-15  0.920E+08  0.308E-15
  0.940E+08  0.529E-15  0.960E+08  0.105E-14  0.980E+08  0.231E-14
  0.100E+09  0.318E-14
PR152
         470
           0
          20
  0.341E+08  0.000E+00  0.640E+08  0.563E-30  0.660E+08  0.253E-27
  0.680E+08  0.356E-25  0.700E+08  0.186E-23  0.720E+08  0.708E-22
  0.740E+08  0.151E-20  0.760E+08  0.233E-19  0.780E+08  0.234E-18
  0.800E+08  0.192E-17  0.820E+08  0.149E-16  0.840E+08  0.820E-16
  0.860E+08  0.333E-15  0.880E+08  0.102E-14  0.900E+08  0.327E-14
  0.920E+08  0.821E-14  0.940E+08  0.179E-13  0.960E+08  0.356E-13
  0.980E+08  0.660E-13  0.100E+09  0.108E-12
PR151
         471
           0
          33
  0.121E+08  0.000E+00  0.440E+08  0.412E-28  0.450E+08  0.591E-26
  0.460E+08  0.135E-24  0.470E+08  0.238E-23  0.480E+08  0.193E-22
  0.490E+08  0.768E-22  0.500E+08  0.460E-21  0.520E+08  0.108E-19
  0.540E+08  0.175E-18  0.560E+08  0.199E-17  0.580E+08  0.154E-16
  0.600E+08  0.115E-15  0.620E+08  0.642E-15  0.640E+08  0.364E-14
  0.660E+08  0.139E-13  0.680E+08  0.413E-13  0.700E+08  0.107E-12
  0.720E+08  0.231E-12  0.740E+08  0.427E-12  0.760E+08  0.678E-12
  0.780E+08  0.110E-11  0.800E+08  0.160E-11  0.820E+08  0.207E-11
  0.840E+08  0.241E-11  0.860E+08  0.297E-11  0.880E+08  0.356E-11
  0.900E+08  0.431E-11  0.920E+08  0.519E-11  0.940E+08  0.695E-11
  0.960E+08  0.101E-10  0.980E+08  0.130E-10  0.100E+09  0.176E-10
PR150
         472
           0
          29
  0.166E+08  0.000E+00  0.480E+08  0.568E-28  0.490E+08  0.161E-26
  0.500E+08  0.781E-25  0.520E+08  0.364E-22  0.540E+08  0.287E-20
  0.560E+08  0.898E-19  0.580E+08  0.180E-17  0.600E+08  0.222E-16
  0.620E+08  0.324E-15  0.640E+08  0.347E-14  0.660E+08  0.210E-13
  0.680E+08  0.104E-12  0.700E+08  0.446E-12  0.720E+08  0.156E-11
  0.740E+08  0.442E-11  0.760E+08  0.106E-10  0.780E+08  0.269E-10
  0.800E+08  0.520E-10  0.820E+08  0.955E-10  0.840E+08  0.137E-09
  0.860E+08  0.191E-09  0.880E+08  0.244E-09  0.900E+08  0.292E-09
  0.920E+08  0.322E-09  0.940E+08  0.367E-09  0.960E+08  0.384E-09
  0.980E+08  0.396E-09  0.100E+09  0.529E-09
PR149
         473
           0
          47
  0.100E-04  0.000E+00  0.300E+08  0.203E-22  0.310E+08  0.582E-21
  0.320E+08  0.637E-20  0.330E+08  0.459E-19  0.340E+08  0.271E-18
  0.350E+08  0.129E-17  0.360E+08  0.538E-17  0.370E+08  0.203E-16
  0.380E+08  0.764E-16  0.390E+08  0.195E-15  0.400E+08  0.587E-15
  0.410E+08  0.152E-14  0.420E+08  0.395E-14  0.430E+08  0.985E-14
  0.440E+08  0.231E-13  0.450E+08  0.656E-13  0.460E+08  0.136E-12
  0.470E+08  0.265E-12  0.480E+08  0.489E-12  0.490E+08  0.779E-12
  0.500E+08  0.129E-11  0.520E+08  0.378E-11  0.540E+08  0.818E-11
  0.560E+08  0.134E-10  0.580E+08  0.118E-10  0.600E+08  0.141E-10
  0.620E+08  0.164E-10  0.640E+08  0.224E-10  0.660E+08  0.222E-10
  0.680E+08  0.250E-10  0.700E+08  0.295E-10  0.720E+08  0.334E-10
  0.740E+08  0.409E-10  0.760E+08  0.567E-10  0.780E+08  0.940E-10
  0.800E+08  0.175E-09  0.820E+08  0.407E-09  0.840E+08  0.794E-09
  0.860E+08  0.151E-08  0.880E+08  0.259E-08  0.900E+08  0.409E-08
  0.920E+08  0.568E-08  0.940E+08  0.789E-08  0.960E+08  0.101E-07
  0.980E+08  0.121E-07  0.100E+09  0.140E-07
PR148
         474
           0
          41
  0.268E+07  0.000E+00  0.360E+08  0.502E-24  0.370E+08  0.852E-20
  0.380E+08  0.213E-18  0.390E+08  0.189E-17  0.400E+08  0.127E-16
  0.410E+08  0.641E-16  0.420E+08  0.365E-15  0.430E+08  0.140E-14
  0.440E+08  0.505E-14  0.450E+08  0.214E-13  0.460E+08  0.621E-13
  0.470E+08  0.168E-12  0.480E+08  0.423E-12  0.490E+08  0.941E-12
  0.500E+08  0.210E-11  0.520E+08  0.791E-11  0.540E+08  0.291E-10
  0.560E+08  0.808E-10  0.580E+08  0.176E-09  0.600E+08  0.322E-09
  0.620E+08  0.529E-09  0.640E+08  0.766E-09  0.660E+08  0.963E-09
  0.680E+08  0.117E-08  0.700E+08  0.141E-08  0.720E+08  0.152E-08
  0.740E+08  0.157E-08  0.760E+08  0.156E-08  0.780E+08  0.157E-08
  0.800E+08  0.135E-08  0.820E+08  0.166E-08  0.840E+08  0.170E-08
  0.860E+08  0.211E-08  0.880E+08  0.302E-08  0.900E+08  0.509E-08
  0.920E+08  0.846E-08  0.940E+08  0.145E-07  0.960E+08  0.233E-07
  0.980E+08  0.353E-07  0.100E+09  0.492E-07
PR147
         475
           0
          36
  0.777E+07  0.000E+00  0.410E+08  0.102E-22  0.420E+08  0.292E-19
  0.430E+08  0.696E-18  0.440E+08  0.966E-17  0.450E+08  0.801E-16
  0.460E+08  0.436E-15  0.470E+08  0.206E-14  0.480E+08  0.871E-14
  0.490E+08  0.189E-13  0.500E+08  0.681E-13  0.520E+08  0.670E-12
  0.540E+08  0.491E-11  0.560E+08  0.268E-10  0.580E+08  0.129E-09
  0.600E+08  0.424E-09  0.620E+08  0.122E-08  0.640E+08  0.263E-08
  0.660E+08  0.562E-08  0.680E+08  0.110E-07  0.700E+08  0.198E-07
  0.720E+08  0.310E-07  0.740E+08  0.492E-07  0.760E+08  0.651E-07
  0.780E+08  0.821E-07  0.800E+08  0.104E-06  0.820E+08  0.123E-06
  0.840E+08  0.129E-06  0.860E+08  0.138E-06  0.880E+08  0.138E-06
  0.900E+08  0.134E-06  0.920E+08  0.128E-06  0.940E+08  0.126E-06
  0.960E+08  0.119E-06  0.980E+08  0.123E-06  0.100E+09  0.142E-06
PR146
         476
           0
          29
  0.146E+08  0.000E+00  0.480E+08  0.347E-22  0.490E+08  0.475E-20
  0.500E+08  0.322E-18  0.520E+08  0.531E-16  0.540E+08  0.212E-14
  0.560E+08  0.442E-13  0.580E+08  0.752E-12  0.600E+08  0.662E-11
  0.620E+08  0.449E-10  0.640E+08  0.186E-09  0.660E+08  0.787E-09
  0.680E+08  0.279E-08  0.700E+08  0.824E-08  0.720E+08  0.200E-07
  0.740E+08  0.363E-07  0.760E+08  0.672E-07  0.780E+08  0.113E-06
  0.800E+08  0.146E-06  0.820E+08  0.189E-06  0.840E+08  0.229E-06
  0.860E+08  0.281E-06  0.880E+08  0.323E-06  0.900E+08  0.352E-06
  0.920E+08  0.365E-06  0.940E+08  0.375E-06  0.960E+08  0.353E-06
  0.980E+08  0.329E-06  0.100E+09  0.310E-06
PR145
         477
           0
          24
  0.198E+08  0.000E+00  0.560E+08  0.183E-19  0.580E+08  0.700E-17
  0.600E+08  0.316E-15  0.620E+08  0.722E-14  0.640E+08  0.768E-13
  0.660E+08  0.845E-12  0.680E+08  0.712E-11  0.700E+08  0.449E-10
  0.720E+08  0.378E-09  0.740E+08  0.922E-09  0.760E+08  0.293E-08
  0.780E+08  0.787E-08  0.800E+08  0.178E-07  0.820E+08  0.310E-07
  0.840E+08  0.511E-07  0.860E+08  0.847E-07  0.880E+08  0.137E-06
  0.900E+08  0.206E-06  0.920E+08  0.286E-06  0.940E+08  0.372E-06
  0.960E+08  0.476E-06  0.980E+08  0.582E-06  0.100E+09  0.700E-06
PR144
         478
           0
          21
  0.268E+08  0.000E+00  0.620E+08  0.592E-23  0.640E+08  0.954E-20
  0.660E+08  0.133E-17  0.680E+08  0.622E-16  0.700E+08  0.157E-14
  0.720E+08  0.505E-13  0.740E+08  0.511E-12  0.760E+08  0.326E-11
  0.780E+08  0.244E-10  0.800E+08  0.165E-09  0.820E+08  0.913E-09
  0.840E+08  0.318E-08  0.860E+08  0.107E-07  0.880E+08  0.352E-07
  0.900E+08  0.100E-06  0.920E+08  0.230E-06  0.940E+08  0.466E-06
  0.960E+08  0.954E-06  0.980E+08  0.175E-05  0.100E+09  0.298E-05
PR143
         479
           0
          18
  0.326E+08  0.000E+00  0.680E+08  0.219E-23  0.700E+08  0.415E-20
  0.720E+08  0.201E-17  0.740E+08  0.949E-16  0.760E+08  0.151E-14
  0.780E+08  0.344E-13  0.800E+08  0.672E-12  0.820E+08  0.104E-10
  0.840E+08  0.754E-10  0.860E+08  0.358E-09  0.880E+08  0.233E-08
  0.900E+08  0.123E-07  0.920E+08  0.460E-07  0.940E+08  0.109E-06
  0.960E+08  0.352E-06  0.980E+08  0.967E-06  0.100E+09  0.235E-05
PR142
         480
           0
          14
  0.400E+08  0.000E+00  0.760E+08  0.380E-24  0.780E+08  0.150E-20
  0.800E+08  0.604E-18  0.820E+08  0.957E-16  0.840E+08  0.744E-14
  0.860E+08  0.891E-13  0.880E+08  0.166E-11  0.900E+08  0.217E-10
  0.920E+08  0.163E-09  0.940E+08  0.901E-09  0.960E+08  0.541E-08
  0.980E+08  0.267E-07  0.100E+09  0.109E-06
PR141
         481
           0
          11
  0.459E+08  0.000E+00  0.820E+08  0.988E-25  0.840E+08  0.218E-20
  0.860E+08  0.253E-18  0.880E+08  0.263E-16  0.900E+08  0.118E-14
  0.920E+08  0.218E-13  0.940E+08  0.300E-12  0.960E+08  0.378E-11
  0.980E+08  0.391E-10  0.100E+09  0.314E-09
PR140
         482
           0
           7
  0.553E+08  0.000E+00  0.900E+08  0.446E-29  0.920E+08  0.153E-24
  0.940E+08  0.494E-22  0.960E+08  0.788E-20  0.980E+08  0.928E-18
  0.100E+09  0.474E-16
PR139
         483
           0
           2
  0.633E+08  0.000E+00  0.100E+09  0.330E-27
CE154
         573
           0
           5
  0.585E+08  0.000E+00  0.940E+08  0.140E-43  0.960E+08  0.148E-40
  0.980E+08  0.344E-38  0.100E+09  0.313E-36
CE153
         574
           0
           4
  0.621E+08  0.000E+00  0.960E+08  0.392E-43  0.980E+08  0.818E-40
  0.100E+09  0.818E-38
CE152
         575
           0
          14
  0.398E+08  0.000E+00  0.760E+08  0.621E-38  0.780E+08  0.449E-35
  0.800E+08  0.707E-33  0.820E+08  0.108E-30  0.840E+08  0.821E-29
  0.860E+08  0.171E-27  0.880E+08  0.309E-26  0.900E+08  0.509E-25
  0.920E+08  0.506E-24  0.940E+08  0.422E-23  0.960E+08  0.196E-22
  0.980E+08  0.123E-21  0.100E+09  0.533E-21
CE151
         576
           0
          13
  0.437E+08  0.000E+00  0.780E+08  0.894E-39  0.800E+08  0.991E-35
  0.820E+08  0.662E-32  0.840E+08  0.619E-30  0.860E+08  0.444E-28
  0.880E+08  0.276E-26  0.900E+08  0.634E-25  0.920E+08  0.101E-23
  0.940E+08  0.114E-22  0.960E+08  0.861E-22  0.980E+08  0.663E-21
  0.100E+09  0.340E-20
CE150
         577
           0
          22
  0.217E+08  0.000E+00  0.600E+08  0.888E-32  0.620E+08  0.698E-29
  0.640E+08  0.105E-26  0.660E+08  0.306E-25  0.680E+08  0.805E-24
  0.700E+08  0.162E-22  0.720E+08  0.229E-21  0.740E+08  0.198E-20
  0.760E+08  0.156E-19  0.780E+08  0.109E-18  0.800E+08  0.519E-18
  0.820E+08  0.288E-17  0.840E+08  0.104E-16  0.860E+08  0.316E-16
  0.880E+08  0.809E-16  0.900E+08  0.175E-15  0.920E+08  0.331E-15
  0.940E+08  0.598E-15  0.960E+08  0.863E-15  0.980E+08  0.125E-14
  0.100E+09  0.181E-14
CE149
         578
           0
          21
  0.252E+08  0.000E+00  0.620E+08  0.122E-33  0.640E+08  0.131E-29
  0.660E+08  0.264E-27  0.680E+08  0.262E-25  0.700E+08  0.129E-23
  0.720E+08  0.442E-22  0.740E+08  0.817E-21  0.760E+08  0.142E-19
  0.780E+08  0.149E-18  0.800E+08  0.120E-17  0.820E+08  0.103E-16
  0.840E+08  0.607E-16  0.860E+08  0.271E-15  0.880E+08  0.996E-15
  0.900E+08  0.317E-14  0.920E+08  0.830E-14  0.940E+08  0.201E-13
  0.960E+08  0.402E-13  0.980E+08  0.710E-13  0.100E+09  0.122E-12
CE148
         579
           0
          35
  0.396E+07  0.000E+00  0.420E+08  0.451E-30  0.430E+08  0.839E-28
  0.440E+08  0.241E-26  0.450E+08  0.429E-25  0.460E+08  0.400E-24
  0.470E+08  0.363E-23  0.480E+08  0.203E-22  0.490E+08  0.663E-22
  0.500E+08  0.351E-21  0.520E+08  0.606E-20  0.540E+08  0.808E-19
  0.560E+08  0.759E-18  0.580E+08  0.611E-17  0.600E+08  0.415E-16
  0.620E+08  0.205E-15  0.640E+08  0.101E-14  0.660E+08  0.375E-14
  0.680E+08  0.111E-13  0.700E+08  0.295E-13  0.720E+08  0.633E-13
  0.740E+08  0.123E-12  0.760E+08  0.225E-12  0.780E+08  0.344E-12
  0.800E+08  0.515E-12  0.820E+08  0.761E-12  0.840E+08  0.951E-12
  0.860E+08  0.607E-12  0.880E+08  0.791E-12  0.900E+08  0.101E-11
  0.920E+08  0.148E-11  0.940E+08  0.191E-11  0.960E+08  0.247E-11
  0.980E+08  0.315E-11  0.100E+09  0.421E-11
CE147
         580
           0
          31
  0.808E+07  0.000E+00  0.460E+08  0.335E-31  0.470E+08  0.872E-29
  0.480E+08  0.331E-27  0.490E+08  0.856E-26  0.500E+08  0.184E-24
  0.520E+08  0.489E-22  0.540E+08  0.305E-20  0.560E+08  0.841E-19
  0.580E+08  0.153E-17  0.600E+08  0.141E-16  0.620E+08  0.131E-15
  0.640E+08  0.114E-14  0.660E+08  0.696E-14  0.680E+08  0.324E-13
  0.700E+08  0.133E-12  0.720E+08  0.430E-12  0.740E+08  0.136E-11
  0.760E+08  0.335E-11  0.780E+08  0.704E-11  0.800E+08  0.132E-10
  0.820E+08  0.236E-10  0.840E+08  0.317E-10  0.860E+08  0.345E-10
  0.880E+08  0.424E-10  0.900E+08  0.479E-10  0.920E+08  0.527E-10
  0.940E+08  0.550E-10  0.960E+08  0.566E-10  0.980E+08  0.587E-10
  0.100E+09  0.563E-10
CE146
         581
           0
          26
  0.126E+08  0.000E+00  0.520E+08  0.108E-26  0.540E+08  0.200E-24
  0.560E+08  0.546E-22  0.580E+08  0.492E-20  0.600E+08  0.112E-18
  0.620E+08  0.265E-17  0.640E+08  0.506E-16  0.660E+08  0.609E-15
  0.680E+08  0.516E-14  0.700E+08  0.367E-13  0.720E+08  0.201E-12
  0.740E+08  0.778E-12  0.760E+08  0.316E-11  0.780E+08  0.108E-10
  0.800E+08  0.323E-10  0.820E+08  0.940E-10  0.840E+08  0.179E-09
  0.860E+08  0.358E-09  0.880E+08  0.627E-09  0.900E+08  0.972E-09
  0.920E+08  0.156E-08  0.940E+08  0.215E-08  0.960E+08  0.272E-08
  0.980E+08  0.315E-08  0.100E+09  0.359E-08
CE145
         582
           0
          23
  0.194E+08  0.000E+00  0.580E+08  0.120E-28  0.600E+08  0.321E-24
  0.620E+08  0.700E-22  0.640E+08  0.348E-20  0.660E+08  0.162E-18
  0.680E+08  0.400E-17  0.700E+08  0.741E-16  0.720E+08  0.103E-14
  0.740E+08  0.703E-14  0.760E+08  0.561E-13  0.780E+08  0.367E-12
  0.800E+08  0.141E-11  0.820E+08  0.738E-11  0.840E+08  0.228E-10
  0.860E+08  0.873E-10  0.880E+08  0.228E-09  0.900E+08  0.496E-09
  0.920E+08  0.843E-09  0.940E+08  0.154E-08  0.960E+08  0.244E-08
  0.980E+08  0.339E-08  0.100E+09  0.462E-08
CE144
         583
           0
          20
  0.241E+08  0.000E+00  0.640E+08  0.902E-27  0.660E+08  0.214E-23
  0.680E+08  0.382E-21  0.700E+08  0.271E-19  0.720E+08  0.135E-17
  0.740E+08  0.247E-16  0.760E+08  0.332E-15  0.780E+08  0.361E-14
  0.800E+08  0.253E-13  0.820E+08  0.228E-12  0.840E+08  0.118E-11
  0.860E+08  0.576E-11  0.880E+08  0.231E-10  0.900E+08  0.689E-10
  0.920E+08  0.209E-09  0.940E+08  0.538E-09  0.960E+08  0.127E-08
  0.980E+08  0.267E-08  0.100E+09  0.528E-08
CE143
         584
           0
          17
  0.311E+08  0.000E+00  0.700E+08  0.531E-30  0.720E+08  0.898E-25
  0.740E+08  0.362E-22  0.760E+08  0.346E-20  0.780E+08  0.195E-18
  0.800E+08  0.548E-17  0.820E+08  0.170E-15  0.840E+08  0.196E-14
  0.860E+08  0.131E-13  0.880E+08  0.128E-12  0.900E+08  0.839E-12
  0.920E+08  0.509E-11  0.940E+08  0.229E-10  0.960E+08  0.102E-09
  0.980E+08  0.384E-09  0.100E+09  0.124E-08
CE142
         585
           0
          14
  0.362E+08  0.000E+00  0.760E+08  0.108E-27  0.780E+08  0.392E-24
  0.800E+08  0.116E-21  0.820E+08  0.265E-19  0.840E+08  0.949E-18
  0.860E+08  0.151E-16  0.880E+08  0.348E-15  0.900E+08  0.503E-14
  0.920E+08  0.535E-13  0.940E+08  0.380E-12  0.960E+08  0.307E-11
  0.980E+08  0.199E-10  0.100E+09  0.103E-09
CE141
         586
           0
          11
  0.434E+08  0.000E+00  0.820E+08  0.574E-33  0.840E+08  0.131E-26
  0.860E+08  0.111E-23  0.880E+08  0.319E-21  0.900E+08  0.295E-19
  0.920E+08  0.955E-18  0.940E+08  0.173E-16  0.960E+08  0.383E-15
  0.980E+08  0.634E-14  0.100E+09  0.431E-13
CE140
         587
           0
           8
  0.489E+08  0.000E+00  0.880E+08  0.115E-33  0.900E+08  0.371E-27
  0.920E+08  0.155E-23  0.940E+08  0.204E-21  0.960E+08  0.161E-19
  0.980E+08  0.793E-18  0.100E+09  0.259E-16
CE139
         588
           0
           3
  0.581E+08  0.000E+00  0.980E+08  0.102E-35  0.100E+09  0.679E-29
LA151
         873
           0
           6
  0.521E+08  0.000E+00  0.920E+08  0.308E-43  0.940E+08  0.289E-40
  0.960E+08  0.188E-38  0.980E+08  0.237E-36  0.100E+09  0.142E-34
LA150
         874
           0
           5
  0.557E+08  0.000E+00  0.940E+08  0.322E-43  0.960E+08  0.124E-39
  0.980E+08  0.600E-37  0.100E+09  0.811E-35
LA149
         875
           0
          14
  0.334E+08  0.000E+00  0.760E+08  0.254E-37  0.780E+08  0.194E-34
  0.800E+08  0.299E-32  0.820E+08  0.417E-30  0.840E+08  0.205E-28
  0.860E+08  0.531E-27  0.880E+08  0.101E-25  0.900E+08  0.145E-24
  0.920E+08  0.139E-23  0.940E+08  0.104E-22  0.960E+08  0.620E-22
  0.980E+08  0.321E-21  0.100E+09  0.153E-20
LA148
         876
           0
          13
  0.365E+08  0.000E+00  0.780E+08  0.205E-37  0.800E+08  0.703E-34
  0.820E+08  0.341E-31  0.840E+08  0.257E-29  0.860E+08  0.119E-27
  0.880E+08  0.575E-26  0.900E+08  0.138E-24  0.920E+08  0.205E-23
  0.940E+08  0.281E-22  0.960E+08  0.260E-21  0.980E+08  0.197E-20
  0.100E+09  0.117E-19
LA147
         877
           0
          22
  0.148E+08  0.000E+00  0.600E+08  0.297E-31  0.620E+08  0.145E-28
  0.640E+08  0.207E-26  0.660E+08  0.717E-25  0.680E+08  0.170E-23
  0.700E+08  0.321E-22  0.720E+08  0.441E-21  0.740E+08  0.395E-20
  0.760E+08  0.382E-19  0.780E+08  0.281E-18  0.800E+08  0.170E-17
  0.820E+08  0.903E-17  0.840E+08  0.274E-16  0.860E+08  0.107E-15
  0.880E+08  0.284E-15  0.900E+08  0.682E-15  0.920E+08  0.150E-14
  0.940E+08  0.277E-14  0.960E+08  0.451E-14  0.980E+08  0.618E-14
  0.100E+09  0.806E-14
LA146
         878
           0
          21
  0.182E+08  0.000E+00  0.620E+08  0.174E-33  0.640E+08  0.283E-30
  0.660E+08  0.796E-28  0.680E+08  0.912E-26  0.700E+08  0.533E-24
  0.720E+08  0.172E-22  0.740E+08  0.321E-21  0.760E+08  0.528E-20
  0.780E+08  0.651E-19  0.800E+08  0.636E-18  0.820E+08  0.712E-17
  0.840E+08  0.328E-16  0.860E+08  0.194E-15  0.880E+08  0.728E-15
  0.900E+08  0.206E-14  0.920E+08  0.596E-14  0.940E+08  0.150E-13
  0.960E+08  0.372E-13  0.980E+08  0.664E-13  0.100E+09  0.109E-12
LA145
         879
           0
          36
  0.100E-04  0.000E+00  0.410E+08  0.227E-31  0.420E+08  0.692E-29
  0.430E+08  0.157E-27  0.440E+08  0.168E-26  0.450E+08  0.205E-25
  0.460E+08  0.125E-24  0.470E+08  0.653E-24  0.480E+08  0.304E-23
  0.490E+08  0.707E-23  0.500E+08  0.288E-22  0.520E+08  0.433E-21
  0.540E+08  0.458E-20  0.560E+08  0.362E-19  0.580E+08  0.332E-18
  0.600E+08  0.171E-17  0.620E+08  0.783E-17  0.640E+08  0.181E-16
  0.660E+08  0.610E-16  0.680E+08  0.203E-15  0.700E+08  0.556E-15
  0.720E+08  0.123E-14  0.740E+08  0.238E-14  0.760E+08  0.411E-14
  0.780E+08  0.666E-14  0.800E+08  0.787E-14  0.820E+08  0.111E-13
  0.840E+08  0.155E-13  0.860E+08  0.333E-13  0.880E+08  0.490E-13
  0.900E+08  0.768E-13  0.920E+08  0.128E-12  0.940E+08  0.231E-12
  0.960E+08  0.362E-12  0.980E+08  0.616E-12  0.100E+09  0.111E-11
LA144
         880
           0
          30
  0.271E+07  0.000E+00  0.470E+08  0.912E-29  0.480E+08  0.139E-26
  0.490E+08  0.295E-26  0.500E+08  0.836E-25  0.520E+08  0.963E-23
  0.540E+08  0.364E-21  0.560E+08  0.774E-20  0.580E+08  0.175E-18
  0.600E+08  0.170E-17  0.620E+08  0.117E-16  0.640E+08  0.488E-16
  0.660E+08  0.255E-15  0.680E+08  0.119E-14  0.700E+08  0.499E-14
  0.720E+08  0.167E-13  0.740E+08  0.508E-13  0.760E+08  0.128E-12
  0.780E+08  0.247E-12  0.800E+08  0.421E-12  0.820E+08  0.703E-12
  0.840E+08  0.103E-11  0.860E+08  0.156E-11  0.880E+08  0.211E-11
  0.900E+08  0.270E-11  0.920E+08  0.318E-11  0.940E+08  0.359E-11
  0.960E+08  0.336E-11  0.980E+08  0.339E-11  0.100E+09  0.360E-11
LA143
         881
           0
          25
  0.734E+07  0.000E+00  0.540E+08  0.503E-25  0.560E+08  0.106E-22
  0.580E+08  0.976E-21  0.600E+08  0.233E-19  0.620E+08  0.337E-18
  0.640E+08  0.245E-17  0.660E+08  0.226E-16  0.680E+08  0.175E-15
  0.700E+08  0.829E-15  0.720E+08  0.469E-14  0.740E+08  0.234E-13
  0.760E+08  0.981E-13  0.780E+08  0.390E-12  0.800E+08  0.110E-11
  0.820E+08  0.293E-11  0.840E+08  0.604E-11  0.860E+08  0.139E-10
  0.880E+08  0.276E-10  0.900E+08  0.495E-10  0.920E+08  0.920E-10
  0.940E+08  0.141E-09  0.960E+08  0.171E-09  0.980E+08  0.210E-09
  0.100E+09  0.264E-09
LA142
         882
           0
          22
  0.138E+08  0.000E+00  0.600E+08  0.539E-27  0.620E+08  0.120E-23
  0.640E+08  0.385E-22  0.660E+08  0.189E-20  0.680E+08  0.582E-19
  0.700E+08  0.125E-17  0.720E+08  0.194E-16  0.740E+08  0.231E-15
  0.760E+08  0.220E-14  0.780E+08  0.234E-13  0.800E+08  0.128E-12
  0.820E+08  0.627E-12  0.840E+08  0.198E-11  0.860E+08  0.768E-11
  0.880E+08  0.247E-10  0.900E+08  0.687E-10  0.920E+08  0.151E-09
  0.940E+08  0.328E-09  0.960E+08  0.552E-09  0.980E+08  0.892E-09
  0.100E+09  0.142E-08
LA141
         883
           0
          19
  0.189E+08  0.000E+00  0.660E+08  0.622E-27  0.680E+08  0.470E-24
  0.700E+08  0.613E-22  0.720E+08  0.432E-20  0.740E+08  0.139E-18
  0.760E+08  0.173E-17  0.780E+08  0.523E-16  0.800E+08  0.702E-15
  0.820E+08  0.118E-13  0.840E+08  0.652E-13  0.860E+08  0.468E-12
  0.880E+08  0.273E-11  0.900E+08  0.131E-10  0.920E+08  0.505E-10
  0.940E+08  0.163E-09  0.960E+08  0.426E-09  0.980E+08  0.101E-08
  0.100E+09  0.224E-08
LA140
         884
           0
          16
  0.257E+08  0.000E+00  0.720E+08  0.164E-28  0.740E+08  0.390E-25
  0.760E+08  0.922E-23  0.780E+08  0.144E-20  0.800E+08  0.845E-19
  0.820E+08  0.538E-17  0.840E+08  0.752E-16  0.860E+08  0.117E-14
  0.880E+08  0.148E-13  0.900E+08  0.143E-12  0.920E+08  0.955E-12
  0.940E+08  0.497E-11  0.960E+08  0.240E-10  0.980E+08  0.979E-10
  0.100E+09  0.340E-09
LA139
         885
           0
          13
  0.309E+08  0.000E+00  0.780E+08  0.137E-27  0.800E+08  0.352E-24
  0.820E+08  0.206E-21  0.840E+08  0.116E-19  0.860E+08  0.447E-18
  0.880E+08  0.132E-16  0.900E+08  0.263E-15  0.920E+08  0.157E-14
  0.940E+08  0.138E-13  0.960E+08  0.127E-12  0.980E+08  0.940E-12
  0.100E+09  0.559E-11
LA138
         886
           0
           9
  0.397E+08  0.000E+00  0.860E+08  0.523E-30  0.880E+08  0.806E-26
  0.900E+08  0.404E-23  0.920E+08  0.266E-21  0.940E+08  0.112E-19
  0.960E+08  0.371E-18  0.980E+08  0.912E-17  0.100E+09  0.154E-15
LA137
         887
           0
           5
  0.472E+08  0.000E+00  0.940E+08  0.115E-31  0.960E+08  0.146E-27
  0.980E+08  0.139E-24  0.100E+09  0.221E-22
