         128
YB170
          16
           0
          78
  0.665E+07  0.000E+00  0.700E+07  0.440E-02  0.750E+07  0.113E+00
  0.800E+07  0.422E+00  0.850E+07  0.832E+00  0.900E+07  0.114E+01
  0.950E+07  0.149E+01  0.100E+08  0.174E+01  0.105E+08  0.193E+01
  0.110E+08  0.206E+01  0.115E+08  0.215E+01  0.120E+08  0.221E+01
  0.125E+08  0.226E+01  0.130E+08  0.228E+01  0.135E+08  0.229E+01
  0.140E+08  0.229E+01  0.145E+08  0.229E+01  0.150E+08  0.228E+01
  0.160E+08  0.227E+01  0.170E+08  0.224E+01  0.180E+08  0.215E+01
  0.190E+08  0.197E+01  0.200E+08  0.170E+01  0.210E+08  0.147E+01
  0.220E+08  0.119E+01  0.230E+08  0.954E+00  0.240E+08  0.769E+00
  0.250E+08  0.634E+00  0.260E+08  0.536E+00  0.270E+08  0.466E+00
  0.280E+08  0.415E+00  0.290E+08  0.377E+00  0.300E+08  0.348E+00
  0.310E+08  0.324E+00  0.320E+08  0.284E+00  0.330E+08  0.268E+00
  0.340E+08  0.257E+00  0.350E+08  0.249E+00  0.360E+08  0.241E+00
  0.370E+08  0.234E+00  0.380E+08  0.227E+00  0.390E+08  0.225E+00
  0.400E+08  0.222E+00  0.410E+08  0.216E+00  0.420E+08  0.211E+00
  0.430E+08  0.207E+00  0.440E+08  0.202E+00  0.450E+08  0.198E+00
  0.460E+08  0.194E+00  0.470E+08  0.191E+00  0.480E+08  0.187E+00
  0.490E+08  0.185E+00  0.500E+08  0.183E+00  0.520E+08  0.179E+00
  0.540E+08  0.175E+00  0.560E+08  0.169E+00  0.580E+08  0.163E+00
  0.600E+08  0.156E+00  0.620E+08  0.151E+00  0.640E+08  0.142E+00
  0.660E+08  0.134E+00  0.680E+08  0.125E+00  0.700E+08  0.122E+00
  0.720E+08  0.118E+00  0.740E+08  0.115E+00  0.760E+08  0.110E+00
  0.780E+08  0.107E+00  0.800E+08  0.104E+00  0.820E+08  0.102E+00
  0.840E+08  0.100E+00  0.860E+08  0.983E-01  0.880E+08  0.964E-01
  0.900E+08  0.945E-01  0.920E+08  0.926E-01  0.940E+08  0.907E-01
  0.960E+08  0.886E-01  0.980E+08  0.864E-01  0.100E+09  0.863E-01
YB169
          17
           0
          61
  0.152E+08  0.000E+00  0.160E+08  0.311E-03  0.170E+08  0.186E-01
  0.180E+08  0.830E-01  0.190E+08  0.256E+00  0.200E+08  0.509E+00
  0.210E+08  0.713E+00  0.220E+08  0.970E+00  0.230E+08  0.118E+01
  0.240E+08  0.134E+01  0.250E+08  0.140E+01  0.260E+08  0.137E+01
  0.270E+08  0.129E+01  0.280E+08  0.113E+01  0.290E+08  0.947E+00
  0.300E+08  0.781E+00  0.310E+08  0.642E+00  0.320E+08  0.523E+00
  0.330E+08  0.440E+00  0.340E+08  0.378E+00  0.350E+08  0.322E+00
  0.360E+08  0.287E+00  0.370E+08  0.260E+00  0.380E+08  0.249E+00
  0.390E+08  0.223E+00  0.400E+08  0.208E+00  0.410E+08  0.196E+00
  0.420E+08  0.185E+00  0.430E+08  0.176E+00  0.440E+08  0.171E+00
  0.450E+08  0.167E+00  0.460E+08  0.160E+00  0.470E+08  0.154E+00
  0.480E+08  0.149E+00  0.490E+08  0.143E+00  0.500E+08  0.138E+00
  0.520E+08  0.131E+00  0.540E+08  0.126E+00  0.560E+08  0.122E+00
  0.580E+08  0.117E+00  0.600E+08  0.112E+00  0.620E+08  0.108E+00
  0.640E+08  0.100E+00  0.660E+08  0.961E-01  0.680E+08  0.922E-01
  0.700E+08  0.883E-01  0.720E+08  0.844E-01  0.740E+08  0.819E-01
  0.760E+08  0.795E-01  0.780E+08  0.773E-01  0.800E+08  0.752E-01
  0.820E+08  0.716E-01  0.840E+08  0.680E-01  0.860E+08  0.663E-01
  0.880E+08  0.652E-01  0.900E+08  0.642E-01  0.920E+08  0.631E-01
  0.940E+08  0.616E-01  0.960E+08  0.600E-01  0.980E+08  0.587E-01
  0.100E+09  0.555E-01
YB168
          37
           0
          54
  0.221E+08  0.000E+00  0.230E+08  0.426E-04  0.240E+08  0.533E-02
  0.250E+08  0.471E-01  0.260E+08  0.160E+00  0.270E+08  0.284E+00
  0.280E+08  0.478E+00  0.290E+08  0.672E+00  0.300E+08  0.842E+00
  0.310E+08  0.980E+00  0.320E+08  0.111E+01  0.330E+08  0.119E+01
  0.340E+08  0.124E+01  0.350E+08  0.128E+01  0.360E+08  0.129E+01
  0.370E+08  0.129E+01  0.380E+08  0.127E+01  0.390E+08  0.124E+01
  0.400E+08  0.119E+01  0.410E+08  0.112E+01  0.420E+08  0.105E+01
  0.430E+08  0.916E+00  0.440E+08  0.828E+00  0.450E+08  0.753E+00
  0.460E+08  0.686E+00  0.470E+08  0.625E+00  0.480E+08  0.573E+00
  0.490E+08  0.549E+00  0.500E+08  0.505E+00  0.520E+08  0.464E+00
  0.540E+08  0.400E+00  0.560E+08  0.353E+00  0.580E+08  0.317E+00
  0.600E+08  0.288E+00  0.620E+08  0.273E+00  0.640E+08  0.253E+00
  0.660E+08  0.237E+00  0.680E+08  0.221E+00  0.700E+08  0.207E+00
  0.720E+08  0.200E+00  0.740E+08  0.194E+00  0.760E+08  0.186E+00
  0.780E+08  0.182E+00  0.800E+08  0.177E+00  0.820E+08  0.170E+00
  0.840E+08  0.165E+00  0.860E+08  0.159E+00  0.880E+08  0.152E+00
  0.900E+08  0.148E+00  0.920E+08  0.143E+00  0.940E+08  0.139E+00
  0.960E+08  0.131E+00  0.980E+08  0.122E+00  0.100E+09  0.118E+00
TM171
         103
           0
          83
  0.100E-04  0.000E+00  0.450E+07  0.148E-04  0.500E+07  0.654E-04
  0.550E+07  0.147E-03  0.600E+07  0.273E-03  0.650E+07  0.443E-03
  0.700E+07  0.704E-03  0.750E+07  0.106E-02  0.800E+07  0.154E-02
  0.850E+07  0.215E-02  0.900E+07  0.292E-02  0.950E+07  0.348E-02
  0.100E+08  0.469E-02  0.105E+08  0.611E-02  0.110E+08  0.770E-02
  0.115E+08  0.945E-02  0.120E+08  0.113E-01  0.125E+08  0.126E-01
  0.130E+08  0.138E-01  0.135E+08  0.163E-01  0.140E+08  0.189E-01
  0.145E+08  0.216E-01  0.150E+08  0.242E-01  0.160E+08  0.291E-01
  0.170E+08  0.315E-01  0.180E+08  0.356E-01  0.190E+08  0.389E-01
  0.200E+08  0.416E-01  0.210E+08  0.434E-01  0.220E+08  0.454E-01
  0.230E+08  0.470E-01  0.240E+08  0.483E-01  0.250E+08  0.495E-01
  0.260E+08  0.498E-01  0.270E+08  0.504E-01  0.280E+08  0.506E-01
  0.290E+08  0.507E-01  0.300E+08  0.508E-01  0.310E+08  0.509E-01
  0.320E+08  0.510E-01  0.330E+08  0.511E-01  0.340E+08  0.510E-01
  0.350E+08  0.508E-01  0.360E+08  0.507E-01  0.370E+08  0.500E-01
  0.380E+08  0.494E-01  0.390E+08  0.488E-01  0.400E+08  0.482E-01
  0.410E+08  0.477E-01  0.420E+08  0.471E-01  0.430E+08  0.465E-01
  0.440E+08  0.459E-01  0.450E+08  0.453E-01  0.460E+08  0.446E-01
  0.470E+08  0.440E-01  0.480E+08  0.434E-01  0.490E+08  0.425E-01
  0.500E+08  0.416E-01  0.520E+08  0.397E-01  0.540E+08  0.379E-01
  0.560E+08  0.368E-01  0.580E+08  0.357E-01  0.600E+08  0.346E-01
  0.620E+08  0.340E-01  0.640E+08  0.330E-01  0.660E+08  0.320E-01
  0.680E+08  0.311E-01  0.700E+08  0.302E-01  0.720E+08  0.294E-01
  0.740E+08  0.286E-01  0.760E+08  0.283E-01  0.780E+08  0.281E-01
  0.800E+08  0.279E-01  0.820E+08  0.276E-01  0.840E+08  0.273E-01
  0.860E+08  0.271E-01  0.880E+08  0.265E-01  0.900E+08  0.258E-01
  0.920E+08  0.251E-01  0.940E+08  0.245E-01  0.960E+08  0.242E-01
  0.980E+08  0.237E-01  0.100E+09  0.231E-01
ER170
         111
           0
          70
  0.574E+07  0.000E+00  0.110E+08  0.627E-04  0.115E+08  0.101E-03
  0.120E+08  0.130E-03  0.125E+08  0.132E-03  0.130E+08  0.170E-03
  0.135E+08  0.212E-03  0.140E+08  0.259E-03  0.145E+08  0.310E-03
  0.150E+08  0.365E-03  0.160E+08  0.454E-03  0.170E+08  0.495E-03
  0.180E+08  0.665E-03  0.190E+08  0.851E-03  0.200E+08  0.105E-02
  0.210E+08  0.109E-02  0.220E+08  0.132E-02  0.230E+08  0.157E-02
  0.240E+08  0.184E-02  0.250E+08  0.212E-02  0.260E+08  0.224E-02
  0.270E+08  0.256E-02  0.280E+08  0.288E-02  0.290E+08  0.320E-02
  0.300E+08  0.354E-02  0.310E+08  0.371E-02  0.320E+08  0.408E-02
  0.330E+08  0.447E-02  0.340E+08  0.487E-02  0.350E+08  0.528E-02
  0.360E+08  0.569E-02  0.370E+08  0.593E-02  0.380E+08  0.634E-02
  0.390E+08  0.673E-02  0.400E+08  0.710E-02  0.410E+08  0.742E-02
  0.420E+08  0.774E-02  0.430E+08  0.788E-02  0.440E+08  0.806E-02
  0.450E+08  0.821E-02  0.460E+08  0.831E-02  0.470E+08  0.839E-02
  0.480E+08  0.844E-02  0.490E+08  0.826E-02  0.500E+08  0.807E-02
  0.520E+08  0.769E-02  0.540E+08  0.773E-02  0.560E+08  0.773E-02
  0.580E+08  0.771E-02  0.600E+08  0.771E-02  0.620E+08  0.771E-02
  0.640E+08  0.772E-02  0.660E+08  0.779E-02  0.680E+08  0.789E-02
  0.700E+08  0.792E-02  0.720E+08  0.791E-02  0.740E+08  0.791E-02
  0.760E+08  0.790E-02  0.780E+08  0.790E-02  0.800E+08  0.789E-02
  0.820E+08  0.787E-02  0.840E+08  0.793E-02  0.860E+08  0.801E-02
  0.880E+08  0.803E-02  0.900E+08  0.803E-02  0.920E+08  0.799E-02
  0.940E+08  0.798E-02  0.960E+08  0.796E-02  0.980E+08  0.793E-02
  0.100E+09  0.791E-02
YB167
         121
           0
          45
  0.312E+08  0.000E+00  0.320E+08  0.305E-08  0.330E+08  0.487E-05
  0.340E+08  0.152E-03  0.350E+08  0.145E-02  0.360E+08  0.611E-02
  0.370E+08  0.180E-01  0.380E+08  0.346E-01  0.390E+08  0.683E-01
  0.400E+08  0.116E+00  0.410E+08  0.176E+00  0.420E+08  0.243E+00
  0.430E+08  0.363E+00  0.440E+08  0.427E+00  0.450E+08  0.478E+00
  0.460E+08  0.512E+00  0.470E+08  0.528E+00  0.480E+08  0.531E+00
  0.490E+08  0.535E+00  0.500E+08  0.524E+00  0.520E+08  0.483E+00
  0.540E+08  0.431E+00  0.560E+08  0.378E+00  0.580E+08  0.329E+00
  0.600E+08  0.286E+00  0.620E+08  0.243E+00  0.640E+08  0.215E+00
  0.660E+08  0.199E+00  0.680E+08  0.176E+00  0.700E+08  0.161E+00
  0.720E+08  0.144E+00  0.740E+08  0.134E+00  0.760E+08  0.124E+00
  0.780E+08  0.113E+00  0.800E+08  0.106E+00  0.820E+08  0.100E+00
  0.840E+08  0.894E-01  0.860E+08  0.787E-01  0.880E+08  0.751E-01
  0.900E+08  0.723E-01  0.920E+08  0.694E-01  0.940E+08  0.669E-01
  0.960E+08  0.693E-01  0.980E+08  0.671E-01  0.100E+09  0.670E-01
YB166
         122
           0
          38
  0.383E+08  0.000E+00  0.390E+08  0.336E-09  0.400E+08  0.314E-06
  0.410E+08  0.232E-04  0.420E+08  0.327E-03  0.430E+08  0.275E-02
  0.440E+08  0.925E-02  0.450E+08  0.227E-01  0.460E+08  0.451E-01
  0.470E+08  0.764E-01  0.480E+08  0.116E+00  0.490E+08  0.133E+00
  0.500E+08  0.151E+00  0.520E+08  0.207E+00  0.540E+08  0.291E+00
  0.560E+08  0.364E+00  0.580E+08  0.422E+00  0.600E+08  0.463E+00
  0.620E+08  0.489E+00  0.640E+08  0.500E+00  0.660E+08  0.491E+00
  0.680E+08  0.486E+00  0.700E+08  0.480E+00  0.720E+08  0.461E+00
  0.740E+08  0.400E+00  0.760E+08  0.374E+00  0.780E+08  0.350E+00
  0.800E+08  0.328E+00  0.820E+08  0.306E+00  0.840E+08  0.288E+00
  0.860E+08  0.275E+00  0.880E+08  0.256E+00  0.900E+08  0.241E+00
  0.920E+08  0.228E+00  0.940E+08  0.215E+00  0.960E+08  0.202E+00
  0.980E+08  0.192E+00  0.100E+09  0.181E+00
YB165
         123
           0
          26
  0.478E+08  0.000E+00  0.520E+08  0.810E-08  0.540E+08  0.299E-05
  0.560E+08  0.800E-04  0.580E+08  0.696E-03  0.600E+08  0.317E-02
  0.620E+08  0.947E-02  0.640E+08  0.210E-01  0.660E+08  0.377E-01
  0.680E+08  0.610E-01  0.700E+08  0.834E-01  0.720E+08  0.113E+00
  0.740E+08  0.163E+00  0.760E+08  0.157E+00  0.780E+08  0.153E+00
  0.800E+08  0.149E+00  0.820E+08  0.146E+00  0.840E+08  0.142E+00
  0.860E+08  0.139E+00  0.880E+08  0.134E+00  0.900E+08  0.129E+00
  0.920E+08  0.124E+00  0.940E+08  0.118E+00  0.960E+08  0.113E+00
  0.980E+08  0.108E+00  0.100E+09  0.103E+00
YB164
         124
           0
          22
  0.551E+08  0.000E+00  0.600E+08  0.214E-08  0.620E+08  0.102E-05
  0.640E+08  0.306E-04  0.660E+08  0.272E-03  0.680E+08  0.176E-02
  0.700E+08  0.486E-02  0.720E+08  0.131E-01  0.740E+08  0.278E-01
  0.760E+08  0.547E-01  0.780E+08  0.714E-01  0.800E+08  0.886E-01
  0.820E+08  0.105E+00  0.840E+08  0.120E+00  0.860E+08  0.143E+00
  0.880E+08  0.157E+00  0.900E+08  0.165E+00  0.920E+08  0.169E+00
  0.940E+08  0.172E+00  0.960E+08  0.176E+00  0.980E+08  0.174E+00
  0.100E+09  0.171E+00
YB163
         125
           0
          17
  0.649E+08  0.000E+00  0.700E+08  0.500E-10  0.720E+08  0.237E-07
  0.740E+08  0.483E-06  0.760E+08  0.679E-05  0.780E+08  0.356E-04
  0.800E+08  0.136E-03  0.820E+08  0.410E-03  0.840E+08  0.103E-02
  0.860E+08  0.276E-02  0.880E+08  0.588E-02  0.900E+08  0.952E-02
  0.920E+08  0.142E-01  0.940E+08  0.179E-01  0.960E+08  0.254E-01
  0.980E+08  0.308E-01  0.100E+09  0.353E-01
YB162
         126
           0
          14
  0.726E+08  0.000E+00  0.760E+08  0.305E-14  0.780E+08  0.152E-10
  0.800E+08  0.222E-08  0.820E+08  0.684E-07  0.840E+08  0.300E-05
  0.860E+08  0.280E-04  0.880E+08  0.149E-03  0.900E+08  0.430E-03
  0.920E+08  0.104E-02  0.940E+08  0.213E-02  0.960E+08  0.421E-02
  0.980E+08  0.693E-02  0.100E+09  0.104E-01
YB161
         127
           0
           9
  0.827E+08  0.000E+00  0.860E+08  0.626E-15  0.880E+08  0.238E-11
  0.900E+08  0.169E-09  0.920E+08  0.420E-08  0.940E+08  0.205E-07
  0.960E+08  0.288E-06  0.980E+08  0.161E-05  0.100E+09  0.680E-05
YB160
         128
           0
           5
  0.906E+08  0.000E+00  0.940E+08  0.701E-17  0.960E+08  0.116E-12
  0.980E+08  0.146E-10  0.100E+09  0.524E-09
TM170
         153
           0
          72
  0.460E+07  0.000E+00  0.100E+08  0.177E-07  0.105E+08  0.106E-06
  0.110E+08  0.451E-06  0.115E+08  0.156E-05  0.120E+08  0.321E-02
  0.125E+08  0.350E-02  0.130E+08  0.438E-02  0.135E+08  0.530E-02
  0.140E+08  0.628E-02  0.145E+08  0.733E-02  0.150E+08  0.845E-02
  0.160E+08  0.104E-01  0.170E+08  0.126E-01  0.180E+08  0.148E-01
  0.190E+08  0.184E-01  0.200E+08  0.228E-01  0.210E+08  0.291E-01
  0.220E+08  0.370E-01  0.230E+08  0.455E-01  0.240E+08  0.541E-01
  0.250E+08  0.625E-01  0.260E+08  0.695E-01  0.270E+08  0.767E-01
  0.280E+08  0.830E-01  0.290E+08  0.884E-01  0.300E+08  0.929E-01
  0.310E+08  0.953E-01  0.320E+08  0.972E-01  0.330E+08  0.978E-01
  0.340E+08  0.983E-01  0.350E+08  0.941E-01  0.360E+08  0.932E-01
  0.370E+08  0.925E-01  0.380E+08  0.919E-01  0.390E+08  0.912E-01
  0.400E+08  0.906E-01  0.410E+08  0.899E-01  0.420E+08  0.892E-01
  0.430E+08  0.886E-01  0.440E+08  0.879E-01  0.450E+08  0.872E-01
  0.460E+08  0.866E-01  0.470E+08  0.859E-01  0.480E+08  0.853E-01
  0.490E+08  0.846E-01  0.500E+08  0.841E-01  0.520E+08  0.834E-01
  0.540E+08  0.828E-01  0.560E+08  0.825E-01  0.580E+08  0.822E-01
  0.600E+08  0.815E-01  0.620E+08  0.808E-01  0.640E+08  0.805E-01
  0.660E+08  0.802E-01  0.680E+08  0.799E-01  0.700E+08  0.792E-01
  0.720E+08  0.789E-01  0.740E+08  0.785E-01  0.760E+08  0.780E-01
  0.780E+08  0.779E-01  0.800E+08  0.778E-01  0.820E+08  0.778E-01
  0.840E+08  0.777E-01  0.860E+08  0.776E-01  0.880E+08  0.770E-01
  0.900E+08  0.769E-01  0.920E+08  0.764E-01  0.940E+08  0.759E-01
  0.960E+08  0.755E-01  0.980E+08  0.750E-01  0.100E+09  0.744E-01
TM169
         154
           0
          60
  0.112E+08  0.000E+00  0.170E+08  0.692E-07  0.180E+08  0.121E-05
  0.190E+08  0.106E-04  0.200E+08  0.469E-04  0.210E+08  0.213E-03
  0.220E+08  0.596E-03  0.230E+08  0.147E-02  0.240E+08  0.304E-02
  0.250E+08  0.555E-02  0.260E+08  0.938E-02  0.270E+08  0.143E-01
  0.280E+08  0.206E-01  0.290E+08  0.280E-01  0.300E+08  0.363E-01
  0.310E+08  0.462E-01  0.320E+08  0.570E-01  0.330E+08  0.671E-01
  0.340E+08  0.784E-01  0.350E+08  0.928E-01  0.360E+08  0.101E+00
  0.370E+08  0.107E+00  0.380E+08  0.114E+00  0.390E+08  0.121E+00
  0.400E+08  0.126E+00  0.410E+08  0.130E+00  0.420E+08  0.134E+00
  0.430E+08  0.137E+00  0.440E+08  0.139E+00  0.450E+08  0.141E+00
  0.460E+08  0.142E+00  0.470E+08  0.142E+00  0.480E+08  0.142E+00
  0.490E+08  0.136E+00  0.500E+08  0.133E+00  0.520E+08  0.129E+00
  0.540E+08  0.125E+00  0.560E+08  0.120E+00  0.580E+08  0.119E+00
  0.600E+08  0.118E+00  0.620E+08  0.118E+00  0.640E+08  0.117E+00
  0.660E+08  0.115E+00  0.680E+08  0.113E+00  0.700E+08  0.111E+00
  0.720E+08  0.109E+00  0.740E+08  0.108E+00  0.760E+08  0.107E+00
  0.780E+08  0.105E+00  0.800E+08  0.104E+00  0.820E+08  0.103E+00
  0.840E+08  0.102E+00  0.860E+08  0.101E+00  0.880E+08  0.100E+00
  0.900E+08  0.991E-01  0.920E+08  0.984E-01  0.940E+08  0.978E-01
  0.960E+08  0.971E-01  0.980E+08  0.965E-01  0.100E+09  0.958E-01
TM168
         155
           0
          52
  0.193E+08  0.000E+00  0.250E+08  0.160E-09  0.260E+08  0.431E-07
  0.270E+08  0.705E-06  0.280E+08  0.576E-05  0.290E+08  0.338E-04
  0.300E+08  0.144E-03  0.310E+08  0.407E-03  0.320E+08  0.105E-02
  0.330E+08  0.215E-02  0.340E+08  0.407E-02  0.350E+08  0.775E-02
  0.360E+08  0.139E-01  0.370E+08  0.196E-01  0.380E+08  0.262E-01
  0.390E+08  0.334E-01  0.400E+08  0.409E-01  0.410E+08  0.483E-01
  0.420E+08  0.563E-01  0.430E+08  0.632E-01  0.440E+08  0.694E-01
  0.450E+08  0.748E-01  0.460E+08  0.798E-01  0.470E+08  0.845E-01
  0.480E+08  0.912E-01  0.490E+08  0.966E-01  0.500E+08  0.102E+00
  0.520E+08  0.109E+00  0.540E+08  0.115E+00  0.560E+08  0.125E+00
  0.580E+08  0.125E+00  0.600E+08  0.124E+00  0.620E+08  0.124E+00
  0.640E+08  0.120E+00  0.660E+08  0.116E+00  0.680E+08  0.113E+00
  0.700E+08  0.108E+00  0.720E+08  0.104E+00  0.740E+08  0.985E-01
  0.760E+08  0.952E-01  0.780E+08  0.926E-01  0.800E+08  0.902E-01
  0.820E+08  0.880E-01  0.840E+08  0.862E-01  0.860E+08  0.851E-01
  0.880E+08  0.839E-01  0.900E+08  0.828E-01  0.920E+08  0.809E-01
  0.940E+08  0.791E-01  0.960E+08  0.772E-01  0.980E+08  0.762E-01
  0.100E+09  0.664E-01
TM167
         156
           0
          45
  0.262E+08  0.000E+00  0.320E+08  0.215E-09  0.330E+08  0.315E-07
  0.340E+08  0.528E-06  0.350E+08  0.623E-05  0.360E+08  0.445E-04
  0.370E+08  0.164E-03  0.380E+08  0.472E-03  0.390E+08  0.113E-02
  0.400E+08  0.233E-02  0.410E+08  0.429E-02  0.420E+08  0.638E-02
  0.430E+08  0.101E-01  0.440E+08  0.150E-01  0.450E+08  0.209E-01
  0.460E+08  0.278E-01  0.470E+08  0.355E-01  0.480E+08  0.419E-01
  0.490E+08  0.633E-01  0.500E+08  0.678E-01  0.520E+08  0.863E-01
  0.540E+08  0.103E+00  0.560E+08  0.112E+00  0.580E+08  0.123E+00
  0.600E+08  0.132E+00  0.620E+08  0.139E+00  0.640E+08  0.147E+00
  0.660E+08  0.154E+00  0.680E+08  0.158E+00  0.700E+08  0.162E+00
  0.720E+08  0.166E+00  0.740E+08  0.168E+00  0.760E+08  0.170E+00
  0.780E+08  0.171E+00  0.800E+08  0.172E+00  0.820E+08  0.173E+00
  0.840E+08  0.174E+00  0.860E+08  0.168E+00  0.880E+08  0.164E+00
  0.900E+08  0.159E+00  0.920E+08  0.154E+00  0.940E+08  0.150E+00
  0.960E+08  0.151E+00  0.980E+08  0.147E+00  0.100E+09  0.145E+00
TM166
         157
           0
          36
  0.350E+08  0.000E+00  0.410E+08  0.139E-10  0.420E+08  0.146E-08
  0.430E+08  0.303E-07  0.440E+08  0.303E-06  0.450E+08  0.197E-05
  0.460E+08  0.939E-05  0.470E+08  0.349E-04  0.480E+08  0.861E-04
  0.490E+08  0.593E-03  0.500E+08  0.124E-02  0.520E+08  0.400E-02
  0.540E+08  0.973E-02  0.560E+08  0.161E-01  0.580E+08  0.275E-01
  0.600E+08  0.410E-01  0.620E+08  0.489E-01  0.640E+08  0.611E-01
  0.660E+08  0.714E-01  0.680E+08  0.801E-01  0.700E+08  0.875E-01
  0.720E+08  0.930E-01  0.740E+08  0.966E-01  0.760E+08  0.101E+00
  0.780E+08  0.105E+00  0.800E+08  0.104E+00  0.820E+08  0.107E+00
  0.840E+08  0.109E+00  0.860E+08  0.103E+00  0.880E+08  0.106E+00
  0.900E+08  0.109E+00  0.920E+08  0.113E+00  0.940E+08  0.114E+00
  0.960E+08  0.109E+00  0.980E+08  0.107E+00  0.100E+09  0.105E+00
TM165
         158
           0
          29
  0.420E+08  0.000E+00  0.480E+08  0.962E-12  0.490E+08  0.554E-09
  0.500E+08  0.124E-07  0.520E+08  0.104E-05  0.540E+08  0.217E-04
  0.560E+08  0.116E-03  0.580E+08  0.578E-03  0.600E+08  0.205E-02
  0.620E+08  0.436E-02  0.640E+08  0.946E-02  0.660E+08  0.173E-01
  0.680E+08  0.286E-01  0.700E+08  0.435E-01  0.720E+08  0.613E-01
  0.740E+08  0.798E-01  0.760E+08  0.946E-01  0.780E+08  0.109E+00
  0.800E+08  0.124E+00  0.820E+08  0.137E+00  0.840E+08  0.142E+00
  0.860E+08  0.147E+00  0.880E+08  0.151E+00  0.900E+08  0.157E+00
  0.920E+08  0.157E+00  0.940E+08  0.159E+00  0.960E+08  0.161E+00
  0.980E+08  0.162E+00  0.100E+09  0.168E+00
TM164
         159
           0
          23
  0.511E+08  0.000E+00  0.580E+08  0.213E-13  0.600E+08  0.106E-09
  0.620E+08  0.780E-08  0.640E+08  0.324E-06  0.660E+08  0.485E-05
  0.680E+08  0.394E-04  0.700E+08  0.203E-03  0.720E+08  0.661E-03
  0.740E+08  0.186E-02  0.760E+08  0.418E-02  0.780E+08  0.776E-02
  0.800E+08  0.129E-01  0.820E+08  0.196E-01  0.840E+08  0.324E-01
  0.860E+08  0.454E-01  0.880E+08  0.560E-01  0.900E+08  0.611E-01
  0.920E+08  0.662E-01  0.940E+08  0.713E-01  0.960E+08  0.746E-01
  0.980E+08  0.762E-01  0.100E+09  0.784E-01
TM163
         160
           0
          18
  0.585E+08  0.000E+00  0.680E+08  0.105E-10  0.700E+08  0.251E-08
  0.720E+08  0.129E-06  0.740E+08  0.230E-05  0.760E+08  0.203E-04
  0.780E+08  0.105E-03  0.800E+08  0.659E-03  0.820E+08  0.166E-02
  0.840E+08  0.357E-02  0.860E+08  0.751E-02  0.880E+08  0.134E-01
  0.900E+08  0.200E-01  0.920E+08  0.279E-01  0.940E+08  0.371E-01
  0.960E+08  0.468E-01  0.980E+08  0.569E-01  0.100E+09  0.704E-01
TM162
         161
           0
          14
  0.678E+08  0.000E+00  0.760E+08  0.777E-17  0.780E+08  0.960E-13
  0.800E+08  0.108E-09  0.820E+08  0.557E-08  0.840E+08  0.128E-06
  0.860E+08  0.229E-05  0.880E+08  0.190E-04  0.900E+08  0.719E-04
  0.920E+08  0.214E-03  0.940E+08  0.479E-03  0.960E+08  0.993E-03
  0.980E+08  0.193E-02  0.100E+09  0.367E-02
TM161
         162
           0
          10
  0.754E+08  0.000E+00  0.840E+08  0.130E-14  0.860E+08  0.424E-11
  0.880E+08  0.988E-09  0.900E+08  0.213E-07  0.920E+08  0.268E-06
  0.940E+08  0.198E-05  0.960E+08  0.980E-05  0.980E+08  0.376E-04
  0.100E+09  0.121E-03
TM160
         163
           0
           6
  0.851E+08  0.000E+00  0.920E+08  0.257E-19  0.940E+08  0.151E-15
  0.960E+08  0.779E-13  0.980E+08  0.651E-11  0.100E+09  0.220E-09
TM159
         164
           0
           2
  0.931E+08  0.000E+00  0.100E+09  0.148E-21
ER169
         174
           0
          56
  0.108E+08  0.000E+00  0.210E+08  0.982E-15  0.220E+08  0.274E-13
  0.230E+08  0.427E-12  0.240E+08  0.102E-10  0.250E+08  0.719E-10
  0.260E+08  0.472E-09  0.270E+08  0.207E-08  0.280E+08  0.705E-08
  0.290E+08  0.199E-07  0.300E+08  0.487E-07  0.310E+08  0.107E-06
  0.320E+08  0.209E-06  0.330E+08  0.334E-06  0.340E+08  0.549E-06
  0.350E+08  0.806E-06  0.360E+08  0.167E-05  0.370E+08  0.475E-05
  0.380E+08  0.157E-04  0.390E+08  0.461E-04  0.400E+08  0.112E-03
  0.410E+08  0.233E-03  0.420E+08  0.369E-03  0.430E+08  0.577E-03
  0.440E+08  0.847E-03  0.450E+08  0.116E-02  0.460E+08  0.152E-02
  0.470E+08  0.191E-02  0.480E+08  0.232E-02  0.490E+08  0.302E-02
  0.500E+08  0.345E-02  0.520E+08  0.449E-02  0.540E+08  0.488E-02
  0.560E+08  0.507E-02  0.580E+08  0.509E-02  0.600E+08  0.506E-02
  0.620E+08  0.498E-02  0.640E+08  0.489E-02  0.660E+08  0.476E-02
  0.680E+08  0.467E-02  0.700E+08  0.461E-02  0.720E+08  0.456E-02
  0.740E+08  0.448E-02  0.760E+08  0.448E-02  0.780E+08  0.444E-02
  0.800E+08  0.444E-02  0.820E+08  0.443E-02  0.840E+08  0.435E-02
  0.860E+08  0.435E-02  0.880E+08  0.429E-02  0.900E+08  0.427E-02
  0.920E+08  0.427E-02  0.940E+08  0.398E-02  0.960E+08  0.400E-02
  0.980E+08  0.399E-02  0.100E+09  0.400E-02
ER168
         175
           0
          87
  0.100E-04  0.000E+00  0.250E+07  0.674E-09  0.300E+07  0.317E-07
  0.350E+07  0.113E-06  0.400E+07  0.281E-06  0.450E+07  0.599E-06
  0.500E+07  0.120E-05  0.550E+07  0.235E-05  0.600E+07  0.450E-05
  0.650E+07  0.847E-05  0.700E+07  0.156E-04  0.750E+07  0.278E-04
  0.800E+07  0.481E-04  0.850E+07  0.803E-04  0.900E+07  0.129E-03
  0.950E+07  0.200E-03  0.100E+08  0.297E-03  0.105E+08  0.423E-03
  0.110E+08  0.582E-03  0.115E+08  0.774E-03  0.120E+08  0.100E-02
  0.125E+08  0.126E-02  0.130E+08  0.155E-02  0.135E+08  0.188E-02
  0.140E+08  0.222E-02  0.145E+08  0.260E-02  0.150E+08  0.299E-02
  0.160E+08  0.387E-02  0.170E+08  0.476E-02  0.180E+08  0.560E-02
  0.190E+08  0.632E-02  0.200E+08  0.682E-02  0.210E+08  0.710E-02
  0.220E+08  0.717E-02  0.230E+08  0.710E-02  0.240E+08  0.676E-02
  0.250E+08  0.642E-02  0.260E+08  0.609E-02  0.270E+08  0.575E-02
  0.280E+08  0.541E-02  0.290E+08  0.507E-02  0.300E+08  0.472E-02
  0.310E+08  0.438E-02  0.320E+08  0.406E-02  0.330E+08  0.375E-02
  0.340E+08  0.347E-02  0.350E+08  0.320E-02  0.360E+08  0.296E-02
  0.370E+08  0.273E-02  0.380E+08  0.251E-02  0.390E+08  0.231E-02
  0.400E+08  0.221E-02  0.410E+08  0.203E-02  0.420E+08  0.186E-02
  0.430E+08  0.171E-02  0.440E+08  0.157E-02  0.450E+08  0.145E-02
  0.460E+08  0.134E-02  0.470E+08  0.132E-02  0.480E+08  0.123E-02
  0.490E+08  0.121E-02  0.500E+08  0.114E-02  0.520E+08  0.129E-02
  0.540E+08  0.171E-02  0.560E+08  0.239E-02  0.580E+08  0.305E-02
  0.600E+08  0.396E-02  0.620E+08  0.491E-02  0.640E+08  0.587E-02
  0.660E+08  0.670E-02  0.680E+08  0.735E-02  0.700E+08  0.781E-02
  0.720E+08  0.820E-02  0.740E+08  0.834E-02  0.760E+08  0.830E-02
  0.780E+08  0.820E-02  0.800E+08  0.808E-02  0.820E+08  0.790E-02
  0.840E+08  0.774E-02  0.860E+08  0.749E-02  0.880E+08  0.735E-02
  0.900E+08  0.737E-02  0.920E+08  0.724E-02  0.940E+08  0.702E-02
  0.960E+08  0.689E-02  0.980E+08  0.682E-02  0.100E+09  0.674E-02
ER167
         176
           0
          71
  0.100E-04  0.000E+00  0.105E+08  0.434E-08  0.110E+08  0.235E-06
  0.115E+08  0.108E-05  0.120E+08  0.284E-05  0.125E+08  0.587E-05
  0.130E+08  0.106E-04  0.135E+08  0.177E-04  0.140E+08  0.263E-04
  0.145E+08  0.408E-04  0.150E+08  0.574E-04  0.160E+08  0.122E-03
  0.170E+08  0.275E-03  0.180E+08  0.582E-03  0.190E+08  0.114E-02
  0.200E+08  0.196E-02  0.210E+08  0.303E-02  0.220E+08  0.429E-02
  0.230E+08  0.568E-02  0.240E+08  0.747E-02  0.250E+08  0.865E-02
  0.260E+08  0.956E-02  0.270E+08  0.101E-01  0.280E+08  0.104E-01
  0.290E+08  0.948E-02  0.300E+08  0.927E-02  0.310E+08  0.895E-02
  0.320E+08  0.856E-02  0.330E+08  0.811E-02  0.340E+08  0.764E-02
  0.350E+08  0.715E-02  0.360E+08  0.666E-02  0.370E+08  0.618E-02
  0.380E+08  0.572E-02  0.390E+08  0.528E-02  0.400E+08  0.499E-02
  0.410E+08  0.487E-02  0.420E+08  0.449E-02  0.430E+08  0.414E-02
  0.440E+08  0.382E-02  0.450E+08  0.351E-02  0.460E+08  0.337E-02
  0.470E+08  0.301E-02  0.480E+08  0.275E-02  0.490E+08  0.235E-02
  0.500E+08  0.214E-02  0.520E+08  0.181E-02  0.540E+08  0.176E-02
  0.560E+08  0.152E-02  0.580E+08  0.135E-02  0.600E+08  0.120E-02
  0.620E+08  0.106E-02  0.640E+08  0.960E-03  0.660E+08  0.971E-03
  0.680E+08  0.111E-02  0.700E+08  0.148E-02  0.720E+08  0.196E-02
  0.740E+08  0.272E-02  0.760E+08  0.363E-02  0.780E+08  0.458E-02
  0.800E+08  0.545E-02  0.820E+08  0.619E-02  0.840E+08  0.682E-02
  0.860E+08  0.717E-02  0.880E+08  0.736E-02  0.900E+08  0.727E-02
  0.920E+08  0.721E-02  0.940E+08  0.704E-02  0.960E+08  0.690E-02
  0.980E+08  0.625E-02  0.100E+09  0.560E-02
ER166
         177
           0
          59
  0.490E+07  0.000E+00  0.180E+08  0.446E-06  0.190E+08  0.552E-05
  0.200E+08  0.228E-04  0.210E+08  0.655E-04  0.220E+08  0.157E-03
  0.230E+08  0.314E-03  0.240E+08  0.691E-03  0.250E+08  0.132E-02
  0.260E+08  0.230E-02  0.270E+08  0.365E-02  0.280E+08  0.535E-02
  0.290E+08  0.795E-02  0.300E+08  0.101E-01  0.310E+08  0.123E-01
  0.320E+08  0.146E-01  0.330E+08  0.169E-01  0.340E+08  0.189E-01
  0.350E+08  0.207E-01  0.360E+08  0.222E-01  0.370E+08  0.232E-01
  0.380E+08  0.237E-01  0.390E+08  0.239E-01  0.400E+08  0.242E-01
  0.410E+08  0.234E-01  0.420E+08  0.227E-01  0.430E+08  0.218E-01
  0.440E+08  0.208E-01  0.450E+08  0.201E-01  0.460E+08  0.194E-01
  0.470E+08  0.182E-01  0.480E+08  0.171E-01  0.490E+08  0.155E-01
  0.500E+08  0.139E-01  0.520E+08  0.108E-01  0.540E+08  0.101E-01
  0.560E+08  0.886E-02  0.580E+08  0.762E-02  0.600E+08  0.637E-02
  0.620E+08  0.513E-02  0.640E+08  0.452E-02  0.660E+08  0.433E-02
  0.680E+08  0.393E-02  0.700E+08  0.367E-02  0.720E+08  0.355E-02
  0.740E+08  0.342E-02  0.760E+08  0.326E-02  0.780E+08  0.317E-02
  0.800E+08  0.332E-02  0.820E+08  0.357E-02  0.840E+08  0.394E-02
  0.860E+08  0.449E-02  0.880E+08  0.541E-02  0.900E+08  0.628E-02
  0.920E+08  0.728E-02  0.940E+08  0.869E-02  0.960E+08  0.968E-02
  0.980E+08  0.114E-01  0.100E+09  0.123E-01
ER165
         178
           0
          51
  0.134E+08  0.000E+00  0.260E+08  0.934E-09  0.270E+08  0.802E-07
  0.280E+08  0.605E-06  0.290E+08  0.453E-05  0.300E+08  0.169E-04
  0.310E+08  0.502E-04  0.320E+08  0.131E-03  0.330E+08  0.308E-03
  0.340E+08  0.636E-03  0.350E+08  0.125E-02  0.360E+08  0.219E-02
  0.370E+08  0.347E-02  0.380E+08  0.512E-02  0.390E+08  0.711E-02
  0.400E+08  0.844E-02  0.410E+08  0.106E-01  0.420E+08  0.128E-01
  0.430E+08  0.148E-01  0.440E+08  0.159E-01  0.450E+08  0.164E-01
  0.460E+08  0.168E-01  0.470E+08  0.172E-01  0.480E+08  0.173E-01
  0.490E+08  0.172E-01  0.500E+08  0.166E-01  0.520E+08  0.150E-01
  0.540E+08  0.134E-01  0.560E+08  0.117E-01  0.580E+08  0.969E-02
  0.600E+08  0.834E-02  0.620E+08  0.741E-02  0.640E+08  0.633E-02
  0.660E+08  0.568E-02  0.680E+08  0.485E-02  0.700E+08  0.445E-02
  0.720E+08  0.404E-02  0.740E+08  0.372E-02  0.760E+08  0.355E-02
  0.780E+08  0.348E-02  0.800E+08  0.375E-02  0.820E+08  0.395E-02
  0.840E+08  0.414E-02  0.860E+08  0.432E-02  0.880E+08  0.438E-02
  0.900E+08  0.447E-02  0.920E+08  0.456E-02  0.940E+08  0.454E-02
  0.960E+08  0.491E-02  0.980E+08  0.483E-02  0.100E+09  0.497E-02
ER164
         179
           0
          44
  0.201E+08  0.000E+00  0.330E+08  0.717E-09  0.340E+08  0.566E-07
  0.350E+08  0.954E-06  0.360E+08  0.443E-05  0.370E+08  0.170E-04
  0.380E+08  0.510E-04  0.390E+08  0.132E-03  0.400E+08  0.245E-03
  0.410E+08  0.520E-03  0.420E+08  0.102E-02  0.430E+08  0.182E-02
  0.440E+08  0.363E-02  0.450E+08  0.536E-02  0.460E+08  0.708E-02
  0.470E+08  0.954E-02  0.480E+08  0.123E-01  0.490E+08  0.177E-01
  0.500E+08  0.207E-01  0.520E+08  0.269E-01  0.540E+08  0.314E-01
  0.560E+08  0.359E-01  0.580E+08  0.395E-01  0.600E+08  0.407E-01
  0.620E+08  0.395E-01  0.640E+08  0.375E-01  0.660E+08  0.353E-01
  0.680E+08  0.323E-01  0.700E+08  0.304E-01  0.720E+08  0.285E-01
  0.740E+08  0.256E-01  0.760E+08  0.230E-01  0.780E+08  0.206E-01
  0.800E+08  0.184E-01  0.820E+08  0.170E-01  0.840E+08  0.157E-01
  0.860E+08  0.144E-01  0.880E+08  0.131E-01  0.900E+08  0.132E-01
  0.920E+08  0.139E-01  0.940E+08  0.148E-01  0.960E+08  0.153E-01
  0.980E+08  0.159E-01  0.100E+09  0.166E-01
ER163
         180
           0
          35
  0.290E+08  0.000E+00  0.420E+08  0.317E-11  0.430E+08  0.627E-09
  0.440E+08  0.154E-07  0.450E+08  0.698E-07  0.460E+08  0.368E-06
  0.470E+08  0.151E-05  0.480E+08  0.502E-05  0.490E+08  0.155E-04
  0.500E+08  0.417E-04  0.520E+08  0.221E-03  0.540E+08  0.570E-03
  0.560E+08  0.169E-02  0.580E+08  0.442E-02  0.600E+08  0.818E-02
  0.620E+08  0.126E-01  0.640E+08  0.171E-01  0.660E+08  0.197E-01
  0.680E+08  0.229E-01  0.700E+08  0.271E-01  0.720E+08  0.287E-01
  0.740E+08  0.298E-01  0.760E+08  0.301E-01  0.780E+08  0.292E-01
  0.800E+08  0.277E-01  0.820E+08  0.260E-01  0.840E+08  0.237E-01
  0.860E+08  0.216E-01  0.880E+08  0.200E-01  0.900E+08  0.179E-01
  0.920E+08  0.165E-01  0.940E+08  0.157E-01  0.960E+08  0.151E-01
  0.980E+08  0.146E-01  0.100E+09  0.149E-01
ER162
         181
           0
          28
  0.360E+08  0.000E+00  0.490E+08  0.357E-11  0.500E+08  0.305E-09
  0.520E+08  0.462E-07  0.540E+08  0.366E-06  0.560E+08  0.527E-05
  0.580E+08  0.528E-04  0.600E+08  0.274E-03  0.620E+08  0.976E-03
  0.640E+08  0.257E-02  0.660E+08  0.450E-02  0.680E+08  0.780E-02
  0.700E+08  0.111E-01  0.720E+08  0.171E-01  0.740E+08  0.249E-01
  0.760E+08  0.339E-01  0.780E+08  0.427E-01  0.800E+08  0.510E-01
  0.820E+08  0.583E-01  0.840E+08  0.633E-01  0.860E+08  0.674E-01
  0.880E+08  0.710E-01  0.900E+08  0.697E-01  0.920E+08  0.679E-01
  0.940E+08  0.657E-01  0.960E+08  0.625E-01  0.980E+08  0.586E-01
  0.100E+09  0.554E-01
ER161
         182
           0
          22
  0.452E+08  0.000E+00  0.600E+08  0.155E-11  0.620E+08  0.336E-09
  0.640E+08  0.137E-07  0.660E+08  0.132E-06  0.680E+08  0.181E-05
  0.700E+08  0.391E-05  0.720E+08  0.249E-04  0.740E+08  0.104E-03
  0.760E+08  0.341E-03  0.780E+08  0.898E-03  0.800E+08  0.200E-02
  0.820E+08  0.385E-02  0.840E+08  0.655E-02  0.860E+08  0.941E-02
  0.880E+08  0.141E-01  0.900E+08  0.183E-01  0.920E+08  0.225E-01
  0.940E+08  0.239E-01  0.960E+08  0.261E-01  0.980E+08  0.283E-01
  0.100E+09  0.287E-01
ER160
         183
           0
          18
  0.525E+08  0.000E+00  0.680E+08  0.615E-13  0.700E+08  0.297E-11
  0.720E+08  0.623E-09  0.740E+08  0.167E-07  0.760E+08  0.197E-06
  0.780E+08  0.153E-05  0.800E+08  0.909E-05  0.820E+08  0.416E-04
  0.840E+08  0.132E-03  0.860E+08  0.392E-03  0.880E+08  0.109E-02
  0.900E+08  0.221E-02  0.920E+08  0.398E-02  0.940E+08  0.890E-02
  0.960E+08  0.130E-01  0.980E+08  0.181E-01  0.100E+09  0.228E-01
ER159
         184
           0
          13
  0.621E+08  0.000E+00  0.780E+08  0.650E-15  0.800E+08  0.265E-12
  0.820E+08  0.158E-10  0.840E+08  0.581E-09  0.860E+08  0.940E-08
  0.880E+08  0.982E-07  0.900E+08  0.472E-06  0.920E+08  0.239E-05
  0.940E+08  0.142E-04  0.960E+08  0.518E-04  0.980E+08  0.146E-03
  0.100E+09  0.258E-03
ER158
         185
           0
          10
  0.696E+08  0.000E+00  0.840E+08  0.506E-19  0.860E+08  0.306E-14
  0.880E+08  0.109E-11  0.900E+08  0.144E-10  0.920E+08  0.298E-09
  0.940E+08  0.623E-08  0.960E+08  0.782E-07  0.980E+08  0.504E-06
  0.100E+09  0.137E-05
ER157
         186
           0
           5
  0.795E+08  0.000E+00  0.940E+08  0.369E-20  0.960E+08  0.763E-16
  0.980E+08  0.116E-13  0.100E+09  0.384E-12
HO169
         219
           0
          47
  0.144E+08  0.000E+00  0.300E+08  0.503E-19  0.310E+08  0.124E-17
  0.320E+08  0.128E-16  0.330E+08  0.576E-16  0.340E+08  0.232E-15
  0.350E+08  0.701E-15  0.360E+08  0.313E-14  0.370E+08  0.110E-13
  0.380E+08  0.348E-13  0.390E+08  0.100E-12  0.400E+08  0.265E-12
  0.410E+08  0.646E-12  0.420E+08  0.164E-11  0.430E+08  0.339E-11
  0.440E+08  0.650E-11  0.450E+08  0.115E-10  0.460E+08  0.191E-10
  0.470E+08  0.305E-10  0.480E+08  0.448E-10  0.490E+08  0.489E-10
  0.500E+08  0.631E-10  0.520E+08  0.112E-09  0.540E+08  0.173E-09
  0.560E+08  0.320E-09  0.580E+08  0.689E-09  0.600E+08  0.154E-08
  0.620E+08  0.265E-08  0.640E+08  0.483E-08  0.660E+08  0.757E-08
  0.680E+08  0.117E-07  0.700E+08  0.144E-07  0.720E+08  0.165E-07
  0.740E+08  0.187E-07  0.760E+08  0.198E-07  0.780E+08  0.230E-07
  0.800E+08  0.237E-07  0.820E+08  0.240E-07  0.840E+08  0.245E-07
  0.860E+08  0.274E-07  0.880E+08  0.279E-07  0.900E+08  0.304E-07
  0.920E+08  0.307E-07  0.940E+08  0.311E-07  0.960E+08  0.274E-07
  0.980E+08  0.276E-07  0.100E+09  0.278E-07
HO168
         220
           0
          43
  0.188E+08  0.000E+00  0.340E+08  0.609E-21  0.350E+08  0.159E-18
  0.360E+08  0.415E-17  0.370E+08  0.524E-16  0.380E+08  0.421E-15
  0.390E+08  0.275E-14  0.400E+08  0.148E-13  0.410E+08  0.788E-13
  0.420E+08  0.327E-12  0.430E+08  0.110E-11  0.440E+08  0.324E-11
  0.450E+08  0.861E-11  0.460E+08  0.208E-10  0.470E+08  0.442E-10
  0.480E+08  0.901E-10  0.490E+08  0.193E-09  0.500E+08  0.326E-09
  0.520E+08  0.988E-09  0.540E+08  0.197E-08  0.560E+08  0.329E-08
  0.580E+08  0.476E-08  0.600E+08  0.673E-08  0.620E+08  0.719E-08
  0.640E+08  0.947E-08  0.660E+08  0.138E-07  0.680E+08  0.251E-07
  0.700E+08  0.442E-07  0.720E+08  0.780E-07  0.740E+08  0.125E-06
  0.760E+08  0.190E-06  0.780E+08  0.240E-06  0.800E+08  0.317E-06
  0.820E+08  0.391E-06  0.840E+08  0.452E-06  0.860E+08  0.543E-06
  0.880E+08  0.573E-06  0.900E+08  0.590E-06  0.920E+08  0.593E-06
  0.940E+08  0.593E-06  0.960E+08  0.523E-06  0.980E+08  0.532E-06
  0.100E+09  0.522E-06
HO167
         221
           0
          61
  0.100E-04  0.000E+00  0.160E+08  0.249E-13  0.170E+08  0.425E-12
  0.180E+08  0.248E-11  0.190E+08  0.119E-10  0.200E+08  0.414E-10
  0.210E+08  0.160E-09  0.220E+08  0.471E-09  0.230E+08  0.124E-08
  0.240E+08  0.270E-08  0.250E+08  0.554E-08  0.260E+08  0.117E-07
  0.270E+08  0.225E-07  0.280E+08  0.403E-07  0.290E+08  0.710E-07
  0.300E+08  0.111E-06  0.310E+08  0.164E-06  0.320E+08  0.225E-06
  0.330E+08  0.283E-06  0.340E+08  0.348E-06  0.350E+08  0.409E-06
  0.360E+08  0.493E-06  0.370E+08  0.542E-06  0.380E+08  0.577E-06
  0.390E+08  0.603E-06  0.400E+08  0.668E-06  0.410E+08  0.725E-06
  0.420E+08  0.653E-06  0.430E+08  0.658E-06  0.440E+08  0.657E-06
  0.450E+08  0.654E-06  0.460E+08  0.648E-06  0.470E+08  0.663E-06
  0.480E+08  0.654E-06  0.490E+08  0.742E-06  0.500E+08  0.662E-06
  0.520E+08  0.621E-06  0.540E+08  0.613E-06  0.560E+08  0.625E-06
  0.580E+08  0.630E-06  0.600E+08  0.649E-06  0.620E+08  0.727E-06
  0.640E+08  0.778E-06  0.660E+08  0.903E-06  0.680E+08  0.904E-06
  0.700E+08  0.990E-06  0.720E+08  0.755E-06  0.740E+08  0.808E-06
  0.760E+08  0.844E-06  0.780E+08  0.863E-06  0.800E+08  0.990E-06
  0.820E+08  0.113E-05  0.840E+08  0.139E-05  0.860E+08  0.174E-05
  0.880E+08  0.219E-05  0.900E+08  0.274E-05  0.920E+08  0.339E-05
  0.940E+08  0.418E-05  0.960E+08  0.447E-05  0.980E+08  0.502E-05
  0.100E+09  0.549E-05
HO166
         222
           0
          56
  0.375E+07  0.000E+00  0.210E+08  0.699E-14  0.220E+08  0.113E-12
  0.230E+08  0.132E-11  0.240E+08  0.210E-10  0.250E+08  0.160E-09
  0.260E+08  0.788E-09  0.270E+08  0.290E-08  0.280E+08  0.824E-08
  0.290E+08  0.229E-07  0.300E+08  0.549E-07  0.310E+08  0.120E-06
  0.320E+08  0.241E-06  0.330E+08  0.417E-06  0.340E+08  0.727E-06
  0.350E+08  0.121E-05  0.360E+08  0.196E-05  0.370E+08  0.292E-05
  0.380E+08  0.403E-05  0.390E+08  0.507E-05  0.400E+08  0.617E-05
  0.410E+08  0.749E-05  0.420E+08  0.797E-05  0.430E+08  0.893E-05
  0.440E+08  0.971E-05  0.450E+08  0.995E-05  0.460E+08  0.103E-04
  0.470E+08  0.108E-04  0.480E+08  0.109E-04  0.490E+08  0.112E-04
  0.500E+08  0.105E-04  0.520E+08  0.103E-04  0.540E+08  0.968E-05
  0.560E+08  0.942E-05  0.580E+08  0.915E-05  0.600E+08  0.870E-05
  0.620E+08  0.863E-05  0.640E+08  0.846E-05  0.660E+08  0.906E-05
  0.680E+08  0.812E-05  0.700E+08  0.795E-05  0.720E+08  0.711E-05
  0.740E+08  0.735E-05  0.760E+08  0.890E-05  0.780E+08  0.922E-05
  0.800E+08  0.105E-04  0.820E+08  0.112E-04  0.840E+08  0.118E-04
  0.860E+08  0.121E-04  0.880E+08  0.121E-04  0.900E+08  0.125E-04
  0.920E+08  0.128E-04  0.940E+08  0.135E-04  0.960E+08  0.137E-04
  0.980E+08  0.146E-04  0.100E+09  0.154E-04
HO165
         223
           0
          50
  0.100E+08  0.000E+00  0.270E+08  0.295E-15  0.280E+08  0.190E-12
  0.290E+08  0.407E-11  0.300E+08  0.402E-10  0.310E+08  0.303E-09
  0.320E+08  0.165E-08  0.330E+08  0.604E-08  0.340E+08  0.206E-07
  0.350E+08  0.678E-07  0.360E+08  0.177E-06  0.370E+08  0.428E-06
  0.380E+08  0.896E-06  0.390E+08  0.197E-05  0.400E+08  0.339E-05
  0.410E+08  0.560E-05  0.420E+08  0.840E-05  0.430E+08  0.128E-04
  0.440E+08  0.186E-04  0.450E+08  0.245E-04  0.460E+08  0.329E-04
  0.470E+08  0.437E-04  0.480E+08  0.556E-04  0.490E+08  0.781E-04
  0.500E+08  0.904E-04  0.520E+08  0.122E-03  0.540E+08  0.144E-03
  0.560E+08  0.167E-03  0.580E+08  0.181E-03  0.600E+08  0.188E-03
  0.620E+08  0.193E-03  0.640E+08  0.195E-03  0.660E+08  0.163E-03
  0.680E+08  0.153E-03  0.700E+08  0.158E-03  0.720E+08  0.142E-03
  0.740E+08  0.140E-03  0.760E+08  0.135E-03  0.780E+08  0.133E-03
  0.800E+08  0.138E-03  0.820E+08  0.137E-03  0.840E+08  0.138E-03
  0.860E+08  0.142E-03  0.880E+08  0.138E-03  0.900E+08  0.142E-03
  0.920E+08  0.147E-03  0.940E+08  0.149E-03  0.960E+08  0.153E-03
  0.980E+08  0.159E-03  0.100E+09  0.159E-03
HO164
         224
           0
          42
  0.181E+08  0.000E+00  0.350E+08  0.336E-17  0.360E+08  0.755E-13
  0.370E+08  0.235E-11  0.380E+08  0.283E-10  0.390E+08  0.279E-09
  0.400E+08  0.143E-08  0.410E+08  0.615E-08  0.420E+08  0.220E-07
  0.430E+08  0.544E-07  0.440E+08  0.153E-06  0.450E+08  0.362E-06
  0.460E+08  0.827E-06  0.470E+08  0.178E-05  0.480E+08  0.357E-05
  0.490E+08  0.812E-05  0.500E+08  0.140E-04  0.520E+08  0.324E-04
  0.540E+08  0.652E-04  0.560E+08  0.123E-03  0.580E+08  0.209E-03
  0.600E+08  0.279E-03  0.620E+08  0.353E-03  0.640E+08  0.411E-03
  0.660E+08  0.455E-03  0.680E+08  0.461E-03  0.700E+08  0.464E-03
  0.720E+08  0.441E-03  0.740E+08  0.438E-03  0.760E+08  0.432E-03
  0.780E+08  0.427E-03  0.800E+08  0.435E-03  0.820E+08  0.437E-03
  0.840E+08  0.435E-03  0.860E+08  0.420E-03  0.880E+08  0.400E-03
  0.900E+08  0.399E-03  0.920E+08  0.402E-03  0.940E+08  0.404E-03
  0.960E+08  0.414E-03  0.980E+08  0.425E-03  0.100E+09  0.438E-03
HO163
         225
           0
          35
  0.248E+08  0.000E+00  0.420E+08  0.110E-15  0.430E+08  0.590E-13
  0.440E+08  0.193E-11  0.450E+08  0.243E-10  0.460E+08  0.179E-09
  0.470E+08  0.104E-08  0.480E+08  0.467E-08  0.490E+08  0.120E-07
  0.500E+08  0.423E-07  0.520E+08  0.295E-06  0.540E+08  0.159E-05
  0.560E+08  0.660E-05  0.580E+08  0.242E-04  0.600E+08  0.848E-04
  0.620E+08  0.174E-03  0.640E+08  0.317E-03  0.660E+08  0.528E-03
  0.680E+08  0.770E-03  0.700E+08  0.109E-02  0.720E+08  0.143E-02
  0.740E+08  0.179E-02  0.760E+08  0.209E-02  0.780E+08  0.239E-02
  0.800E+08  0.269E-02  0.820E+08  0.318E-02  0.840E+08  0.338E-02
  0.860E+08  0.344E-02  0.880E+08  0.343E-02  0.900E+08  0.344E-02
  0.920E+08  0.343E-02  0.940E+08  0.339E-02  0.960E+08  0.338E-02
  0.980E+08  0.347E-02  0.100E+09  0.341E-02
HO162
         226
           0
          27
  0.332E+08  0.000E+00  0.500E+08  0.207E-16  0.520E+08  0.882E-13
  0.540E+08  0.138E-10  0.560E+08  0.324E-09  0.580E+08  0.712E-08
  0.600E+08  0.126E-06  0.620E+08  0.716E-06  0.640E+08  0.257E-05
  0.660E+08  0.122E-04  0.680E+08  0.379E-04  0.700E+08  0.102E-03
  0.720E+08  0.245E-03  0.740E+08  0.493E-03  0.760E+08  0.838E-03
  0.780E+08  0.136E-02  0.800E+08  0.206E-02  0.820E+08  0.266E-02
  0.840E+08  0.353E-02  0.860E+08  0.431E-02  0.880E+08  0.505E-02
  0.900E+08  0.566E-02  0.920E+08  0.613E-02  0.940E+08  0.642E-02
  0.960E+08  0.674E-02  0.980E+08  0.728E-02  0.100E+09  0.721E-02
HO161
         227
           0
          23
  0.402E+08  0.000E+00  0.580E+08  0.140E-15  0.600E+08  0.539E-12
  0.620E+08  0.298E-10  0.640E+08  0.102E-08  0.660E+08  0.226E-07
  0.680E+08  0.201E-06  0.700E+08  0.137E-05  0.720E+08  0.707E-05
  0.740E+08  0.275E-04  0.760E+08  0.816E-04  0.780E+08  0.169E-03
  0.800E+08  0.397E-03  0.820E+08  0.705E-03  0.840E+08  0.131E-02
  0.860E+08  0.222E-02  0.880E+08  0.354E-02  0.900E+08  0.506E-02
  0.920E+08  0.684E-02  0.940E+08  0.876E-02  0.960E+08  0.106E-01
  0.980E+08  0.123E-01  0.100E+09  0.140E-01
HO160
         228
           0
          18
  0.491E+08  0.000E+00  0.680E+08  0.245E-16  0.700E+08  0.135E-12
  0.720E+08  0.114E-10  0.740E+08  0.380E-09  0.760E+08  0.661E-08
  0.780E+08  0.717E-07  0.800E+08  0.534E-06  0.820E+08  0.181E-05
  0.840E+08  0.765E-05  0.860E+08  0.273E-04  0.880E+08  0.870E-04
  0.900E+08  0.205E-03  0.920E+08  0.421E-03  0.940E+08  0.802E-03
  0.960E+08  0.136E-02  0.980E+08  0.176E-02  0.100E+09  0.263E-02
HO159
         229
           0
          15
  0.563E+08  0.000E+00  0.740E+08  0.654E-19  0.760E+08  0.288E-15
  0.780E+08  0.225E-13  0.800E+08  0.217E-11  0.820E+08  0.432E-10
  0.840E+08  0.813E-09  0.860E+08  0.121E-07  0.880E+08  0.148E-06
  0.900E+08  0.165E-05  0.920E+08  0.667E-05  0.940E+08  0.220E-04
  0.960E+08  0.592E-04  0.980E+08  0.126E-03  0.100E+09  0.271E-03
HO158
         230
           0
          10
  0.656E+08  0.000E+00  0.840E+08  0.151E-21  0.860E+08  0.567E-17
  0.880E+08  0.652E-14  0.900E+08  0.894E-12  0.920E+08  0.204E-10
  0.940E+08  0.324E-09  0.960E+08  0.321E-08  0.980E+08  0.204E-07
  0.100E+09  0.116E-06
HO157
         231
           0
           6
  0.730E+08  0.000E+00  0.920E+08  0.111E-19  0.940E+08  0.137E-16
  0.960E+08  0.278E-14  0.980E+08  0.141E-12  0.100E+09  0.355E-11
DY168
         254
           0
          34
  0.219E+08  0.000E+00  0.430E+08  0.272E-26  0.440E+08  0.142E-24
  0.450E+08  0.263E-23  0.460E+08  0.211E-22  0.470E+08  0.199E-21
  0.480E+08  0.127E-20  0.490E+08  0.209E-19  0.500E+08  0.850E-19
  0.520E+08  0.202E-17  0.540E+08  0.166E-16  0.560E+08  0.912E-16
  0.580E+08  0.412E-15  0.600E+08  0.142E-14  0.620E+08  0.358E-14
  0.640E+08  0.864E-14  0.660E+08  0.170E-13  0.680E+08  0.322E-13
  0.700E+08  0.526E-13  0.720E+08  0.675E-13  0.740E+08  0.108E-12
  0.760E+08  0.138E-12  0.780E+08  0.176E-12  0.800E+08  0.289E-12
  0.820E+08  0.396E-12  0.840E+08  0.548E-12  0.860E+08  0.812E-12
  0.880E+08  0.136E-11  0.900E+08  0.183E-11  0.920E+08  0.255E-11
  0.940E+08  0.331E-11  0.960E+08  0.422E-11  0.980E+08  0.653E-11
  0.100E+09  0.852E-11
DY167
         255
           0
          30
  0.266E+08  0.000E+00  0.470E+08  0.701E-26  0.480E+08  0.450E-24
  0.490E+08  0.893E-22  0.500E+08  0.737E-21  0.520E+08  0.104E-18
  0.540E+08  0.278E-17  0.560E+08  0.388E-16  0.580E+08  0.367E-15
  0.600E+08  0.233E-14  0.620E+08  0.109E-13  0.640E+08  0.440E-13
  0.660E+08  0.145E-12  0.680E+08  0.419E-12  0.700E+08  0.103E-11
  0.720E+08  0.197E-11  0.740E+08  0.404E-11  0.760E+08  0.599E-11
  0.780E+08  0.839E-11  0.800E+08  0.128E-10  0.820E+08  0.173E-10
  0.840E+08  0.219E-10  0.860E+08  0.268E-10  0.880E+08  0.256E-10
  0.900E+08  0.271E-10  0.920E+08  0.296E-10  0.940E+08  0.326E-10
  0.960E+08  0.329E-10  0.980E+08  0.371E-10  0.100E+09  0.436E-10
DY166
         256
           0
          49
  0.569E+07  0.000E+00  0.280E+08  0.403E-20  0.290E+08  0.134E-18
  0.300E+08  0.155E-17  0.310E+08  0.113E-16  0.320E+08  0.618E-16
  0.330E+08  0.214E-15  0.340E+08  0.765E-15  0.350E+08  0.264E-14
  0.360E+08  0.957E-14  0.370E+08  0.291E-13  0.380E+08  0.813E-13
  0.390E+08  0.212E-12  0.400E+08  0.469E-12  0.410E+08  0.100E-11
  0.420E+08  0.213E-11  0.430E+08  0.434E-11  0.440E+08  0.753E-11
  0.450E+08  0.134E-10  0.460E+08  0.226E-10  0.470E+08  0.366E-10
  0.480E+08  0.552E-10  0.490E+08  0.782E-10  0.500E+08  0.109E-09
  0.520E+08  0.194E-09  0.540E+08  0.274E-09  0.560E+08  0.419E-09
  0.580E+08  0.674E-09  0.600E+08  0.113E-08  0.620E+08  0.190E-08
  0.640E+08  0.307E-08  0.660E+08  0.462E-08  0.680E+08  0.767E-08
  0.700E+08  0.855E-08  0.720E+08  0.106E-07  0.740E+08  0.123E-07
  0.760E+08  0.139E-07  0.780E+08  0.153E-07  0.800E+08  0.168E-07
  0.820E+08  0.183E-07  0.840E+08  0.200E-07  0.860E+08  0.277E-07
  0.880E+08  0.268E-07  0.900E+08  0.290E-07  0.920E+08  0.308E-07
  0.940E+08  0.322E-07  0.960E+08  0.333E-07  0.980E+08  0.342E-07
  0.100E+09  0.205E-07
DY165
         257
           0
          44
  0.105E+08  0.000E+00  0.330E+08  0.157E-20  0.340E+08  0.987E-19
  0.350E+08  0.254E-17  0.360E+08  0.269E-16  0.370E+08  0.301E-15
  0.380E+08  0.222E-14  0.390E+08  0.114E-13  0.400E+08  0.476E-13
  0.410E+08  0.172E-12  0.420E+08  0.533E-12  0.430E+08  0.151E-11
  0.440E+08  0.389E-11  0.450E+08  0.961E-11  0.460E+08  0.221E-10
  0.470E+08  0.479E-10  0.480E+08  0.963E-10  0.490E+08  0.231E-09
  0.500E+08  0.387E-09  0.520E+08  0.112E-08  0.540E+08  0.232E-08
  0.560E+08  0.436E-08  0.580E+08  0.702E-08  0.600E+08  0.970E-08
  0.620E+08  0.124E-07  0.640E+08  0.150E-07  0.660E+08  0.187E-07
  0.680E+08  0.246E-07  0.700E+08  0.323E-07  0.720E+08  0.473E-07
  0.740E+08  0.702E-07  0.760E+08  0.898E-07  0.780E+08  0.121E-06
  0.800E+08  0.150E-06  0.820E+08  0.180E-06  0.840E+08  0.202E-06
  0.860E+08  0.233E-06  0.880E+08  0.218E-06  0.900E+08  0.225E-06
  0.920E+08  0.228E-06  0.940E+08  0.231E-06  0.960E+08  0.238E-06
  0.980E+08  0.237E-06  0.100E+09  0.215E-06
DY164
         258
           0
          64
  0.100E-04  0.000E+00  0.140E+08  0.762E-16  0.145E+08  0.265E-14
  0.150E+08  0.118E-13  0.160E+08  0.103E-12  0.170E+08  0.464E-12
  0.180E+08  0.167E-11  0.190E+08  0.569E-11  0.200E+08  0.164E-10
  0.210E+08  0.441E-10  0.220E+08  0.111E-09  0.230E+08  0.262E-09
  0.240E+08  0.639E-09  0.250E+08  0.134E-08  0.260E+08  0.266E-08
  0.270E+08  0.502E-08  0.280E+08  0.898E-08  0.290E+08  0.175E-07
  0.300E+08  0.282E-07  0.310E+08  0.430E-07  0.320E+08  0.621E-07
  0.330E+08  0.899E-07  0.340E+08  0.101E-06  0.350E+08  0.127E-06
  0.360E+08  0.155E-06  0.370E+08  0.179E-06  0.380E+08  0.164E-06
  0.390E+08  0.175E-06  0.400E+08  0.183E-06  0.410E+08  0.187E-06
  0.420E+08  0.190E-06  0.430E+08  0.190E-06  0.440E+08  0.189E-06
  0.450E+08  0.186E-06  0.460E+08  0.208E-06  0.470E+08  0.223E-06
  0.480E+08  0.216E-06  0.490E+08  0.170E-06  0.500E+08  0.164E-06
  0.520E+08  0.154E-06  0.540E+08  0.146E-06  0.560E+08  0.174E-06
  0.580E+08  0.174E-06  0.600E+08  0.173E-06  0.620E+08  0.205E-06
  0.640E+08  0.259E-06  0.660E+08  0.332E-06  0.680E+08  0.432E-06
  0.700E+08  0.560E-06  0.720E+08  0.777E-06  0.740E+08  0.947E-06
  0.760E+08  0.989E-06  0.780E+08  0.111E-05  0.800E+08  0.129E-05
  0.820E+08  0.166E-05  0.840E+08  0.189E-05  0.860E+08  0.220E-05
  0.880E+08  0.243E-05  0.900E+08  0.224E-05  0.920E+08  0.261E-05
  0.940E+08  0.311E-05  0.960E+08  0.364E-05  0.980E+08  0.400E-05
  0.100E+09  0.422E-05
DY163
         259
           0
          55
  0.100E-04  0.000E+00  0.220E+08  0.166E-13  0.230E+08  0.879E-12
  0.240E+08  0.925E-11  0.250E+08  0.435E-10  0.260E+08  0.160E-09
  0.270E+08  0.502E-09  0.280E+08  0.141E-08  0.290E+08  0.369E-08
  0.300E+08  0.872E-08  0.310E+08  0.190E-07  0.320E+08  0.387E-07
  0.330E+08  0.693E-07  0.340E+08  0.112E-06  0.350E+08  0.191E-06
  0.360E+08  0.313E-06  0.370E+08  0.476E-06  0.380E+08  0.713E-06
  0.390E+08  0.965E-06  0.400E+08  0.119E-05  0.410E+08  0.146E-05
  0.420E+08  0.175E-05  0.430E+08  0.201E-05  0.440E+08  0.223E-05
  0.450E+08  0.252E-05  0.460E+08  0.262E-05  0.470E+08  0.290E-05
  0.480E+08  0.292E-05  0.490E+08  0.306E-05  0.500E+08  0.301E-05
  0.520E+08  0.282E-05  0.540E+08  0.256E-05  0.560E+08  0.242E-05
  0.580E+08  0.204E-05  0.600E+08  0.173E-05  0.620E+08  0.972E-06
  0.640E+08  0.851E-06  0.660E+08  0.781E-06  0.680E+08  0.766E-06
  0.700E+08  0.891E-06  0.720E+08  0.120E-05  0.740E+08  0.172E-05
  0.760E+08  0.232E-05  0.780E+08  0.320E-05  0.800E+08  0.429E-05
  0.820E+08  0.573E-05  0.840E+08  0.699E-05  0.860E+08  0.814E-05
  0.880E+08  0.889E-05  0.900E+08  0.862E-05  0.920E+08  0.878E-05
  0.940E+08  0.957E-05  0.960E+08  0.998E-05  0.980E+08  0.101E-04
  0.100E+09  0.101E-04
DY162
         260
           0
          49
  0.407E+07  0.000E+00  0.280E+08  0.105E-13  0.290E+08  0.141E-11
  0.300E+08  0.160E-10  0.310E+08  0.952E-10  0.320E+08  0.409E-09
  0.330E+08  0.127E-08  0.340E+08  0.302E-08  0.350E+08  0.885E-08
  0.360E+08  0.234E-07  0.370E+08  0.548E-07  0.380E+08  0.129E-06
  0.390E+08  0.257E-06  0.400E+08  0.429E-06  0.410E+08  0.738E-06
  0.420E+08  0.124E-05  0.430E+08  0.197E-05  0.440E+08  0.299E-05
  0.450E+08  0.420E-05  0.460E+08  0.577E-05  0.470E+08  0.830E-05
  0.480E+08  0.109E-04  0.490E+08  0.127E-04  0.500E+08  0.158E-04
  0.520E+08  0.229E-04  0.540E+08  0.295E-04  0.560E+08  0.372E-04
  0.580E+08  0.417E-04  0.600E+08  0.463E-04  0.620E+08  0.421E-04
  0.640E+08  0.395E-04  0.660E+08  0.369E-04  0.680E+08  0.323E-04
  0.700E+08  0.291E-04  0.720E+08  0.270E-04  0.740E+08  0.244E-04
  0.760E+08  0.225E-04  0.780E+08  0.226E-04  0.800E+08  0.236E-04
  0.820E+08  0.267E-04  0.840E+08  0.337E-04  0.860E+08  0.436E-04
  0.880E+08  0.564E-04  0.900E+08  0.703E-04  0.920E+08  0.850E-04
  0.940E+08  0.100E-03  0.960E+08  0.119E-03  0.980E+08  0.131E-03
  0.100E+09  0.139E-03
DY161
         261
           0
          40
  0.123E+08  0.000E+00  0.370E+08  0.415E-14  0.380E+08  0.262E-12
  0.390E+08  0.353E-11  0.400E+08  0.201E-10  0.410E+08  0.107E-09
  0.420E+08  0.460E-09  0.430E+08  0.167E-08  0.440E+08  0.536E-08
  0.450E+08  0.134E-07  0.460E+08  0.320E-07  0.470E+08  0.818E-07
  0.480E+08  0.189E-06  0.490E+08  0.568E-06  0.500E+08  0.109E-05
  0.520E+08  0.349E-05  0.540E+08  0.805E-05  0.560E+08  0.181E-04
  0.580E+08  0.373E-04  0.600E+08  0.507E-04  0.620E+08  0.720E-04
  0.640E+08  0.869E-04  0.660E+08  0.984E-04  0.680E+08  0.838E-04
  0.700E+08  0.848E-04  0.720E+08  0.840E-04  0.740E+08  0.794E-04
  0.760E+08  0.737E-04  0.780E+08  0.632E-04  0.800E+08  0.570E-04
  0.820E+08  0.512E-04  0.840E+08  0.483E-04  0.860E+08  0.518E-04
  0.880E+08  0.511E-04  0.900E+08  0.527E-04  0.920E+08  0.602E-04
  0.940E+08  0.736E-04  0.960E+08  0.880E-04  0.980E+08  0.109E-03
  0.100E+09  0.132E-03
DY160
         262
           0
          34
  0.188E+08  0.000E+00  0.430E+08  0.204E-17  0.440E+08  0.668E-14
  0.450E+08  0.147E-12  0.460E+08  0.196E-11  0.470E+08  0.167E-10
  0.480E+08  0.970E-10  0.490E+08  0.693E-09  0.500E+08  0.249E-08
  0.520E+08  0.214E-07  0.540E+08  0.105E-06  0.560E+08  0.559E-06
  0.580E+08  0.299E-05  0.600E+08  0.753E-05  0.620E+08  0.225E-04
  0.640E+08  0.462E-04  0.660E+08  0.811E-04  0.680E+08  0.147E-03
  0.700E+08  0.223E-03  0.720E+08  0.323E-03  0.740E+08  0.440E-03
  0.760E+08  0.533E-03  0.780E+08  0.625E-03  0.800E+08  0.718E-03
  0.820E+08  0.790E-03  0.840E+08  0.845E-03  0.860E+08  0.860E-03
  0.880E+08  0.873E-03  0.900E+08  0.849E-03  0.920E+08  0.813E-03
  0.940E+08  0.759E-03  0.960E+08  0.719E-03  0.980E+08  0.679E-03
  0.100E+09  0.664E-03
DY159
         263
           0
          25
  0.274E+08  0.000E+00  0.540E+08  0.163E-14  0.560E+08  0.320E-12
  0.580E+08  0.191E-10  0.600E+08  0.293E-09  0.620E+08  0.407E-08
  0.640E+08  0.321E-07  0.660E+08  0.158E-06  0.680E+08  0.115E-05
  0.700E+08  0.428E-05  0.720E+08  0.117E-04  0.740E+08  0.323E-04
  0.760E+08  0.113E-03  0.780E+08  0.210E-03  0.800E+08  0.351E-03
  0.820E+08  0.531E-03  0.840E+08  0.732E-03  0.860E+08  0.946E-03
  0.880E+08  0.117E-02  0.900E+08  0.128E-02  0.920E+08  0.138E-02
  0.940E+08  0.142E-02  0.960E+08  0.144E-02  0.980E+08  0.142E-02
  0.100E+09  0.137E-02
DY158
         264
           0
          22
  0.343E+08  0.000E+00  0.600E+08  0.310E-17  0.620E+08  0.559E-14
  0.640E+08  0.282E-11  0.660E+08  0.432E-10  0.680E+08  0.122E-08
  0.700E+08  0.107E-07  0.720E+08  0.899E-07  0.740E+08  0.549E-06
  0.760E+08  0.384E-05  0.780E+08  0.134E-04  0.800E+08  0.387E-04
  0.820E+08  0.940E-04  0.840E+08  0.177E-03  0.860E+08  0.333E-03
  0.880E+08  0.597E-03  0.900E+08  0.942E-03  0.920E+08  0.133E-02
  0.940E+08  0.176E-02  0.960E+08  0.223E-02  0.980E+08  0.276E-02
  0.100E+09  0.310E-02
DY157
         265
           0
          17
  0.434E+08  0.000E+00  0.700E+08  0.121E-18  0.720E+08  0.196E-15
  0.740E+08  0.171E-13  0.760E+08  0.137E-11  0.780E+08  0.275E-10
  0.800E+08  0.379E-09  0.820E+08  0.383E-08  0.840E+08  0.248E-07
  0.860E+08  0.150E-06  0.880E+08  0.912E-06  0.900E+08  0.355E-05
  0.920E+08  0.177E-04  0.940E+08  0.438E-04  0.960E+08  0.951E-04
  0.980E+08  0.196E-03  0.100E+09  0.316E-03
DY156
         266
           0
          14
  0.504E+08  0.000E+00  0.760E+08  0.948E-22  0.780E+08  0.156E-17
  0.800E+08  0.388E-15  0.820E+08  0.161E-12  0.840E+08  0.386E-11
  0.860E+08  0.736E-10  0.880E+08  0.151E-08  0.900E+08  0.132E-07
  0.920E+08  0.142E-06  0.940E+08  0.677E-06  0.960E+08  0.267E-05
  0.980E+08  0.715E-05  0.100E+09  0.183E-04
DY155
         267
           0
           9
  0.599E+08  0.000E+00  0.860E+08  0.352E-22  0.880E+08  0.112E-17
  0.900E+08  0.971E-16  0.920E+08  0.102E-13  0.940E+08  0.303E-12
  0.960E+08  0.661E-11  0.980E+08  0.733E-10  0.100E+09  0.602E-09
DY154
         268
           0
           6
  0.668E+08  0.000E+00  0.920E+08  0.159E-23  0.940E+08  0.139E-19
  0.960E+08  0.107E-16  0.980E+08  0.286E-14  0.100E+09  0.610E-13
TB167
         275
           0
          24
  0.316E+08  0.000E+00  0.560E+08  0.169E-31  0.580E+08  0.991E-29
  0.600E+08  0.107E-26  0.620E+08  0.464E-25  0.640E+08  0.144E-23
  0.660E+08  0.263E-22  0.680E+08  0.381E-21  0.700E+08  0.404E-20
  0.720E+08  0.248E-19  0.740E+08  0.174E-18  0.760E+08  0.595E-18
  0.780E+08  0.175E-17  0.800E+08  0.745E-17  0.820E+08  0.229E-16
  0.840E+08  0.597E-16  0.860E+08  0.141E-15  0.880E+08  0.221E-15
  0.900E+08  0.394E-15  0.920E+08  0.675E-15  0.940E+08  0.892E-15
  0.960E+08  0.672E-15  0.980E+08  0.965E-15  0.100E+09  0.121E-14
TB166
         276
           0
          22
  0.361E+08  0.000E+00  0.600E+08  0.182E-33  0.620E+08  0.127E-29
  0.640E+08  0.993E-27  0.660E+08  0.162E-24  0.680E+08  0.103E-22
  0.700E+08  0.329E-21  0.720E+08  0.524E-20  0.740E+08  0.698E-19
  0.760E+08  0.383E-18  0.780E+08  0.188E-17  0.800E+08  0.129E-16
  0.820E+08  0.626E-16  0.840E+08  0.247E-15  0.860E+08  0.837E-15
  0.880E+08  0.193E-14  0.900E+08  0.460E-14  0.920E+08  0.969E-14
  0.940E+08  0.159E-13  0.960E+08  0.242E-13  0.980E+08  0.411E-13
  0.100E+09  0.448E-13
TB165
         277
           0
          35
  0.147E+08  0.000E+00  0.420E+08  0.417E-27  0.430E+08  0.772E-25
  0.440E+08  0.216E-23  0.450E+08  0.287E-22  0.460E+08  0.250E-21
  0.470E+08  0.182E-20  0.480E+08  0.979E-20  0.490E+08  0.768E-19
  0.500E+08  0.304E-18  0.520E+08  0.558E-17  0.540E+08  0.435E-16
  0.560E+08  0.293E-15  0.580E+08  0.152E-14  0.600E+08  0.613E-14
  0.620E+08  0.200E-13  0.640E+08  0.468E-13  0.660E+08  0.110E-12
  0.680E+08  0.252E-12  0.700E+08  0.489E-12  0.720E+08  0.516E-12
  0.740E+08  0.784E-12  0.760E+08  0.101E-11  0.780E+08  0.131E-11
  0.800E+08  0.176E-11  0.820E+08  0.195E-11  0.840E+08  0.250E-11
  0.860E+08  0.353E-11  0.880E+08  0.509E-11  0.900E+08  0.705E-11
  0.920E+08  0.959E-11  0.940E+08  0.127E-10  0.960E+08  0.170E-10
  0.980E+08  0.208E-10  0.100E+09  0.276E-10
TB164
         278
           0
          31
  0.197E+08  0.000E+00  0.460E+08  0.358E-28  0.470E+08  0.862E-25
  0.480E+08  0.372E-23  0.490E+08  0.214E-21  0.500E+08  0.136E-20
  0.520E+08  0.915E-19  0.540E+08  0.244E-17  0.560E+08  0.406E-16
  0.580E+08  0.443E-15  0.600E+08  0.317E-14  0.620E+08  0.182E-13
  0.640E+08  0.793E-13  0.660E+08  0.313E-12  0.680E+08  0.115E-11
  0.700E+08  0.328E-11  0.720E+08  0.882E-11  0.740E+08  0.196E-10
  0.760E+08  0.326E-10  0.780E+08  0.542E-10  0.800E+08  0.883E-10
  0.820E+08  0.119E-09  0.840E+08  0.158E-09  0.860E+08  0.205E-09
  0.880E+08  0.236E-09  0.900E+08  0.272E-09  0.920E+08  0.294E-09
  0.940E+08  0.311E-09  0.960E+08  0.221E-09  0.980E+08  0.213E-09
  0.100E+09  0.216E-09
TB163
         279
           0
          49
  0.100E-04  0.000E+00  0.280E+08  0.153E-19  0.290E+08  0.340E-18
  0.300E+08  0.305E-17  0.310E+08  0.185E-16  0.320E+08  0.880E-16
  0.330E+08  0.232E-15  0.340E+08  0.837E-15  0.350E+08  0.281E-14
  0.360E+08  0.929E-14  0.370E+08  0.266E-13  0.380E+08  0.750E-13
  0.390E+08  0.187E-12  0.400E+08  0.435E-12  0.410E+08  0.900E-12
  0.420E+08  0.175E-11  0.430E+08  0.331E-11  0.440E+08  0.635E-11
  0.450E+08  0.115E-10  0.460E+08  0.207E-10  0.470E+08  0.356E-10
  0.480E+08  0.554E-10  0.490E+08  0.830E-10  0.500E+08  0.113E-09
  0.520E+08  0.183E-09  0.540E+08  0.275E-09  0.560E+08  0.393E-09
  0.580E+08  0.434E-09  0.600E+08  0.463E-09  0.620E+08  0.503E-09
  0.640E+08  0.573E-09  0.660E+08  0.626E-09  0.680E+08  0.625E-09
  0.700E+08  0.662E-09  0.720E+08  0.802E-09  0.740E+08  0.100E-08
  0.760E+08  0.121E-08  0.780E+08  0.171E-08  0.800E+08  0.265E-08
  0.820E+08  0.447E-08  0.840E+08  0.699E-08  0.860E+08  0.993E-08
  0.880E+08  0.139E-07  0.900E+08  0.142E-07  0.920E+08  0.177E-07
  0.940E+08  0.201E-07  0.960E+08  0.212E-07  0.980E+08  0.233E-07
  0.100E+09  0.243E-07
TB162
         280
           0
          44
  0.359E+07  0.000E+00  0.330E+08  0.157E-20  0.340E+08  0.739E-19
  0.350E+08  0.170E-17  0.360E+08  0.222E-16  0.370E+08  0.210E-15
  0.380E+08  0.139E-14  0.390E+08  0.753E-14  0.400E+08  0.288E-13
  0.410E+08  0.943E-13  0.420E+08  0.283E-12  0.430E+08  0.810E-12
  0.440E+08  0.221E-11  0.450E+08  0.549E-11  0.460E+08  0.133E-10
  0.470E+08  0.307E-10  0.480E+08  0.644E-10  0.490E+08  0.138E-09
  0.500E+08  0.248E-09  0.520E+08  0.712E-09  0.540E+08  0.181E-08
  0.560E+08  0.422E-08  0.580E+08  0.814E-08  0.600E+08  0.129E-07
  0.620E+08  0.186E-07  0.640E+08  0.232E-07  0.660E+08  0.279E-07
  0.680E+08  0.289E-07  0.700E+08  0.301E-07  0.720E+08  0.224E-07
  0.740E+08  0.220E-07  0.760E+08  0.200E-07  0.780E+08  0.193E-07
  0.800E+08  0.195E-07  0.820E+08  0.195E-07  0.840E+08  0.213E-07
  0.860E+08  0.225E-07  0.880E+08  0.284E-07  0.900E+08  0.356E-07
  0.920E+08  0.487E-07  0.940E+08  0.633E-07  0.960E+08  0.818E-07
  0.980E+08  0.102E-06  0.100E+09  0.124E-06
TB161
         281
           0
          38
  0.989E+07  0.000E+00  0.390E+08  0.803E-19  0.400E+08  0.290E-17
  0.410E+08  0.422E-16  0.420E+08  0.376E-15  0.430E+08  0.248E-14
  0.440E+08  0.131E-13  0.450E+08  0.419E-13  0.460E+08  0.164E-12
  0.470E+08  0.583E-12  0.480E+08  0.186E-11  0.490E+08  0.532E-11
  0.500E+08  0.142E-10  0.520E+08  0.719E-10  0.540E+08  0.323E-09
  0.560E+08  0.137E-08  0.580E+08  0.515E-08  0.600E+08  0.144E-07
  0.620E+08  0.358E-07  0.640E+08  0.742E-07  0.660E+08  0.137E-06
  0.680E+08  0.219E-06  0.700E+08  0.369E-06  0.720E+08  0.552E-06
  0.740E+08  0.754E-06  0.760E+08  0.907E-06  0.780E+08  0.111E-05
  0.800E+08  0.131E-05  0.820E+08  0.147E-05  0.840E+08  0.163E-05
  0.860E+08  0.164E-05  0.880E+08  0.167E-05  0.900E+08  0.182E-05
  0.920E+08  0.193E-05  0.940E+08  0.185E-05  0.960E+08  0.186E-05
  0.980E+08  0.187E-05  0.100E+09  0.190E-05
TB160
         282
           0
          30
  0.176E+08  0.000E+00  0.470E+08  0.864E-20  0.480E+08  0.815E-18
  0.490E+08  0.559E-16  0.500E+08  0.564E-15  0.520E+08  0.133E-13
  0.540E+08  0.266E-12  0.560E+08  0.363E-11  0.580E+08  0.388E-10
  0.600E+08  0.263E-09  0.620E+08  0.142E-08  0.640E+08  0.604E-08
  0.660E+08  0.205E-07  0.680E+08  0.597E-07  0.700E+08  0.144E-06
  0.720E+08  0.413E-06  0.740E+08  0.879E-06  0.760E+08  0.154E-05
  0.780E+08  0.266E-05  0.800E+08  0.389E-05  0.820E+08  0.554E-05
  0.840E+08  0.739E-05  0.860E+08  0.885E-05  0.880E+08  0.103E-04
  0.900E+08  0.109E-04  0.920E+08  0.120E-04  0.940E+08  0.122E-04
  0.960E+08  0.125E-04  0.980E+08  0.123E-04  0.100E+09  0.119E-04
TB159
         283
           0
          25
  0.240E+08  0.000E+00  0.540E+08  0.885E-20  0.560E+08  0.101E-16
  0.580E+08  0.165E-14  0.600E+08  0.757E-13  0.620E+08  0.127E-11
  0.640E+08  0.152E-10  0.660E+08  0.141E-09  0.680E+08  0.896E-09
  0.700E+08  0.416E-08  0.720E+08  0.253E-07  0.740E+08  0.975E-07
  0.760E+08  0.283E-06  0.780E+08  0.788E-06  0.800E+08  0.235E-05
  0.820E+08  0.495E-05  0.840E+08  0.920E-05  0.860E+08  0.156E-04
  0.880E+08  0.251E-04  0.900E+08  0.381E-04  0.920E+08  0.516E-04
  0.940E+08  0.651E-04  0.960E+08  0.803E-04  0.980E+08  0.949E-04
  0.100E+09  0.105E-03
TB158
         284
           0
          21
  0.322E+08  0.000E+00  0.620E+08  0.354E-21  0.640E+08  0.548E-18
  0.660E+08  0.199E-15  0.680E+08  0.983E-14  0.700E+08  0.213E-12
  0.720E+08  0.408E-11  0.740E+08  0.490E-10  0.760E+08  0.422E-09
  0.780E+08  0.287E-08  0.800E+08  0.216E-07  0.820E+08  0.921E-07
  0.840E+08  0.310E-06  0.860E+08  0.933E-06  0.880E+08  0.210E-05
  0.900E+08  0.511E-05  0.920E+08  0.970E-05  0.940E+08  0.177E-04
  0.960E+08  0.297E-04  0.980E+08  0.471E-04  0.100E+09  0.640E-04
TB157
         285
           0
          18
  0.390E+08  0.000E+00  0.680E+08  0.475E-24  0.700E+08  0.117E-19
  0.720E+08  0.540E-17  0.740E+08  0.513E-15  0.760E+08  0.217E-13
  0.780E+08  0.133E-11  0.800E+08  0.259E-10  0.820E+08  0.231E-09
  0.840E+08  0.167E-08  0.860E+08  0.101E-07  0.880E+08  0.526E-07
  0.900E+08  0.205E-06  0.920E+08  0.587E-06  0.940E+08  0.168E-05
  0.960E+08  0.410E-05  0.980E+08  0.954E-05  0.100E+09  0.171E-04
TB156
         286
           0
          13
  0.478E+08  0.000E+00  0.780E+08  0.461E-22  0.800E+08  0.570E-19
  0.820E+08  0.547E-17  0.840E+08  0.144E-15  0.860E+08  0.644E-14
  0.880E+08  0.251E-12  0.900E+08  0.350E-11  0.920E+08  0.347E-10
  0.940E+08  0.296E-09  0.960E+08  0.177E-08  0.980E+08  0.103E-07
  0.100E+09  0.374E-07
TB155
         287
           0
          10
  0.548E+08  0.000E+00  0.840E+08  0.245E-26  0.860E+08  0.190E-21
  0.880E+08  0.430E-18  0.900E+08  0.538E-16  0.920E+08  0.226E-14
  0.940E+08  0.504E-13  0.960E+08  0.766E-12  0.980E+08  0.479E-11
  0.100E+09  0.388E-10
TB154
         288
           0
           5
  0.640E+08  0.000E+00  0.940E+08  0.707E-25  0.960E+08  0.197E-21
  0.980E+08  0.401E-19  0.100E+09  0.259E-17
TB153
         289
           0
           2
  0.710E+08  0.000E+00  0.100E+09  0.132E-27
GD166
         467
           0
          17
  0.403E+08  0.000E+00  0.700E+08  0.440E-38  0.720E+08  0.278E-35
  0.740E+08  0.435E-33  0.760E+08  0.119E-31  0.780E+08  0.220E-30
  0.800E+08  0.872E-29  0.820E+08  0.211E-27  0.840E+08  0.368E-26
  0.860E+08  0.497E-25  0.880E+08  0.270E-24  0.900E+08  0.222E-23
  0.920E+08  0.130E-22  0.940E+08  0.449E-22  0.960E+08  0.252E-21
  0.980E+08  0.983E-21  0.100E+09  0.305E-20
GD165
         468
           0
          15
  0.444E+08  0.000E+00  0.740E+08  0.686E-39  0.760E+08  0.374E-36
  0.780E+08  0.161E-33  0.800E+08  0.426E-31  0.820E+08  0.751E-29
  0.840E+08  0.365E-27  0.860E+08  0.108E-25  0.880E+08  0.161E-24
  0.900E+08  0.183E-23  0.920E+08  0.183E-22  0.940E+08  0.110E-21
  0.960E+08  0.867E-21  0.980E+08  0.502E-20  0.100E+09  0.226E-19
GD164
         469
           0
          25
  0.227E+08  0.000E+00  0.540E+08  0.220E-32  0.560E+08  0.138E-29
  0.580E+08  0.163E-27  0.600E+08  0.604E-26  0.620E+08  0.170E-24
  0.640E+08  0.367E-23  0.660E+08  0.555E-22  0.680E+08  0.681E-21
  0.700E+08  0.677E-20  0.720E+08  0.676E-19  0.740E+08  0.424E-18
  0.760E+08  0.144E-17  0.780E+08  0.413E-17  0.800E+08  0.159E-16
  0.820E+08  0.452E-16  0.840E+08  0.116E-15  0.860E+08  0.277E-15
  0.880E+08  0.582E-15  0.900E+08  0.105E-14  0.920E+08  0.170E-14
  0.940E+08  0.198E-14  0.960E+08  0.278E-14  0.980E+08  0.401E-14
  0.100E+09  0.527E-14
GD163
         470
           0
          23
  0.273E+08  0.000E+00  0.580E+08  0.892E-34  0.600E+08  0.358E-30
  0.620E+08  0.691E-28  0.640E+08  0.154E-25  0.660E+08  0.112E-23
  0.680E+08  0.716E-22  0.700E+08  0.152E-20  0.720E+08  0.296E-19
  0.740E+08  0.319E-18  0.760E+08  0.161E-17  0.780E+08  0.744E-17
  0.800E+08  0.410E-16  0.820E+08  0.178E-15  0.840E+08  0.665E-15
  0.860E+08  0.220E-14  0.880E+08  0.617E-14  0.900E+08  0.147E-13
  0.920E+08  0.305E-13  0.940E+08  0.454E-13  0.960E+08  0.958E-13
  0.980E+08  0.141E-12  0.100E+09  0.204E-12
GD162
         471
           0
          37
  0.620E+07  0.000E+00  0.400E+08  0.442E-29  0.410E+08  0.219E-26
  0.420E+08  0.850E-25  0.430E+08  0.101E-23  0.440E+08  0.952E-23
  0.450E+08  0.534E-22  0.460E+08  0.321E-21  0.470E+08  0.166E-20
  0.480E+08  0.749E-20  0.490E+08  0.469E-19  0.500E+08  0.182E-18
  0.520E+08  0.241E-17  0.540E+08  0.151E-16  0.560E+08  0.975E-16
  0.580E+08  0.551E-15  0.600E+08  0.235E-14  0.620E+08  0.802E-14
  0.640E+08  0.245E-13  0.660E+08  0.628E-13  0.680E+08  0.149E-12
  0.700E+08  0.297E-12  0.720E+08  0.534E-12  0.740E+08  0.890E-12
  0.760E+08  0.141E-11  0.780E+08  0.195E-11  0.800E+08  0.284E-11
  0.820E+08  0.401E-11  0.840E+08  0.539E-11  0.860E+08  0.730E-11
  0.880E+08  0.868E-11  0.900E+08  0.115E-10  0.920E+08  0.152E-10
  0.940E+08  0.231E-10  0.960E+08  0.167E-10  0.980E+08  0.235E-10
  0.100E+09  0.317E-10
GD161
         472
           0
          32
  0.111E+08  0.000E+00  0.450E+08  0.362E-27  0.460E+08  0.339E-25
  0.470E+08  0.830E-24  0.480E+08  0.114E-22  0.490E+08  0.220E-21
  0.500E+08  0.184E-20  0.520E+08  0.102E-18  0.540E+08  0.128E-17
  0.560E+08  0.181E-16  0.580E+08  0.196E-15  0.600E+08  0.141E-14
  0.620E+08  0.806E-14  0.640E+08  0.399E-13  0.660E+08  0.163E-12
  0.680E+08  0.601E-12  0.700E+08  0.187E-11  0.720E+08  0.558E-11
  0.740E+08  0.132E-10  0.760E+08  0.234E-10  0.780E+08  0.416E-10
  0.800E+08  0.709E-10  0.820E+08  0.112E-09  0.840E+08  0.158E-09
  0.860E+08  0.210E-09  0.880E+08  0.304E-09  0.900E+08  0.350E-09
  0.920E+08  0.388E-09  0.940E+08  0.432E-09  0.960E+08  0.362E-09
  0.980E+08  0.378E-09  0.100E+09  0.372E-09
GD160
         473
           0
          51
  0.100E-04  0.000E+00  0.260E+08  0.367E-23  0.270E+08  0.670E-21
  0.280E+08  0.101E-19  0.290E+08  0.105E-18  0.300E+08  0.592E-18
  0.310E+08  0.204E-17  0.320E+08  0.831E-17  0.330E+08  0.241E-16
  0.340E+08  0.740E-16  0.350E+08  0.234E-15  0.360E+08  0.724E-15
  0.370E+08  0.201E-14  0.380E+08  0.626E-14  0.390E+08  0.155E-13
  0.400E+08  0.307E-13  0.410E+08  0.673E-13  0.420E+08  0.146E-12
  0.430E+08  0.301E-12  0.440E+08  0.593E-12  0.450E+08  0.112E-11
  0.460E+08  0.226E-11  0.470E+08  0.436E-11  0.480E+08  0.607E-11
  0.490E+08  0.605E-11  0.500E+08  0.886E-11  0.520E+08  0.173E-10
  0.540E+08  0.291E-10  0.560E+08  0.566E-10  0.580E+08  0.794E-10
  0.600E+08  0.874E-10  0.620E+08  0.120E-09  0.640E+08  0.127E-09
  0.660E+08  0.131E-09  0.680E+08  0.135E-09  0.700E+08  0.147E-09
  0.720E+08  0.192E-09  0.740E+08  0.216E-09  0.760E+08  0.299E-09
  0.780E+08  0.489E-09  0.800E+08  0.832E-09  0.820E+08  0.150E-08
  0.840E+08  0.265E-08  0.860E+08  0.446E-08  0.880E+08  0.687E-08
  0.900E+08  0.106E-07  0.920E+08  0.142E-07  0.940E+08  0.176E-07
  0.960E+08  0.216E-07  0.980E+08  0.249E-07  0.100E+09  0.274E-07
GD159
         474
           0
          43
  0.100E-04  0.000E+00  0.340E+08  0.356E-20  0.350E+08  0.125E-18
  0.360E+08  0.200E-17  0.370E+08  0.162E-16  0.380E+08  0.126E-15
  0.390E+08  0.553E-15  0.400E+08  0.166E-14  0.410E+08  0.566E-14
  0.420E+08  0.183E-13  0.430E+08  0.545E-13  0.440E+08  0.150E-12
  0.450E+08  0.385E-12  0.460E+08  0.102E-11  0.470E+08  0.231E-11
  0.480E+08  0.445E-11  0.490E+08  0.946E-11  0.500E+08  0.178E-10
  0.520E+08  0.550E-10  0.540E+08  0.146E-09  0.560E+08  0.345E-09
  0.580E+08  0.780E-09  0.600E+08  0.118E-08  0.620E+08  0.162E-08
  0.640E+08  0.204E-08  0.660E+08  0.225E-08  0.680E+08  0.237E-08
  0.700E+08  0.247E-08  0.720E+08  0.356E-08  0.740E+08  0.316E-08
  0.760E+08  0.303E-08  0.780E+08  0.273E-08  0.800E+08  0.263E-08
  0.820E+08  0.260E-08  0.840E+08  0.294E-08  0.860E+08  0.395E-08
  0.880E+08  0.649E-08  0.900E+08  0.117E-07  0.920E+08  0.187E-07
  0.940E+08  0.291E-07  0.960E+08  0.467E-07  0.980E+08  0.664E-07
  0.100E+09  0.886E-07
GD158
         475
           0
          37
  0.398E+07  0.000E+00  0.400E+08  0.233E-20  0.410E+08  0.311E-18
  0.420E+08  0.584E-17  0.430E+08  0.541E-16  0.440E+08  0.346E-15
  0.450E+08  0.119E-14  0.460E+08  0.541E-14  0.470E+08  0.193E-13
  0.480E+08  0.651E-13  0.490E+08  0.243E-12  0.500E+08  0.694E-12
  0.520E+08  0.747E-11  0.540E+08  0.352E-10  0.560E+08  0.128E-09
  0.580E+08  0.600E-09  0.600E+08  0.164E-08  0.620E+08  0.416E-08
  0.640E+08  0.860E-08  0.660E+08  0.155E-07  0.680E+08  0.266E-07
  0.700E+08  0.451E-07  0.720E+08  0.756E-07  0.740E+08  0.105E-06
  0.760E+08  0.143E-06  0.780E+08  0.180E-06  0.800E+08  0.218E-06
  0.820E+08  0.270E-06  0.840E+08  0.302E-06  0.860E+08  0.324E-06
  0.880E+08  0.335E-06  0.900E+08  0.339E-06  0.920E+08  0.319E-06
  0.940E+08  0.314E-06  0.960E+08  0.343E-06  0.980E+08  0.355E-06
  0.100E+09  0.406E-06
GD157
         476
           0
          29
  0.120E+08  0.000E+00  0.480E+08  0.712E-24  0.490E+08  0.667E-20
  0.500E+08  0.262E-18  0.520E+08  0.668E-16  0.540E+08  0.146E-14
  0.560E+08  0.231E-13  0.580E+08  0.496E-12  0.600E+08  0.439E-11
  0.620E+08  0.841E-10  0.640E+08  0.309E-09  0.660E+08  0.120E-08
  0.680E+08  0.410E-08  0.700E+08  0.130E-07  0.720E+08  0.369E-07
  0.740E+08  0.825E-07  0.760E+08  0.172E-06  0.780E+08  0.317E-06
  0.800E+08  0.524E-06  0.820E+08  0.731E-06  0.840E+08  0.100E-05
  0.860E+08  0.129E-05  0.880E+08  0.155E-05  0.900E+08  0.188E-05
  0.920E+08  0.192E-05  0.940E+08  0.198E-05  0.960E+08  0.210E-05
  0.980E+08  0.204E-05  0.100E+09  0.187E-05
GD156
         477
           0
          24
  0.184E+08  0.000E+00  0.560E+08  0.182E-20  0.580E+08  0.517E-17
  0.600E+08  0.300E-15  0.620E+08  0.296E-13  0.640E+08  0.309E-12
  0.660E+08  0.309E-11  0.680E+08  0.267E-10  0.700E+08  0.189E-09
  0.720E+08  0.183E-08  0.740E+08  0.733E-08  0.760E+08  0.269E-07
  0.780E+08  0.838E-07  0.800E+08  0.221E-06  0.820E+08  0.492E-06
  0.840E+08  0.966E-06  0.860E+08  0.178E-05  0.880E+08  0.306E-05
  0.900E+08  0.521E-05  0.920E+08  0.720E-05  0.940E+08  0.982E-05
  0.960E+08  0.119E-04  0.980E+08  0.146E-04  0.100E+09  0.163E-04
GD155
         478
           0
          20
  0.270E+08  0.000E+00  0.640E+08  0.344E-23  0.660E+08  0.785E-20
  0.680E+08  0.235E-17  0.700E+08  0.112E-15  0.720E+08  0.761E-14
  0.740E+08  0.114E-12  0.760E+08  0.155E-11  0.780E+08  0.156E-10
  0.800E+08  0.121E-09  0.820E+08  0.634E-09  0.840E+08  0.277E-08
  0.860E+08  0.120E-07  0.880E+08  0.474E-07  0.900E+08  0.173E-06
  0.920E+08  0.425E-06  0.940E+08  0.955E-06  0.960E+08  0.256E-05
  0.980E+08  0.462E-05  0.100E+09  0.604E-05
GD154
         479
           0
          16
  0.334E+08  0.000E+00  0.720E+08  0.856E-21  0.740E+08  0.262E-18
  0.760E+08  0.237E-16  0.780E+08  0.909E-15  0.800E+08  0.214E-13
  0.820E+08  0.346E-12  0.840E+08  0.307E-11  0.860E+08  0.294E-10
  0.880E+08  0.270E-09  0.900E+08  0.398E-08  0.920E+08  0.169E-07
  0.940E+08  0.591E-07  0.960E+08  0.228E-06  0.980E+08  0.665E-06
  0.100E+09  0.130E-05
GD153
         480
           0
          12
  0.424E+08  0.000E+00  0.800E+08  0.420E-26  0.820E+08  0.321E-22
  0.840E+08  0.628E-20  0.860E+08  0.542E-18  0.880E+08  0.470E-16
  0.900E+08  0.241E-14  0.920E+08  0.430E-13  0.940E+08  0.427E-12
  0.960E+08  0.620E-11  0.980E+08  0.549E-10  0.100E+09  0.283E-09
GD152
         481
           0
           9
  0.487E+08  0.000E+00  0.860E+08  0.504E-28  0.880E+08  0.850E-23
  0.900E+08  0.577E-20  0.920E+08  0.825E-18  0.940E+08  0.340E-16
  0.960E+08  0.140E-14  0.980E+08  0.236E-13  0.100E+09  0.276E-12
GD151
         482
           0
           5
  0.573E+08  0.000E+00  0.940E+08  0.548E-28  0.960E+08  0.126E-23
  0.980E+08  0.249E-21  0.100E+09  0.190E-19
GD150
         483
           0
           2
  0.638E+08  0.000E+00  0.100E+09  0.260E-29
EU165
         573
           0
           8
  0.512E+08  0.000E+00  0.880E+08  0.233E-42  0.900E+08  0.125E-39
  0.920E+08  0.192E-37  0.940E+08  0.398E-36  0.960E+08  0.488E-34
  0.980E+08  0.164E-32  0.100E+09  0.375E-31
EU164
         574
           0
           7
  0.551E+08  0.000E+00  0.900E+08  0.280E-44  0.920E+08  0.103E-40
  0.940E+08  0.307E-38  0.960E+08  0.595E-36  0.980E+08  0.614E-34
  0.100E+09  0.528E-32
EU163
         575
           0
          18
  0.331E+08  0.000E+00  0.680E+08  0.109E-40  0.700E+08  0.139E-36
  0.720E+08  0.692E-34  0.740E+08  0.921E-32  0.760E+08  0.210E-30
  0.780E+08  0.404E-29  0.800E+08  0.136E-27  0.820E+08  0.269E-26
  0.840E+08  0.418E-25  0.860E+08  0.533E-24  0.880E+08  0.375E-23
  0.900E+08  0.307E-22  0.920E+08  0.205E-21  0.940E+08  0.796E-21
  0.960E+08  0.316E-20  0.980E+08  0.128E-19  0.100E+09  0.469E-19
EU162
         576
           0
          15
  0.374E+08  0.000E+00  0.740E+08  0.223E-37  0.760E+08  0.142E-34
  0.780E+08  0.460E-32  0.800E+08  0.649E-30  0.820E+08  0.486E-28
  0.840E+08  0.198E-26  0.860E+08  0.535E-25  0.880E+08  0.908E-24
  0.900E+08  0.113E-22  0.920E+08  0.119E-21  0.940E+08  0.856E-21
  0.960E+08  0.633E-20  0.980E+08  0.370E-19  0.100E+09  0.196E-18
EU161
         577
           0
          25
  0.158E+08  0.000E+00  0.540E+08  0.574E-33  0.560E+08  0.755E-30
  0.580E+08  0.107E-27  0.600E+08  0.349E-26  0.620E+08  0.112E-24
  0.640E+08  0.227E-23  0.660E+08  0.362E-22  0.680E+08  0.487E-21
  0.700E+08  0.529E-20  0.720E+08  0.659E-19  0.740E+08  0.439E-18
  0.760E+08  0.145E-17  0.780E+08  0.635E-17  0.800E+08  0.262E-16
  0.820E+08  0.875E-16  0.840E+08  0.257E-15  0.860E+08  0.678E-15
  0.880E+08  0.150E-14  0.900E+08  0.309E-14  0.920E+08  0.740E-14
  0.940E+08  0.101E-13  0.960E+08  0.154E-13  0.980E+08  0.211E-13
  0.100E+09  0.271E-13
EU160
         578
           0
          22
  0.207E+08  0.000E+00  0.600E+08  0.998E-31  0.620E+08  0.592E-28
  0.640E+08  0.105E-25  0.660E+08  0.673E-24  0.680E+08  0.237E-22
  0.700E+08  0.579E-21  0.720E+08  0.155E-19  0.740E+08  0.179E-18
  0.760E+08  0.999E-18  0.780E+08  0.652E-17  0.800E+08  0.404E-16
  0.820E+08  0.206E-15  0.840E+08  0.881E-15  0.860E+08  0.332E-14
  0.880E+08  0.117E-13  0.900E+08  0.349E-13  0.920E+08  0.863E-13
  0.940E+08  0.162E-12  0.960E+08  0.325E-12  0.980E+08  0.566E-12
  0.100E+09  0.907E-12
EU159
         579
           0
          36
  0.100E-04  0.000E+00  0.410E+08  0.295E-27  0.420E+08  0.125E-25
  0.430E+08  0.200E-24  0.440E+08  0.197E-23  0.450E+08  0.143E-22
  0.460E+08  0.754E-22  0.470E+08  0.324E-21  0.480E+08  0.144E-20
  0.490E+08  0.910E-20  0.500E+08  0.317E-19  0.520E+08  0.338E-18
  0.540E+08  0.253E-17  0.560E+08  0.154E-16  0.580E+08  0.115E-15
  0.600E+08  0.520E-15  0.620E+08  0.216E-14  0.640E+08  0.751E-14
  0.660E+08  0.214E-13  0.680E+08  0.511E-13  0.700E+08  0.114E-12
  0.720E+08  0.229E-12  0.740E+08  0.499E-12  0.760E+08  0.757E-12
  0.780E+08  0.115E-11  0.800E+08  0.163E-11  0.820E+08  0.230E-11
  0.840E+08  0.301E-11  0.860E+08  0.362E-11  0.880E+08  0.444E-11
  0.900E+08  0.550E-11  0.920E+08  0.685E-11  0.940E+08  0.853E-11
  0.960E+08  0.118E-10  0.980E+08  0.170E-10  0.100E+09  0.231E-10
EU158
         580
           0
          32
  0.443E+07  0.000E+00  0.450E+08  0.869E-28  0.460E+08  0.959E-26
  0.470E+08  0.237E-24  0.480E+08  0.312E-23  0.490E+08  0.330E-22
  0.500E+08  0.273E-21  0.520E+08  0.835E-20  0.540E+08  0.185E-18
  0.560E+08  0.216E-17  0.580E+08  0.295E-16  0.600E+08  0.237E-15
  0.620E+08  0.165E-14  0.640E+08  0.910E-14  0.660E+08  0.412E-13
  0.680E+08  0.157E-12  0.700E+08  0.562E-12  0.720E+08  0.201E-11
  0.740E+08  0.502E-11  0.760E+08  0.104E-10  0.780E+08  0.221E-10
  0.800E+08  0.416E-10  0.820E+08  0.729E-10  0.840E+08  0.113E-09
  0.860E+08  0.151E-09  0.880E+08  0.196E-09  0.900E+08  0.216E-09
  0.920E+08  0.233E-09  0.940E+08  0.238E-09  0.960E+08  0.255E-09
  0.980E+08  0.270E-09  0.100E+09  0.362E-09
EU157
         581
           0
          26
  0.103E+08  0.000E+00  0.520E+08  0.645E-25  0.540E+08  0.444E-22
  0.560E+08  0.381E-20  0.580E+08  0.844E-19  0.600E+08  0.186E-17
  0.620E+08  0.288E-16  0.640E+08  0.457E-15  0.660E+08  0.347E-14
  0.680E+08  0.227E-13  0.700E+08  0.138E-12  0.720E+08  0.101E-11
  0.740E+08  0.421E-11  0.760E+08  0.127E-10  0.780E+08  0.415E-10
  0.800E+08  0.120E-09  0.820E+08  0.310E-09  0.840E+08  0.705E-09
  0.860E+08  0.139E-08  0.880E+08  0.267E-08  0.900E+08  0.420E-08
  0.920E+08  0.589E-08  0.940E+08  0.778E-08  0.960E+08  0.101E-07
  0.980E+08  0.126E-07  0.100E+09  0.140E-07
EU156
         582
           0
          22
  0.178E+08  0.000E+00  0.600E+08  0.127E-24  0.620E+08  0.575E-22
  0.640E+08  0.902E-20  0.660E+08  0.352E-18  0.680E+08  0.804E-17
  0.700E+08  0.136E-15  0.720E+08  0.325E-14  0.740E+08  0.298E-13
  0.760E+08  0.198E-12  0.780E+08  0.125E-11  0.800E+08  0.668E-11
  0.820E+08  0.298E-10  0.840E+08  0.108E-09  0.860E+08  0.348E-09
  0.880E+08  0.104E-08  0.900E+08  0.353E-08  0.920E+08  0.657E-08
  0.940E+08  0.123E-07  0.960E+08  0.215E-07  0.980E+08  0.328E-07
  0.100E+09  0.451E-07
EU155
         583
           0
          19
  0.242E+08  0.000E+00  0.660E+08  0.619E-26  0.680E+08  0.942E-23
  0.700E+08  0.156E-20  0.720E+08  0.179E-18  0.740E+08  0.625E-17
  0.760E+08  0.127E-15  0.780E+08  0.195E-14  0.800E+08  0.249E-13
  0.820E+08  0.220E-12  0.840E+08  0.132E-11  0.860E+08  0.775E-11
  0.880E+08  0.402E-10  0.900E+08  0.248E-09  0.920E+08  0.677E-09
  0.940E+08  0.205E-08  0.960E+08  0.543E-08  0.980E+08  0.161E-07
  0.100E+09  0.300E-07
EU154
         584
           0
          15
  0.324E+08  0.000E+00  0.740E+08  0.139E-26  0.760E+08  0.239E-23
  0.780E+08  0.560E-21  0.800E+08  0.816E-19  0.820E+08  0.292E-17
  0.840E+08  0.284E-16  0.860E+08  0.489E-15  0.880E+08  0.768E-14
  0.900E+08  0.108E-12  0.920E+08  0.556E-12  0.940E+08  0.357E-11
  0.960E+08  0.197E-10  0.980E+08  0.144E-09  0.100E+09  0.454E-09
EU153
         585
           0
          12
  0.389E+08  0.000E+00  0.800E+08  0.300E-28  0.820E+08  0.103E-24
  0.840E+08  0.154E-22  0.860E+08  0.188E-20  0.880E+08  0.190E-18
  0.900E+08  0.614E-17  0.920E+08  0.839E-16  0.940E+08  0.126E-14
  0.960E+08  0.140E-13  0.980E+08  0.256E-12  0.100E+09  0.264E-11
EU152
         586
           0
           8
  0.475E+08  0.000E+00  0.880E+08  0.738E-33  0.900E+08  0.101E-27
  0.920E+08  0.977E-25  0.940E+08  0.104E-22  0.960E+08  0.834E-21
  0.980E+08  0.556E-19  0.100E+09  0.235E-17
EU151
         587
           0
           5
  0.538E+08  0.000E+00  0.940E+08  0.114E-34  0.960E+08  0.195E-29
  0.980E+08  0.289E-26  0.100E+09  0.844E-24
SM162
         873
           0
           9
  0.424E+08  0.000E+00  0.860E+08  0.139E-42  0.880E+08  0.310E-40
  0.900E+08  0.519E-38  0.920E+08  0.428E-36  0.940E+08  0.120E-34
  0.960E+08  0.913E-33  0.980E+08  0.227E-31  0.100E+09  0.574E-30
SM161
         874
           0
           8
  0.464E+08  0.000E+00  0.880E+08  0.140E-44  0.900E+08  0.233E-41
  0.920E+08  0.130E-38  0.940E+08  0.212E-36  0.960E+08  0.311E-34
  0.980E+08  0.188E-32  0.100E+09  0.104E-30
SM160
         875
           0
          18
  0.245E+08  0.000E+00  0.680E+08  0.180E-38  0.700E+08  0.933E-36
  0.720E+08  0.302E-33  0.740E+08  0.225E-31  0.760E+08  0.388E-30
  0.780E+08  0.770E-29  0.800E+08  0.202E-27  0.820E+08  0.347E-26
  0.840E+08  0.487E-25  0.860E+08  0.575E-24  0.880E+08  0.424E-23
  0.900E+08  0.357E-22  0.920E+08  0.186E-21  0.940E+08  0.746E-21
  0.960E+08  0.426E-20  0.980E+08  0.175E-19  0.100E+09  0.681E-19
SM159
         876
           0
          16
  0.289E+08  0.000E+00  0.720E+08  0.202E-39  0.740E+08  0.902E-36
  0.760E+08  0.248E-33  0.780E+08  0.351E-31  0.800E+08  0.305E-29
  0.820E+08  0.150E-27  0.840E+08  0.433E-26  0.860E+08  0.964E-25
  0.880E+08  0.133E-23  0.900E+08  0.170E-22  0.920E+08  0.135E-21
  0.940E+08  0.864E-21  0.960E+08  0.670E-20  0.980E+08  0.389E-19
  0.100E+09  0.214E-18
SM158
         877
           0
          25
  0.757E+07  0.000E+00  0.540E+08  0.397E-33  0.560E+08  0.196E-30
  0.580E+08  0.227E-28  0.600E+08  0.116E-26  0.620E+08  0.241E-25
  0.640E+08  0.479E-24  0.660E+08  0.719E-23  0.680E+08  0.913E-22
  0.700E+08  0.908E-21  0.720E+08  0.987E-20  0.740E+08  0.697E-19
  0.760E+08  0.327E-18  0.780E+08  0.156E-17  0.800E+08  0.764E-17
  0.820E+08  0.303E-16  0.840E+08  0.101E-15  0.860E+08  0.290E-15
  0.880E+08  0.692E-15  0.900E+08  0.177E-14  0.920E+08  0.335E-14
  0.940E+08  0.582E-14  0.960E+08  0.789E-14  0.980E+08  0.132E-13
  0.100E+09  0.178E-13
SM157
         878
           0
          23
  0.121E+08  0.000E+00  0.580E+08  0.162E-33  0.600E+08  0.298E-30
  0.620E+08  0.693E-28  0.640E+08  0.650E-26  0.660E+08  0.301E-24
  0.680E+08  0.877E-23  0.700E+08  0.174E-21  0.720E+08  0.362E-20
  0.740E+08  0.406E-19  0.760E+08  0.283E-18  0.780E+08  0.176E-17
  0.800E+08  0.968E-17  0.820E+08  0.535E-16  0.840E+08  0.252E-15
  0.860E+08  0.102E-14  0.880E+08  0.348E-14  0.900E+08  0.127E-13
  0.920E+08  0.317E-13  0.940E+08  0.696E-13  0.960E+08  0.132E-12
  0.980E+08  0.238E-12  0.100E+09  0.379E-12
SM156
         879
           0
          38
  0.100E-04  0.000E+00  0.390E+08  0.108E-29  0.400E+08  0.433E-28
  0.410E+08  0.934E-27  0.420E+08  0.109E-25  0.430E+08  0.883E-25
  0.440E+08  0.394E-24  0.450E+08  0.221E-23  0.460E+08  0.119E-22
  0.470E+08  0.431E-22  0.480E+08  0.161E-21  0.490E+08  0.104E-20
  0.500E+08  0.346E-20  0.520E+08  0.346E-19  0.540E+08  0.226E-18
  0.560E+08  0.111E-17  0.580E+08  0.102E-16  0.600E+08  0.471E-16
  0.620E+08  0.216E-15  0.640E+08  0.740E-15  0.660E+08  0.219E-14
  0.680E+08  0.587E-14  0.700E+08  0.127E-13  0.720E+08  0.322E-13
  0.740E+08  0.608E-13  0.760E+08  0.113E-12  0.780E+08  0.249E-12
  0.800E+08  0.390E-12  0.820E+08  0.572E-12  0.840E+08  0.791E-12
  0.860E+08  0.105E-11  0.880E+08  0.155E-11  0.900E+08  0.214E-11
  0.920E+08  0.249E-11  0.940E+08  0.304E-11  0.960E+08  0.475E-11
  0.980E+08  0.632E-11  0.100E+09  0.844E-11
SM155
         880
           0
          30
  0.100E-04  0.000E+00  0.470E+08  0.597E-27  0.480E+08  0.372E-25
  0.490E+08  0.285E-23  0.500E+08  0.227E-22  0.520E+08  0.812E-21
  0.540E+08  0.143E-19  0.560E+08  0.117E-18  0.580E+08  0.234E-17
  0.600E+08  0.170E-16  0.620E+08  0.124E-15  0.640E+08  0.662E-15
  0.660E+08  0.302E-14  0.680E+08  0.120E-13  0.700E+08  0.408E-13
  0.720E+08  0.153E-12  0.740E+08  0.418E-12  0.760E+08  0.108E-11
  0.780E+08  0.249E-11  0.800E+08  0.491E-11  0.820E+08  0.867E-11
  0.840E+08  0.137E-10  0.860E+08  0.198E-10  0.880E+08  0.284E-10
  0.900E+08  0.390E-10  0.920E+08  0.423E-10  0.940E+08  0.471E-10
  0.960E+08  0.521E-10  0.980E+08  0.530E-10  0.100E+09  0.526E-10
SM154
         881
           0
          25
  0.465E+07  0.000E+00  0.540E+08  0.142E-24  0.560E+08  0.131E-22
  0.580E+08  0.193E-20  0.600E+08  0.470E-19  0.620E+08  0.980E-18
  0.640E+08  0.994E-17  0.660E+08  0.931E-16  0.680E+08  0.113E-14
  0.700E+08  0.707E-14  0.720E+08  0.447E-13  0.740E+08  0.203E-12
  0.760E+08  0.826E-12  0.780E+08  0.304E-11  0.800E+08  0.914E-11
  0.820E+08  0.249E-10  0.840E+08  0.602E-10  0.860E+08  0.133E-09
  0.880E+08  0.256E-09  0.900E+08  0.582E-09  0.920E+08  0.932E-09
  0.940E+08  0.143E-08  0.960E+08  0.206E-08  0.980E+08  0.280E-08
  0.100E+09  0.347E-08
SM153
         882
           0
          21
  0.127E+08  0.000E+00  0.620E+08  0.542E-25  0.640E+08  0.614E-23
  0.660E+08  0.337E-21  0.680E+08  0.211E-19  0.700E+08  0.514E-18
  0.720E+08  0.990E-17  0.740E+08  0.124E-15  0.760E+08  0.131E-14
  0.780E+08  0.108E-13  0.800E+08  0.724E-13  0.820E+08  0.375E-12
  0.840E+08  0.176E-11  0.860E+08  0.745E-11  0.880E+08  0.248E-10
  0.900E+08  0.105E-09  0.920E+08  0.268E-09  0.940E+08  0.623E-09
  0.960E+08  0.122E-08  0.980E+08  0.235E-08  0.100E+09  0.336E-08
SM152
         883
           0
          18
  0.186E+08  0.000E+00  0.680E+08  0.465E-26  0.700E+08  0.295E-23
  0.720E+08  0.409E-21  0.740E+08  0.158E-19  0.760E+08  0.458E-18
  0.780E+08  0.770E-17  0.800E+08  0.114E-15  0.820E+08  0.130E-14
  0.840E+08  0.109E-13  0.860E+08  0.862E-13  0.880E+08  0.517E-12
  0.900E+08  0.400E-11  0.920E+08  0.171E-10  0.940E+08  0.643E-10
  0.960E+08  0.187E-09  0.980E+08  0.573E-09  0.100E+09  0.118E-08
SM151
         884
           0
          14
  0.269E+08  0.000E+00  0.760E+08  0.259E-27  0.780E+08  0.115E-24
  0.800E+08  0.154E-22  0.820E+08  0.595E-21  0.840E+08  0.154E-19
  0.860E+08  0.422E-18  0.880E+08  0.524E-17  0.900E+08  0.112E-15
  0.920E+08  0.128E-14  0.940E+08  0.120E-13  0.960E+08  0.595E-13
  0.980E+08  0.487E-12  0.100E+09  0.207E-11
SM150
         885
           0
          11
  0.325E+08  0.000E+00  0.820E+08  0.241E-29  0.840E+08  0.420E-26
  0.860E+08  0.516E-23  0.880E+08  0.412E-21  0.900E+08  0.218E-19
  0.920E+08  0.543E-18  0.940E+08  0.103E-16  0.960E+08  0.183E-15
  0.980E+08  0.254E-14  0.100E+09  0.179E-13
SM149
         886
           0
           7
  0.405E+08  0.000E+00  0.900E+08  0.716E-29  0.920E+08  0.550E-26
  0.940E+08  0.939E-24  0.960E+08  0.158E-21  0.980E+08  0.455E-20
  0.100E+09  0.105E-18
SM148
         887
           0
           5
  0.464E+08  0.000E+00  0.940E+08  0.170E-32  0.960E+08  0.931E-28
  0.980E+08  0.138E-25  0.100E+09  0.165E-23
