          86
W185 
          16
           0
          77
  0.723E+07  0.000E+00  0.750E+07  0.340E-02  0.800E+07  0.893E-01
  0.850E+07  0.340E+00  0.900E+07  0.689E+00  0.950E+07  0.970E+00
  0.100E+08  0.130E+01  0.105E+08  0.158E+01  0.110E+08  0.180E+01
  0.115E+08  0.186E+01  0.120E+08  0.200E+01  0.125E+08  0.211E+01
  0.130E+08  0.218E+01  0.135E+08  0.223E+01  0.140E+08  0.225E+01
  0.145E+08  0.218E+01  0.150E+08  0.201E+01  0.160E+08  0.133E+01
  0.170E+08  0.897E+00  0.180E+08  0.620E+00  0.190E+08  0.482E+00
  0.200E+08  0.399E+00  0.210E+08  0.313E+00  0.220E+08  0.266E+00
  0.230E+08  0.234E+00  0.240E+08  0.212E+00  0.250E+08  0.194E+00
  0.260E+08  0.181E+00  0.270E+08  0.170E+00  0.280E+08  0.161E+00
  0.290E+08  0.154E+00  0.300E+08  0.152E+00  0.310E+08  0.149E+00
  0.320E+08  0.144E+00  0.330E+08  0.140E+00  0.340E+08  0.136E+00
  0.350E+08  0.132E+00  0.360E+08  0.128E+00  0.370E+08  0.125E+00
  0.380E+08  0.120E+00  0.390E+08  0.115E+00  0.400E+08  0.109E+00
  0.410E+08  0.107E+00  0.420E+08  0.105E+00  0.430E+08  0.103E+00
  0.440E+08  0.101E+00  0.450E+08  0.997E-01  0.460E+08  0.980E-01
  0.470E+08  0.963E-01  0.480E+08  0.947E-01  0.490E+08  0.930E-01
  0.500E+08  0.914E-01  0.520E+08  0.881E-01  0.540E+08  0.848E-01
  0.560E+08  0.816E-01  0.580E+08  0.783E-01  0.600E+08  0.759E-01
  0.620E+08  0.737E-01  0.640E+08  0.714E-01  0.660E+08  0.693E-01
  0.680E+08  0.658E-01  0.700E+08  0.623E-01  0.720E+08  0.612E-01
  0.740E+08  0.595E-01  0.760E+08  0.584E-01  0.780E+08  0.572E-01
  0.800E+08  0.556E-01  0.820E+08  0.543E-01  0.840E+08  0.529E-01
  0.860E+08  0.509E-01  0.880E+08  0.488E-01  0.900E+08  0.476E-01
  0.920E+08  0.464E-01  0.940E+08  0.481E-01  0.960E+08  0.479E-01
  0.980E+08  0.472E-01  0.100E+09  0.460E-01
W184 
          17
           0
          65
  0.130E+08  0.000E+00  0.135E+08  0.107E-03  0.140E+08  0.169E-01
  0.145E+08  0.111E+00  0.150E+08  0.308E+00  0.160E+08  0.105E+01
  0.170E+08  0.148E+01  0.180E+08  0.175E+01  0.190E+08  0.186E+01
  0.200E+08  0.193E+01  0.210E+08  0.199E+01  0.220E+08  0.202E+01
  0.230E+08  0.201E+01  0.240E+08  0.194E+01  0.250E+08  0.180E+01
  0.260E+08  0.159E+01  0.270E+08  0.145E+01  0.280E+08  0.124E+01
  0.290E+08  0.110E+01  0.300E+08  0.934E+00  0.310E+08  0.803E+00
  0.320E+08  0.696E+00  0.330E+08  0.610E+00  0.340E+08  0.540E+00
  0.350E+08  0.483E+00  0.360E+08  0.435E+00  0.370E+08  0.397E+00
  0.380E+08  0.358E+00  0.390E+08  0.330E+00  0.400E+08  0.309E+00
  0.410E+08  0.291E+00  0.420E+08  0.276E+00  0.430E+08  0.262E+00
  0.440E+08  0.251E+00  0.450E+08  0.241E+00  0.460E+08  0.229E+00
  0.470E+08  0.217E+00  0.480E+08  0.208E+00  0.490E+08  0.194E+00
  0.500E+08  0.189E+00  0.520E+08  0.179E+00  0.540E+08  0.171E+00
  0.560E+08  0.167E+00  0.580E+08  0.164E+00  0.600E+08  0.160E+00
  0.620E+08  0.156E+00  0.640E+08  0.153E+00  0.660E+08  0.149E+00
  0.680E+08  0.146E+00  0.700E+08  0.142E+00  0.720E+08  0.137E+00
  0.740E+08  0.134E+00  0.760E+08  0.131E+00  0.780E+08  0.128E+00
  0.800E+08  0.125E+00  0.820E+08  0.121E+00  0.840E+08  0.118E+00
  0.860E+08  0.115E+00  0.880E+08  0.112E+00  0.900E+08  0.110E+00
  0.920E+08  0.107E+00  0.940E+08  0.105E+00  0.960E+08  0.103E+00
  0.980E+08  0.100E+00  0.100E+09  0.979E-01
W183 
          37
           0
          55
  0.205E+08  0.000E+00  0.220E+08  0.123E-02  0.230E+08  0.217E-01
  0.240E+08  0.991E-01  0.250E+08  0.247E+00  0.260E+08  0.443E+00
  0.270E+08  0.581E+00  0.280E+08  0.775E+00  0.290E+08  0.894E+00
  0.300E+08  0.104E+01  0.310E+08  0.114E+01  0.320E+08  0.118E+01
  0.330E+08  0.118E+01  0.340E+08  0.113E+01  0.350E+08  0.106E+01
  0.360E+08  0.972E+00  0.370E+08  0.875E+00  0.380E+08  0.761E+00
  0.390E+08  0.652E+00  0.400E+08  0.569E+00  0.410E+08  0.496E+00
  0.420E+08  0.433E+00  0.430E+08  0.380E+00  0.440E+08  0.336E+00
  0.450E+08  0.272E+00  0.460E+08  0.240E+00  0.470E+08  0.224E+00
  0.480E+08  0.216E+00  0.490E+08  0.192E+00  0.500E+08  0.181E+00
  0.520E+08  0.163E+00  0.540E+08  0.150E+00  0.560E+08  0.135E+00
  0.580E+08  0.130E+00  0.600E+08  0.122E+00  0.620E+08  0.116E+00
  0.640E+08  0.110E+00  0.660E+08  0.105E+00  0.680E+08  0.101E+00
  0.700E+08  0.969E-01  0.720E+08  0.933E-01  0.740E+08  0.952E-01
  0.760E+08  0.947E-01  0.780E+08  0.915E-01  0.800E+08  0.886E-01
  0.820E+08  0.860E-01  0.840E+08  0.835E-01  0.860E+08  0.812E-01
  0.880E+08  0.788E-01  0.900E+08  0.767E-01  0.920E+08  0.748E-01
  0.940E+08  0.736E-01  0.960E+08  0.723E-01  0.980E+08  0.711E-01
  0.100E+09  0.692E-01
TA186
         103
           0
          75
  0.313E+07  0.000E+00  0.850E+07  0.450E-05  0.900E+07  0.234E-04
  0.950E+07  0.621E-04  0.100E+08  0.134E-03  0.105E+08  0.259E-03
  0.110E+08  0.459E-03  0.115E+08  0.762E-03  0.120E+08  0.105E-02
  0.125E+08  0.160E-02  0.130E+08  0.234E-02  0.135E+08  0.327E-02
  0.140E+08  0.441E-02  0.145E+08  0.576E-02  0.150E+08  0.729E-02
  0.160E+08  0.946E-02  0.170E+08  0.132E-01  0.180E+08  0.168E-01
  0.190E+08  0.199E-01  0.200E+08  0.216E-01  0.210E+08  0.234E-01
  0.220E+08  0.258E-01  0.230E+08  0.278E-01  0.240E+08  0.293E-01
  0.250E+08  0.298E-01  0.260E+08  0.305E-01  0.270E+08  0.310E-01
  0.280E+08  0.313E-01  0.290E+08  0.316E-01  0.300E+08  0.317E-01
  0.310E+08  0.318E-01  0.320E+08  0.318E-01  0.330E+08  0.319E-01
  0.340E+08  0.320E-01  0.350E+08  0.321E-01  0.360E+08  0.318E-01
  0.370E+08  0.315E-01  0.380E+08  0.313E-01  0.390E+08  0.310E-01
  0.400E+08  0.307E-01  0.410E+08  0.303E-01  0.420E+08  0.300E-01
  0.430E+08  0.296E-01  0.440E+08  0.293E-01  0.450E+08  0.289E-01
  0.460E+08  0.285E-01  0.470E+08  0.280E-01  0.480E+08  0.276E-01
  0.490E+08  0.274E-01  0.500E+08  0.272E-01  0.520E+08  0.269E-01
  0.540E+08  0.261E-01  0.560E+08  0.253E-01  0.580E+08  0.246E-01
  0.600E+08  0.239E-01  0.620E+08  0.232E-01  0.640E+08  0.225E-01
  0.660E+08  0.223E-01  0.680E+08  0.222E-01  0.700E+08  0.220E-01
  0.720E+08  0.214E-01  0.740E+08  0.204E-01  0.760E+08  0.194E-01
  0.780E+08  0.184E-01  0.800E+08  0.179E-01  0.820E+08  0.174E-01
  0.840E+08  0.169E-01  0.860E+08  0.165E-01  0.880E+08  0.161E-01
  0.900E+08  0.157E-01  0.920E+08  0.153E-01  0.940E+08  0.149E-01
  0.960E+08  0.145E-01  0.980E+08  0.142E-01  0.100E+09  0.138E-01
HF185
         111
           0
          56
  0.103E+08  0.000E+00  0.210E+08  0.361E-06  0.220E+08  0.344E-05
  0.230E+08  0.149E-04  0.240E+08  0.457E-04  0.250E+08  0.995E-04
  0.260E+08  0.198E-03  0.270E+08  0.338E-03  0.280E+08  0.513E-03
  0.290E+08  0.718E-03  0.300E+08  0.893E-03  0.310E+08  0.112E-02
  0.320E+08  0.140E-02  0.330E+08  0.169E-02  0.340E+08  0.199E-02
  0.350E+08  0.219E-02  0.360E+08  0.251E-02  0.370E+08  0.285E-02
  0.380E+08  0.319E-02  0.390E+08  0.353E-02  0.400E+08  0.385E-02
  0.410E+08  0.403E-02  0.420E+08  0.425E-02  0.430E+08  0.443E-02
  0.440E+08  0.457E-02  0.450E+08  0.472E-02  0.460E+08  0.482E-02
  0.470E+08  0.489E-02  0.480E+08  0.490E-02  0.490E+08  0.475E-02
  0.500E+08  0.449E-02  0.520E+08  0.453E-02  0.540E+08  0.456E-02
  0.560E+08  0.458E-02  0.580E+08  0.460E-02  0.600E+08  0.462E-02
  0.620E+08  0.463E-02  0.640E+08  0.464E-02  0.660E+08  0.465E-02
  0.680E+08  0.482E-02  0.700E+08  0.482E-02  0.720E+08  0.482E-02
  0.740E+08  0.482E-02  0.760E+08  0.482E-02  0.780E+08  0.482E-02
  0.800E+08  0.480E-02  0.820E+08  0.479E-02  0.840E+08  0.478E-02
  0.860E+08  0.477E-02  0.880E+08  0.475E-02  0.900E+08  0.474E-02
  0.920E+08  0.473E-02  0.940E+08  0.471E-02  0.960E+08  0.520E-02
  0.980E+08  0.517E-02  0.100E+09  0.515E-02
W182 
         121
           0
          46
  0.267E+08  0.000E+00  0.310E+08  0.223E-01  0.320E+08  0.664E-01
  0.330E+08  0.139E+00  0.340E+08  0.236E+00  0.350E+08  0.347E+00
  0.360E+08  0.463E+00  0.370E+08  0.578E+00  0.380E+08  0.713E+00
  0.390E+08  0.834E+00  0.400E+08  0.914E+00  0.410E+08  0.980E+00
  0.420E+08  0.103E+01  0.430E+08  0.106E+01  0.440E+08  0.107E+01
  0.450E+08  0.109E+01  0.460E+08  0.107E+01  0.470E+08  0.998E+00
  0.480E+08  0.947E+00  0.490E+08  0.934E+00  0.500E+08  0.922E+00
  0.520E+08  0.827E+00  0.540E+08  0.731E+00  0.560E+08  0.638E+00
  0.580E+08  0.555E+00  0.600E+08  0.484E+00  0.620E+08  0.427E+00
  0.640E+08  0.393E+00  0.660E+08  0.354E+00  0.680E+08  0.321E+00
  0.700E+08  0.295E+00  0.720E+08  0.273E+00  0.740E+08  0.259E+00
  0.760E+08  0.240E+00  0.780E+08  0.227E+00  0.800E+08  0.215E+00
  0.820E+08  0.204E+00  0.840E+08  0.176E+00  0.860E+08  0.169E+00
  0.880E+08  0.163E+00  0.900E+08  0.157E+00  0.920E+08  0.151E+00
  0.940E+08  0.141E+00  0.960E+08  0.137E+00  0.980E+08  0.133E+00
  0.100E+09  0.129E+00
W181 
         122
           0
          40
  0.348E+08  0.000E+00  0.370E+08  0.734E-07  0.380E+08  0.115E-04
  0.390E+08  0.220E-03  0.400E+08  0.118E-02  0.410E+08  0.414E-02
  0.420E+08  0.109E-01  0.430E+08  0.233E-01  0.440E+08  0.426E-01
  0.450E+08  0.773E-01  0.460E+08  0.112E+00  0.470E+08  0.199E+00
  0.480E+08  0.245E+00  0.490E+08  0.264E+00  0.500E+08  0.282E+00
  0.520E+08  0.359E+00  0.540E+08  0.415E+00  0.560E+08  0.442E+00
  0.580E+08  0.439E+00  0.600E+08  0.419E+00  0.620E+08  0.395E+00
  0.640E+08  0.352E+00  0.660E+08  0.321E+00  0.680E+08  0.300E+00
  0.700E+08  0.271E+00  0.720E+08  0.245E+00  0.740E+08  0.183E+00
  0.760E+08  0.165E+00  0.780E+08  0.151E+00  0.800E+08  0.138E+00
  0.820E+08  0.128E+00  0.840E+08  0.124E+00  0.860E+08  0.119E+00
  0.880E+08  0.115E+00  0.900E+08  0.109E+00  0.920E+08  0.103E+00
  0.940E+08  0.979E-01  0.960E+08  0.934E-01  0.980E+08  0.896E-01
  0.100E+09  0.862E-01
W180 
         123
           0
          34
  0.415E+08  0.000E+00  0.430E+08  0.230E-09  0.440E+08  0.110E-06
  0.450E+08  0.725E-05  0.460E+08  0.683E-04  0.470E+08  0.661E-03
  0.480E+08  0.102E-02  0.490E+08  0.138E-02  0.500E+08  0.352E-02
  0.520E+08  0.141E-01  0.540E+08  0.374E-01  0.560E+08  0.756E-01
  0.580E+08  0.123E+00  0.600E+08  0.177E+00  0.620E+08  0.238E+00
  0.640E+08  0.294E+00  0.660E+08  0.344E+00  0.680E+08  0.365E+00
  0.700E+08  0.385E+00  0.720E+08  0.391E+00  0.740E+08  0.409E+00
  0.760E+08  0.392E+00  0.780E+08  0.371E+00  0.800E+08  0.349E+00
  0.820E+08  0.326E+00  0.840E+08  0.310E+00  0.860E+08  0.297E+00
  0.880E+08  0.277E+00  0.900E+08  0.259E+00  0.920E+08  0.242E+00
  0.940E+08  0.224E+00  0.960E+08  0.210E+00  0.980E+08  0.198E+00
  0.100E+09  0.187E+00
W179 
         124
           0
          25
  0.500E+08  0.000E+00  0.540E+08  0.521E-07  0.560E+08  0.510E-05
  0.580E+08  0.844E-04  0.600E+08  0.593E-03  0.620E+08  0.252E-02
  0.640E+08  0.748E-02  0.660E+08  0.147E-01  0.680E+08  0.289E-01
  0.700E+08  0.489E-01  0.720E+08  0.731E-01  0.740E+08  0.997E-01
  0.760E+08  0.122E+00  0.780E+08  0.145E+00  0.800E+08  0.160E+00
  0.820E+08  0.168E+00  0.840E+08  0.166E+00  0.860E+08  0.162E+00
  0.880E+08  0.157E+00  0.900E+08  0.150E+00  0.920E+08  0.142E+00
  0.940E+08  0.133E+00  0.960E+08  0.124E+00  0.980E+08  0.120E+00
  0.100E+09  0.116E+00
W178 
         125
           0
          22
  0.569E+08  0.000E+00  0.600E+08  0.139E-09  0.620E+08  0.102E-06
  0.640E+08  0.467E-05  0.660E+08  0.627E-04  0.680E+08  0.412E-03
  0.700E+08  0.170E-02  0.720E+08  0.504E-02  0.740E+08  0.121E-01
  0.760E+08  0.233E-01  0.780E+08  0.350E-01  0.800E+08  0.542E-01
  0.820E+08  0.768E-01  0.840E+08  0.110E+00  0.860E+08  0.124E+00
  0.880E+08  0.147E+00  0.900E+08  0.166E+00  0.920E+08  0.181E+00
  0.940E+08  0.193E+00  0.960E+08  0.197E+00  0.980E+08  0.193E+00
  0.100E+09  0.194E+00
TA185
         153
           0
          69
  0.621E+07  0.000E+00  0.115E+08  0.259E-08  0.120E+08  0.278E-07
  0.125E+08  0.141E-06  0.130E+08  0.552E-06  0.135E+08  0.150E-05
  0.140E+08  0.750E-03  0.145E+08  0.124E-02  0.150E+08  0.177E-02
  0.160E+08  0.285E-02  0.170E+08  0.392E-02  0.180E+08  0.596E-02
  0.190E+08  0.836E-02  0.200E+08  0.981E-02  0.210E+08  0.129E-01
  0.220E+08  0.186E-01  0.230E+08  0.253E-01  0.240E+08  0.328E-01
  0.250E+08  0.403E-01  0.260E+08  0.484E-01  0.270E+08  0.562E-01
  0.280E+08  0.637E-01  0.290E+08  0.706E-01  0.300E+08  0.766E-01
  0.310E+08  0.824E-01  0.320E+08  0.877E-01  0.330E+08  0.922E-01
  0.340E+08  0.958E-01  0.350E+08  0.967E-01  0.360E+08  0.978E-01
  0.370E+08  0.941E-01  0.380E+08  0.937E-01  0.390E+08  0.935E-01
  0.400E+08  0.931E-01  0.410E+08  0.924E-01  0.420E+08  0.918E-01
  0.430E+08  0.913E-01  0.440E+08  0.909E-01  0.450E+08  0.904E-01
  0.460E+08  0.899E-01  0.470E+08  0.895E-01  0.480E+08  0.891E-01
  0.490E+08  0.884E-01  0.500E+08  0.877E-01  0.520E+08  0.862E-01
  0.540E+08  0.848E-01  0.560E+08  0.834E-01  0.580E+08  0.820E-01
  0.600E+08  0.805E-01  0.620E+08  0.791E-01  0.640E+08  0.778E-01
  0.660E+08  0.766E-01  0.680E+08  0.760E-01  0.700E+08  0.755E-01
  0.720E+08  0.755E-01  0.740E+08  0.751E-01  0.760E+08  0.748E-01
  0.780E+08  0.744E-01  0.800E+08  0.738E-01  0.820E+08  0.734E-01
  0.840E+08  0.728E-01  0.860E+08  0.726E-01  0.880E+08  0.720E-01
  0.900E+08  0.715E-01  0.920E+08  0.709E-01  0.940E+08  0.709E-01
  0.960E+08  0.743E-01  0.980E+08  0.737E-01  0.100E+09  0.731E-01
TA184
         154
           0
          58
  0.129E+08  0.000E+00  0.190E+08  0.161E-07  0.200E+08  0.434E-06
  0.210E+08  0.461E-05  0.220E+08  0.297E-04  0.230E+08  0.104E-03
  0.240E+08  0.347E-03  0.250E+08  0.920E-03  0.260E+08  0.199E-02
  0.270E+08  0.378E-02  0.280E+08  0.642E-02  0.290E+08  0.996E-02
  0.300E+08  0.140E-01  0.310E+08  0.189E-01  0.320E+08  0.242E-01
  0.330E+08  0.296E-01  0.340E+08  0.351E-01  0.350E+08  0.407E-01
  0.360E+08  0.470E-01  0.370E+08  0.562E-01  0.380E+08  0.620E-01
  0.390E+08  0.671E-01  0.400E+08  0.717E-01  0.410E+08  0.755E-01
  0.420E+08  0.791E-01  0.430E+08  0.822E-01  0.440E+08  0.849E-01
  0.450E+08  0.866E-01  0.460E+08  0.882E-01  0.470E+08  0.899E-01
  0.480E+08  0.919E-01  0.490E+08  0.877E-01  0.500E+08  0.857E-01
  0.520E+08  0.823E-01  0.540E+08  0.790E-01  0.560E+08  0.790E-01
  0.580E+08  0.764E-01  0.600E+08  0.749E-01  0.620E+08  0.733E-01
  0.640E+08  0.720E-01  0.660E+08  0.709E-01  0.680E+08  0.701E-01
  0.700E+08  0.694E-01  0.720E+08  0.681E-01  0.740E+08  0.672E-01
  0.760E+08  0.663E-01  0.780E+08  0.654E-01  0.800E+08  0.645E-01
  0.820E+08  0.636E-01  0.840E+08  0.627E-01  0.860E+08  0.618E-01
  0.880E+08  0.614E-01  0.900E+08  0.610E-01  0.920E+08  0.609E-01
  0.940E+08  0.599E-01  0.960E+08  0.582E-01  0.980E+08  0.565E-01
  0.100E+09  0.548E-01
TA183
         155
           0
          52
  0.185E+08  0.000E+00  0.250E+08  0.699E-08  0.260E+08  0.245E-06
  0.270E+08  0.272E-05  0.280E+08  0.199E-04  0.290E+08  0.136E-03
  0.300E+08  0.439E-03  0.310E+08  0.110E-02  0.320E+08  0.233E-02
  0.330E+08  0.433E-02  0.340E+08  0.727E-02  0.350E+08  0.108E-01
  0.360E+08  0.156E-01  0.370E+08  0.227E-01  0.380E+08  0.297E-01
  0.390E+08  0.374E-01  0.400E+08  0.451E-01  0.410E+08  0.527E-01
  0.420E+08  0.595E-01  0.430E+08  0.655E-01  0.440E+08  0.708E-01
  0.450E+08  0.773E-01  0.460E+08  0.800E-01  0.470E+08  0.860E-01
  0.480E+08  0.902E-01  0.490E+08  0.996E-01  0.500E+08  0.105E+00
  0.520E+08  0.115E+00  0.540E+08  0.123E+00  0.560E+08  0.130E+00
  0.580E+08  0.134E+00  0.600E+08  0.136E+00  0.620E+08  0.135E+00
  0.640E+08  0.117E+00  0.660E+08  0.112E+00  0.680E+08  0.108E+00
  0.700E+08  0.105E+00  0.720E+08  0.102E+00  0.740E+08  0.963E-01
  0.760E+08  0.906E-01  0.780E+08  0.882E-01  0.800E+08  0.864E-01
  0.820E+08  0.847E-01  0.840E+08  0.831E-01  0.860E+08  0.882E-01
  0.880E+08  0.867E-01  0.900E+08  0.855E-01  0.920E+08  0.841E-01
  0.940E+08  0.832E-01  0.960E+08  0.824E-01  0.980E+08  0.813E-01
  0.100E+09  0.806E-01
TA182
         156
           0
          45
  0.255E+08  0.000E+00  0.320E+08  0.126E-08  0.330E+08  0.590E-07
  0.340E+08  0.826E-06  0.350E+08  0.660E-05  0.360E+08  0.358E-04
  0.370E+08  0.174E-03  0.380E+08  0.507E-03  0.390E+08  0.115E-02
  0.400E+08  0.239E-02  0.410E+08  0.436E-02  0.420E+08  0.715E-02
  0.430E+08  0.105E-01  0.440E+08  0.146E-01  0.450E+08  0.180E-01
  0.460E+08  0.228E-01  0.470E+08  0.278E-01  0.480E+08  0.319E-01
  0.490E+08  0.351E-01  0.500E+08  0.383E-01  0.520E+08  0.499E-01
  0.540E+08  0.609E-01  0.560E+08  0.723E-01  0.580E+08  0.787E-01
  0.600E+08  0.842E-01  0.620E+08  0.900E-01  0.640E+08  0.105E+00
  0.660E+08  0.112E+00  0.680E+08  0.116E+00  0.700E+08  0.120E+00
  0.720E+08  0.125E+00  0.740E+08  0.130E+00  0.760E+08  0.116E+00
  0.780E+08  0.111E+00  0.800E+08  0.106E+00  0.820E+08  0.100E+00
  0.840E+08  0.951E-01  0.860E+08  0.899E-01  0.880E+08  0.869E-01
  0.900E+08  0.845E-01  0.920E+08  0.822E-01  0.940E+08  0.807E-01
  0.960E+08  0.788E-01  0.980E+08  0.771E-01  0.100E+09  0.757E-01
TA181
         157
           0
          39
  0.316E+08  0.000E+00  0.380E+08  0.123E-08  0.390E+08  0.670E-07
  0.400E+08  0.103E-05  0.410E+08  0.850E-05  0.420E+08  0.451E-04
  0.430E+08  0.159E-03  0.440E+08  0.444E-03  0.450E+08  0.847E-03
  0.460E+08  0.139E-02  0.470E+08  0.202E-02  0.480E+08  0.265E-02
  0.490E+08  0.328E-02  0.500E+08  0.494E-02  0.520E+08  0.103E-01
  0.540E+08  0.193E-01  0.560E+08  0.345E-01  0.580E+08  0.492E-01
  0.600E+08  0.644E-01  0.620E+08  0.784E-01  0.640E+08  0.895E-01
  0.660E+08  0.976E-01  0.680E+08  0.105E+00  0.700E+08  0.110E+00
  0.720E+08  0.115E+00  0.740E+08  0.119E+00  0.760E+08  0.124E+00
  0.780E+08  0.129E+00  0.800E+08  0.136E+00  0.820E+08  0.141E+00
  0.840E+08  0.145E+00  0.860E+08  0.150E+00  0.880E+08  0.152E+00
  0.900E+08  0.152E+00  0.920E+08  0.151E+00  0.940E+08  0.148E+00
  0.960E+08  0.145E+00  0.980E+08  0.143E+00  0.100E+09  0.141E+00
TA180
         158
           0
          32
  0.392E+08  0.000E+00  0.450E+08  0.230E-14  0.460E+08  0.194E-10
  0.470E+08  0.149E-08  0.480E+08  0.229E-07  0.490E+08  0.226E-07
  0.500E+08  0.254E-06  0.520E+08  0.966E-05  0.540E+08  0.124E-03
  0.560E+08  0.804E-03  0.580E+08  0.269E-02  0.600E+08  0.517E-02
  0.620E+08  0.967E-02  0.640E+08  0.223E-01  0.660E+08  0.295E-01
  0.680E+08  0.383E-01  0.700E+08  0.469E-01  0.720E+08  0.549E-01
  0.740E+08  0.631E-01  0.760E+08  0.715E-01  0.780E+08  0.760E-01
  0.800E+08  0.786E-01  0.820E+08  0.813E-01  0.840E+08  0.839E-01
  0.860E+08  0.866E-01  0.880E+08  0.892E-01  0.900E+08  0.919E-01
  0.920E+08  0.955E-01  0.940E+08  0.996E-01  0.960E+08  0.105E+00
  0.980E+08  0.111E+00  0.100E+09  0.115E+00
TA179
         159
           0
          25
  0.459E+08  0.000E+00  0.540E+08  0.789E-11  0.560E+08  0.168E-07
  0.580E+08  0.121E-05  0.600E+08  0.198E-04  0.620E+08  0.131E-03
  0.640E+08  0.106E-02  0.660E+08  0.253E-02  0.680E+08  0.531E-02
  0.700E+08  0.937E-02  0.720E+08  0.153E-01  0.740E+08  0.232E-01
  0.760E+08  0.350E-01  0.780E+08  0.444E-01  0.800E+08  0.536E-01
  0.820E+08  0.619E-01  0.840E+08  0.698E-01  0.860E+08  0.795E-01
  0.880E+08  0.853E-01  0.900E+08  0.897E-01  0.920E+08  0.930E-01
  0.940E+08  0.955E-01  0.960E+08  0.951E-01  0.980E+08  0.963E-01
  0.100E+09  0.971E-01
TA178
         160
           0
          21
  0.538E+08  0.000E+00  0.620E+08  0.760E-13  0.640E+08  0.361E-08
  0.660E+08  0.199E-06  0.680E+08  0.363E-05  0.700E+08  0.171E-04
  0.720E+08  0.835E-04  0.740E+08  0.298E-03  0.760E+08  0.108E-02
  0.780E+08  0.235E-02  0.800E+08  0.449E-02  0.820E+08  0.767E-02
  0.840E+08  0.120E-01  0.860E+08  0.182E-01  0.880E+08  0.251E-01
  0.900E+08  0.307E-01  0.920E+08  0.372E-01  0.940E+08  0.444E-01
  0.960E+08  0.483E-01  0.980E+08  0.521E-01  0.100E+09  0.557E-01
TA177
         161
           0
          18
  0.607E+08  0.000E+00  0.680E+08  0.743E-13  0.700E+08  0.192E-10
  0.720E+08  0.291E-08  0.740E+08  0.810E-07  0.760E+08  0.123E-05
  0.780E+08  0.102E-04  0.800E+08  0.538E-04  0.820E+08  0.198E-03
  0.840E+08  0.560E-03  0.860E+08  0.139E-02  0.880E+08  0.220E-02
  0.900E+08  0.408E-02  0.920E+08  0.683E-02  0.940E+08  0.111E-01
  0.960E+08  0.144E-01  0.980E+08  0.200E-01  0.100E+09  0.261E-01
HF184
         174
           0
          53
  0.131E+08  0.000E+00  0.240E+08  0.390E-18  0.250E+08  0.293E-16
  0.260E+08  0.110E-13  0.270E+08  0.446E-12  0.280E+08  0.437E-11
  0.290E+08  0.255E-10  0.300E+08  0.111E-09  0.310E+08  0.412E-09
  0.320E+08  0.961E-09  0.330E+08  0.236E-08  0.340E+08  0.524E-08
  0.350E+08  0.951E-08  0.360E+08  0.582E-07  0.370E+08  0.104E-05
  0.380E+08  0.853E-05  0.390E+08  0.320E-04  0.400E+08  0.891E-04
  0.410E+08  0.192E-03  0.420E+08  0.351E-03  0.430E+08  0.562E-03
  0.440E+08  0.816E-03  0.450E+08  0.106E-02  0.460E+08  0.138E-02
  0.470E+08  0.172E-02  0.480E+08  0.207E-02  0.490E+08  0.253E-02
  0.500E+08  0.318E-02  0.520E+08  0.398E-02  0.540E+08  0.475E-02
  0.560E+08  0.536E-02  0.580E+08  0.582E-02  0.600E+08  0.609E-02
  0.620E+08  0.622E-02  0.640E+08  0.638E-02  0.660E+08  0.639E-02
  0.680E+08  0.621E-02  0.700E+08  0.617E-02  0.720E+08  0.614E-02
  0.740E+08  0.614E-02  0.760E+08  0.610E-02  0.780E+08  0.609E-02
  0.800E+08  0.605E-02  0.820E+08  0.606E-02  0.840E+08  0.631E-02
  0.860E+08  0.608E-02  0.880E+08  0.586E-02  0.900E+08  0.563E-02
  0.920E+08  0.565E-02  0.940E+08  0.562E-02  0.960E+08  0.513E-02
  0.980E+08  0.513E-02  0.100E+09  0.510E-02
HF183
         175
           0
          80
  0.100E-04  0.000E+00  0.600E+07  0.451E-09  0.650E+07  0.855E-08
  0.700E+07  0.329E-07  0.750E+07  0.938E-07  0.800E+07  0.234E-06
  0.850E+07  0.540E-06  0.900E+07  0.118E-05  0.950E+07  0.245E-05
  0.100E+08  0.489E-05  0.105E+08  0.941E-05  0.110E+08  0.174E-04
  0.115E+08  0.308E-04  0.120E+08  0.525E-04  0.125E+08  0.858E-04
  0.130E+08  0.132E-03  0.135E+08  0.198E-03  0.140E+08  0.286E-03
  0.145E+08  0.399E-03  0.150E+08  0.536E-03  0.160E+08  0.870E-03
  0.170E+08  0.128E-02  0.180E+08  0.167E-02  0.190E+08  0.198E-02
  0.200E+08  0.219E-02  0.210E+08  0.229E-02  0.220E+08  0.233E-02
  0.230E+08  0.245E-02  0.240E+08  0.241E-02  0.250E+08  0.233E-02
  0.260E+08  0.223E-02  0.270E+08  0.212E-02  0.280E+08  0.199E-02
  0.290E+08  0.186E-02  0.300E+08  0.173E-02  0.310E+08  0.161E-02
  0.320E+08  0.149E-02  0.330E+08  0.138E-02  0.340E+08  0.128E-02
  0.350E+08  0.119E-02  0.360E+08  0.112E-02  0.370E+08  0.104E-02
  0.380E+08  0.955E-03  0.390E+08  0.878E-03  0.400E+08  0.805E-03
  0.410E+08  0.737E-03  0.420E+08  0.673E-03  0.430E+08  0.616E-03
  0.440E+08  0.564E-03  0.450E+08  0.520E-03  0.460E+08  0.483E-03
  0.470E+08  0.450E-03  0.480E+08  0.418E-03  0.490E+08  0.396E-03
  0.500E+08  0.367E-03  0.520E+08  0.322E-03  0.540E+08  0.342E-03
  0.560E+08  0.515E-03  0.580E+08  0.891E-03  0.600E+08  0.146E-02
  0.620E+08  0.214E-02  0.640E+08  0.278E-02  0.660E+08  0.344E-02
  0.680E+08  0.395E-02  0.700E+08  0.427E-02  0.720E+08  0.447E-02
  0.740E+08  0.451E-02  0.760E+08  0.452E-02  0.780E+08  0.445E-02
  0.800E+08  0.440E-02  0.820E+08  0.429E-02  0.840E+08  0.401E-02
  0.860E+08  0.414E-02  0.880E+08  0.411E-02  0.900E+08  0.407E-02
  0.920E+08  0.403E-02  0.940E+08  0.399E-02  0.960E+08  0.394E-02
  0.980E+08  0.385E-02  0.100E+09  0.387E-02
HF182
         176
           0
          69
  0.100E-04  0.000E+00  0.115E+08  0.170E-07  0.120E+08  0.133E-06
  0.125E+08  0.374E-06  0.130E+08  0.739E-06  0.135E+08  0.154E-05
  0.140E+08  0.289E-05  0.145E+08  0.566E-05  0.150E+08  0.108E-04
  0.160E+08  0.556E-04  0.170E+08  0.134E-03  0.180E+08  0.342E-03
  0.190E+08  0.724E-03  0.200E+08  0.130E-02  0.210E+08  0.206E-02
  0.220E+08  0.296E-02  0.230E+08  0.382E-02  0.240E+08  0.489E-02
  0.250E+08  0.600E-02  0.260E+08  0.704E-02  0.270E+08  0.792E-02
  0.280E+08  0.858E-02  0.290E+08  0.900E-02  0.300E+08  0.920E-02
  0.310E+08  0.920E-02  0.320E+08  0.906E-02  0.330E+08  0.879E-02
  0.340E+08  0.843E-02  0.350E+08  0.790E-02  0.360E+08  0.736E-02
  0.370E+08  0.683E-02  0.380E+08  0.638E-02  0.390E+08  0.594E-02
  0.400E+08  0.552E-02  0.410E+08  0.512E-02  0.420E+08  0.475E-02
  0.430E+08  0.439E-02  0.440E+08  0.406E-02  0.450E+08  0.374E-02
  0.460E+08  0.343E-02  0.470E+08  0.315E-02  0.480E+08  0.289E-02
  0.490E+08  0.246E-02  0.500E+08  0.226E-02  0.520E+08  0.189E-02
  0.540E+08  0.161E-02  0.560E+08  0.139E-02  0.580E+08  0.120E-02
  0.600E+08  0.103E-02  0.620E+08  0.891E-03  0.640E+08  0.899E-03
  0.660E+08  0.997E-03  0.680E+08  0.125E-02  0.700E+08  0.171E-02
  0.720E+08  0.235E-02  0.740E+08  0.312E-02  0.760E+08  0.399E-02
  0.780E+08  0.488E-02  0.800E+08  0.572E-02  0.820E+08  0.651E-02
  0.840E+08  0.714E-02  0.860E+08  0.783E-02  0.880E+08  0.806E-02
  0.900E+08  0.823E-02  0.920E+08  0.824E-02  0.940E+08  0.829E-02
  0.960E+08  0.817E-02  0.980E+08  0.809E-02  0.100E+09  0.797E-02
HF181
         177
           0
          58
  0.563E+07  0.000E+00  0.190E+08  0.295E-07  0.200E+08  0.432E-06
  0.210E+08  0.211E-05  0.220E+08  0.745E-05  0.230E+08  0.190E-04
  0.240E+08  0.533E-04  0.250E+08  0.145E-03  0.260E+08  0.355E-03
  0.270E+08  0.755E-03  0.280E+08  0.140E-02  0.290E+08  0.230E-02
  0.300E+08  0.343E-02  0.310E+08  0.471E-02  0.320E+08  0.602E-02
  0.330E+08  0.725E-02  0.340E+08  0.828E-02  0.350E+08  0.939E-02
  0.360E+08  0.101E-01  0.370E+08  0.997E-02  0.380E+08  0.998E-02
  0.390E+08  0.100E-01  0.400E+08  0.970E-02  0.410E+08  0.928E-02
  0.420E+08  0.877E-02  0.430E+08  0.823E-02  0.440E+08  0.768E-02
  0.450E+08  0.714E-02  0.460E+08  0.663E-02  0.470E+08  0.614E-02
  0.480E+08  0.568E-02  0.490E+08  0.495E-02  0.500E+08  0.421E-02
  0.520E+08  0.357E-02  0.540E+08  0.300E-02  0.560E+08  0.250E-02
  0.580E+08  0.210E-02  0.600E+08  0.180E-02  0.620E+08  0.157E-02
  0.640E+08  0.148E-02  0.660E+08  0.135E-02  0.680E+08  0.126E-02
  0.700E+08  0.116E-02  0.720E+08  0.107E-02  0.740E+08  0.976E-03
  0.760E+08  0.869E-03  0.780E+08  0.779E-03  0.800E+08  0.739E-03
  0.820E+08  0.829E-03  0.840E+08  0.110E-02  0.860E+08  0.171E-02
  0.880E+08  0.230E-02  0.900E+08  0.297E-02  0.920E+08  0.369E-02
  0.940E+08  0.436E-02  0.960E+08  0.498E-02  0.980E+08  0.547E-02
  0.100E+09  0.581E-02
HF180
         178
           0
          46
  0.114E+08  0.000E+00  0.310E+08  0.179E-03  0.320E+08  0.437E-03
  0.330E+08  0.949E-03  0.340E+08  0.183E-02  0.350E+08  0.342E-02
  0.360E+08  0.501E-02  0.370E+08  0.745E-02  0.380E+08  0.103E-01
  0.390E+08  0.141E-01  0.400E+08  0.185E-01  0.410E+08  0.231E-01
  0.420E+08  0.263E-01  0.430E+08  0.294E-01  0.440E+08  0.311E-01
  0.450E+08  0.313E-01  0.460E+08  0.303E-01  0.470E+08  0.286E-01
  0.480E+08  0.269E-01  0.490E+08  0.252E-01  0.500E+08  0.235E-01
  0.520E+08  0.202E-01  0.540E+08  0.168E-01  0.560E+08  0.134E-01
  0.580E+08  0.116E-01  0.600E+08  0.994E-02  0.620E+08  0.854E-02
  0.640E+08  0.766E-02  0.660E+08  0.655E-02  0.680E+08  0.597E-02
  0.700E+08  0.535E-02  0.720E+08  0.483E-02  0.740E+08  0.455E-02
  0.760E+08  0.429E-02  0.780E+08  0.409E-02  0.800E+08  0.389E-02
  0.820E+08  0.370E-02  0.840E+08  0.367E-02  0.860E+08  0.351E-02
  0.880E+08  0.346E-02  0.900E+08  0.328E-02  0.920E+08  0.325E-02
  0.940E+08  0.274E-02  0.960E+08  0.300E-02  0.980E+08  0.339E-02
  0.100E+09  0.393E-02
HF179
         179
           0
          45
  0.188E+08  0.000E+00  0.320E+08  0.772E-12  0.330E+08  0.128E-08
  0.340E+08  0.432E-07  0.350E+08  0.654E-06  0.360E+08  0.293E-05
  0.370E+08  0.218E-04  0.380E+08  0.818E-04  0.390E+08  0.267E-03
  0.400E+08  0.653E-03  0.410E+08  0.158E-02  0.420E+08  0.314E-02
  0.430E+08  0.575E-02  0.440E+08  0.928E-02  0.450E+08  0.133E-01
  0.460E+08  0.174E-01  0.470E+08  0.209E-01  0.480E+08  0.235E-01
  0.490E+08  0.234E-01  0.500E+08  0.231E-01  0.520E+08  0.225E-01
  0.540E+08  0.216E-01  0.560E+08  0.209E-01  0.580E+08  0.198E-01
  0.600E+08  0.183E-01  0.620E+08  0.167E-01  0.640E+08  0.152E-01
  0.660E+08  0.132E-01  0.680E+08  0.139E-01  0.700E+08  0.128E-01
  0.720E+08  0.111E-01  0.740E+08  0.934E-02  0.760E+08  0.820E-02
  0.780E+08  0.731E-02  0.800E+08  0.665E-02  0.820E+08  0.616E-02
  0.840E+08  0.612E-02  0.860E+08  0.609E-02  0.880E+08  0.596E-02
  0.900E+08  0.559E-02  0.920E+08  0.539E-02  0.940E+08  0.503E-02
  0.960E+08  0.489E-02  0.980E+08  0.472E-02  0.100E+09  0.460E-02
HF178
         180
           0
          39
  0.249E+08  0.000E+00  0.380E+08  0.268E-12  0.390E+08  0.289E-08
  0.400E+08  0.497E-07  0.410E+08  0.632E-06  0.420E+08  0.398E-05
  0.430E+08  0.182E-04  0.440E+08  0.637E-04  0.450E+08  0.183E-03
  0.460E+08  0.444E-03  0.470E+08  0.940E-03  0.480E+08  0.176E-02
  0.490E+08  0.357E-02  0.500E+08  0.530E-02  0.520E+08  0.975E-02
  0.540E+08  0.172E-01  0.560E+08  0.290E-01  0.580E+08  0.445E-01
  0.600E+08  0.600E-01  0.620E+08  0.740E-01  0.640E+08  0.828E-01
  0.660E+08  0.857E-01  0.680E+08  0.873E-01  0.700E+08  0.847E-01
  0.720E+08  0.770E-01  0.740E+08  0.706E-01  0.760E+08  0.644E-01
  0.780E+08  0.581E-01  0.800E+08  0.523E-01  0.820E+08  0.490E-01
  0.840E+08  0.458E-01  0.860E+08  0.420E-01  0.880E+08  0.380E-01
  0.900E+08  0.342E-01  0.920E+08  0.317E-01  0.940E+08  0.281E-01
  0.960E+08  0.221E-01  0.980E+08  0.210E-01  0.100E+09  0.200E-01
HF177
         181
           0
          31
  0.326E+08  0.000E+00  0.460E+08  0.102E-13  0.470E+08  0.111E-10
  0.480E+08  0.533E-09  0.490E+08  0.116E-07  0.500E+08  0.897E-07
  0.520E+08  0.220E-05  0.540E+08  0.291E-04  0.560E+08  0.230E-03
  0.580E+08  0.113E-02  0.600E+08  0.362E-02  0.620E+08  0.872E-02
  0.640E+08  0.149E-01  0.660E+08  0.243E-01  0.680E+08  0.314E-01
  0.700E+08  0.403E-01  0.720E+08  0.462E-01  0.740E+08  0.523E-01
  0.760E+08  0.563E-01  0.780E+08  0.568E-01  0.800E+08  0.553E-01
  0.820E+08  0.501E-01  0.840E+08  0.463E-01  0.860E+08  0.440E-01
  0.880E+08  0.409E-01  0.900E+08  0.379E-01  0.920E+08  0.353E-01
  0.940E+08  0.317E-01  0.960E+08  0.315E-01  0.980E+08  0.294E-01
  0.100E+09  0.276E-01
HF176
         182
           0
          25
  0.390E+08  0.000E+00  0.540E+08  0.749E-13  0.560E+08  0.106E-08
  0.580E+08  0.957E-07  0.600E+08  0.190E-05  0.620E+08  0.196E-04
  0.640E+08  0.126E-03  0.660E+08  0.521E-03  0.680E+08  0.129E-02
  0.700E+08  0.341E-02  0.720E+08  0.114E-01  0.740E+08  0.195E-01
  0.760E+08  0.298E-01  0.780E+08  0.399E-01  0.800E+08  0.497E-01
  0.820E+08  0.587E-01  0.840E+08  0.654E-01  0.860E+08  0.698E-01
  0.880E+08  0.736E-01  0.900E+08  0.763E-01  0.920E+08  0.784E-01
  0.940E+08  0.727E-01  0.960E+08  0.714E-01  0.980E+08  0.683E-01
  0.100E+09  0.649E-01
LU184
         219
           0
          41
  0.196E+08  0.000E+00  0.360E+08  0.408E-21  0.370E+08  0.114E-19
  0.380E+08  0.144E-18  0.390E+08  0.109E-17  0.400E+08  0.605E-17
  0.410E+08  0.205E-16  0.420E+08  0.804E-16  0.430E+08  0.272E-15
  0.440E+08  0.805E-15  0.450E+08  0.213E-14  0.460E+08  0.506E-14
  0.470E+08  0.109E-13  0.480E+08  0.217E-13  0.490E+08  0.334E-13
  0.500E+08  0.943E-13  0.520E+08  0.195E-12  0.540E+08  0.401E-12
  0.560E+08  0.702E-12  0.580E+08  0.113E-11  0.600E+08  0.204E-11
  0.620E+08  0.447E-11  0.640E+08  0.117E-10  0.660E+08  0.320E-10
  0.680E+08  0.719E-10  0.700E+08  0.108E-09  0.720E+08  0.171E-09
  0.740E+08  0.235E-09  0.760E+08  0.293E-09  0.780E+08  0.374E-09
  0.800E+08  0.400E-09  0.820E+08  0.428E-09  0.840E+08  0.441E-09
  0.860E+08  0.462E-09  0.880E+08  0.398E-09  0.900E+08  0.419E-09
  0.920E+08  0.435E-09  0.940E+08  0.462E-09  0.960E+08  0.444E-09
  0.980E+08  0.451E-09  0.100E+09  0.466E-09
LU183
         220
           0
          39
  0.221E+08  0.000E+00  0.380E+08  0.188E-23  0.390E+08  0.191E-21
  0.400E+08  0.510E-20  0.410E+08  0.171E-18  0.420E+08  0.280E-17
  0.430E+08  0.255E-16  0.440E+08  0.162E-15  0.450E+08  0.795E-15
  0.460E+08  0.324E-14  0.470E+08  0.114E-13  0.480E+08  0.353E-13
  0.490E+08  0.719E-13  0.500E+08  0.252E-12  0.520E+08  0.132E-11
  0.540E+08  0.655E-11  0.560E+08  0.268E-10  0.580E+08  0.891E-10
  0.600E+08  0.248E-09  0.620E+08  0.543E-09  0.640E+08  0.994E-09
  0.660E+08  0.158E-08  0.680E+08  0.214E-08  0.700E+08  0.237E-08
  0.720E+08  0.284E-08  0.740E+08  0.348E-08  0.760E+08  0.446E-08
  0.780E+08  0.686E-08  0.800E+08  0.983E-08  0.820E+08  0.143E-07
  0.840E+08  0.204E-07  0.860E+08  0.277E-07  0.880E+08  0.311E-07
  0.900E+08  0.301E-07  0.920E+08  0.335E-07  0.940E+08  0.357E-07
  0.960E+08  0.341E-07  0.980E+08  0.355E-07  0.100E+09  0.356E-07
LU182
         221
           0
          57
  0.205E+07  0.000E+00  0.200E+08  0.212E-15  0.210E+08  0.593E-14
  0.220E+08  0.106E-12  0.230E+08  0.789E-12  0.240E+08  0.394E-11
  0.250E+08  0.162E-10  0.260E+08  0.502E-10  0.270E+08  0.133E-09
  0.280E+08  0.310E-09  0.290E+08  0.645E-09  0.300E+08  0.124E-08
  0.310E+08  0.196E-08  0.320E+08  0.247E-08  0.330E+08  0.360E-08
  0.340E+08  0.491E-08  0.350E+08  0.616E-08  0.360E+08  0.771E-08
  0.370E+08  0.898E-08  0.380E+08  0.110E-07  0.390E+08  0.120E-07
  0.400E+08  0.127E-07  0.410E+08  0.132E-07  0.420E+08  0.135E-07
  0.430E+08  0.136E-07  0.440E+08  0.165E-07  0.450E+08  0.165E-07
  0.460E+08  0.164E-07  0.470E+08  0.164E-07  0.480E+08  0.163E-07
  0.490E+08  0.231E-07  0.500E+08  0.229E-07  0.520E+08  0.225E-07
  0.540E+08  0.230E-07  0.560E+08  0.237E-07  0.580E+08  0.261E-07
  0.600E+08  0.281E-07  0.620E+08  0.419E-07  0.640E+08  0.706E-07
  0.660E+08  0.127E-06  0.680E+08  0.210E-06  0.700E+08  0.319E-06
  0.720E+08  0.472E-06  0.740E+08  0.615E-06  0.760E+08  0.694E-06
  0.780E+08  0.706E-06  0.800E+08  0.723E-06  0.820E+08  0.720E-06
  0.840E+08  0.708E-06  0.860E+08  0.719E-06  0.880E+08  0.488E-06
  0.900E+08  0.521E-06  0.920E+08  0.525E-06  0.940E+08  0.535E-06
  0.960E+08  0.559E-06  0.980E+08  0.553E-06  0.100E+09  0.563E-06
LU181
         222
           0
          54
  0.511E+07  0.000E+00  0.230E+08  0.893E-17  0.240E+08  0.504E-15
  0.250E+08  0.323E-13  0.260E+08  0.995E-12  0.270E+08  0.863E-11
  0.280E+08  0.462E-10  0.290E+08  0.185E-09  0.300E+08  0.619E-09
  0.310E+08  0.189E-08  0.320E+08  0.389E-08  0.330E+08  0.860E-08
  0.340E+08  0.177E-07  0.350E+08  0.314E-07  0.360E+08  0.588E-07
  0.370E+08  0.105E-06  0.380E+08  0.188E-06  0.390E+08  0.301E-06
  0.400E+08  0.452E-06  0.410E+08  0.643E-06  0.420E+08  0.838E-06
  0.430E+08  0.110E-05  0.440E+08  0.128E-05  0.450E+08  0.143E-05
  0.460E+08  0.154E-05  0.470E+08  0.161E-05  0.480E+08  0.165E-05
  0.490E+08  0.147E-05  0.500E+08  0.147E-05  0.520E+08  0.146E-05
  0.540E+08  0.143E-05  0.560E+08  0.142E-05  0.580E+08  0.142E-05
  0.600E+08  0.129E-05  0.620E+08  0.134E-05  0.640E+08  0.146E-05
  0.660E+08  0.187E-05  0.680E+08  0.222E-05  0.700E+08  0.268E-05
  0.720E+08  0.351E-05  0.740E+08  0.426E-05  0.760E+08  0.487E-05
  0.780E+08  0.522E-05  0.800E+08  0.572E-05  0.820E+08  0.612E-05
  0.840E+08  0.693E-05  0.860E+08  0.731E-05  0.880E+08  0.708E-05
  0.900E+08  0.686E-05  0.920E+08  0.674E-05  0.940E+08  0.662E-05
  0.960E+08  0.659E-05  0.980E+08  0.631E-05  0.100E+09  0.629E-05
LU180
         223
           0
          47
  0.120E+08  0.000E+00  0.300E+08  0.342E-14  0.310E+08  0.104E-12
  0.320E+08  0.150E-11  0.330E+08  0.151E-10  0.340E+08  0.101E-09
  0.350E+08  0.435E-09  0.360E+08  0.175E-08  0.370E+08  0.531E-08
  0.380E+08  0.166E-07  0.390E+08  0.455E-07  0.400E+08  0.111E-06
  0.410E+08  0.245E-06  0.420E+08  0.478E-06  0.430E+08  0.817E-06
  0.440E+08  0.135E-05  0.450E+08  0.207E-05  0.460E+08  0.294E-05
  0.470E+08  0.389E-05  0.480E+08  0.487E-05  0.490E+08  0.553E-05
  0.500E+08  0.637E-05  0.520E+08  0.785E-05  0.540E+08  0.911E-05
  0.560E+08  0.105E-04  0.580E+08  0.117E-04  0.600E+08  0.116E-04
  0.620E+08  0.121E-04  0.640E+08  0.126E-04  0.660E+08  0.132E-04
  0.680E+08  0.133E-04  0.700E+08  0.134E-04  0.720E+08  0.201E-04
  0.740E+08  0.199E-04  0.760E+08  0.196E-04  0.780E+08  0.184E-04
  0.800E+08  0.181E-04  0.820E+08  0.178E-04  0.840E+08  0.175E-04
  0.860E+08  0.180E-04  0.880E+08  0.159E-04  0.900E+08  0.153E-04
  0.920E+08  0.114E-04  0.940E+08  0.113E-04  0.960E+08  0.114E-04
  0.980E+08  0.107E-04  0.100E+09  0.104E-04
LU179
         224
           0
          42
  0.171E+08  0.000E+00  0.350E+08  0.292E-14  0.360E+08  0.125E-12
  0.370E+08  0.387E-11  0.380E+08  0.376E-10  0.390E+08  0.260E-09
  0.400E+08  0.133E-08  0.410E+08  0.542E-08  0.420E+08  0.181E-07
  0.430E+08  0.449E-07  0.440E+08  0.939E-07  0.450E+08  0.216E-06
  0.460E+08  0.451E-06  0.470E+08  0.850E-06  0.480E+08  0.148E-05
  0.490E+08  0.229E-05  0.500E+08  0.356E-05  0.520E+08  0.777E-05
  0.540E+08  0.158E-04  0.560E+08  0.328E-04  0.580E+08  0.634E-04
  0.600E+08  0.108E-03  0.620E+08  0.156E-03  0.640E+08  0.232E-03
  0.660E+08  0.323E-03  0.680E+08  0.401E-03  0.700E+08  0.463E-03
  0.720E+08  0.573E-03  0.740E+08  0.607E-03  0.760E+08  0.612E-03
  0.780E+08  0.571E-03  0.800E+08  0.583E-03  0.820E+08  0.566E-03
  0.840E+08  0.547E-03  0.860E+08  0.547E-03  0.880E+08  0.462E-03
  0.900E+08  0.443E-03  0.920E+08  0.360E-03  0.940E+08  0.349E-03
  0.960E+08  0.341E-03  0.980E+08  0.374E-03  0.100E+09  0.362E-03
LU178
         225
           0
          35
  0.240E+08  0.000E+00  0.420E+08  0.109E-14  0.430E+08  0.465E-13
  0.440E+08  0.138E-11  0.450E+08  0.160E-10  0.460E+08  0.115E-09
  0.470E+08  0.553E-09  0.480E+08  0.191E-08  0.490E+08  0.328E-08
  0.500E+08  0.103E-07  0.520E+08  0.775E-07  0.540E+08  0.469E-06
  0.560E+08  0.262E-05  0.580E+08  0.107E-04  0.600E+08  0.345E-04
  0.620E+08  0.127E-03  0.640E+08  0.310E-03  0.660E+08  0.663E-03
  0.680E+08  0.117E-02  0.700E+08  0.177E-02  0.720E+08  0.242E-02
  0.740E+08  0.311E-02  0.760E+08  0.353E-02  0.780E+08  0.361E-02
  0.800E+08  0.371E-02  0.820E+08  0.372E-02  0.840E+08  0.368E-02
  0.860E+08  0.373E-02  0.880E+08  0.342E-02  0.900E+08  0.311E-02
  0.920E+08  0.276E-02  0.940E+08  0.267E-02  0.960E+08  0.262E-02
  0.980E+08  0.237E-02  0.100E+09  0.229E-02
LU177
         226
           0
          29
  0.301E+08  0.000E+00  0.480E+08  0.185E-17  0.490E+08  0.181E-21
  0.500E+08  0.230E-14  0.520E+08  0.247E-11  0.540E+08  0.195E-09
  0.560E+08  0.574E-08  0.580E+08  0.607E-07  0.600E+08  0.454E-06
  0.620E+08  0.398E-05  0.640E+08  0.194E-04  0.660E+08  0.769E-04
  0.680E+08  0.234E-03  0.700E+08  0.562E-03  0.720E+08  0.984E-03
  0.740E+08  0.188E-02  0.760E+08  0.280E-02  0.780E+08  0.382E-02
  0.800E+08  0.489E-02  0.820E+08  0.606E-02  0.840E+08  0.695E-02
  0.860E+08  0.713E-02  0.880E+08  0.741E-02  0.900E+08  0.737E-02
  0.920E+08  0.725E-02  0.940E+08  0.719E-02  0.960E+08  0.719E-02
  0.980E+08  0.701E-02  0.100E+09  0.701E-02
LU176
         227
           0
          23
  0.372E+08  0.000E+00  0.580E+08  0.294E-14  0.600E+08  0.155E-11
  0.620E+08  0.243E-09  0.640E+08  0.552E-08  0.660E+08  0.758E-07
  0.680E+08  0.708E-06  0.700E+08  0.463E-05  0.720E+08  0.171E-04
  0.740E+08  0.689E-04  0.760E+08  0.201E-03  0.780E+08  0.483E-03
  0.800E+08  0.950E-03  0.820E+08  0.140E-02  0.840E+08  0.217E-02
  0.860E+08  0.359E-02  0.880E+08  0.500E-02  0.900E+08  0.576E-02
  0.920E+08  0.669E-02  0.940E+08  0.724E-02  0.960E+08  0.779E-02
  0.980E+08  0.801E-02  0.100E+09  0.795E-02
LU175
         228
           0
          20
  0.435E+08  0.000E+00  0.640E+08  0.697E-16  0.660E+08  0.110E-12
  0.680E+08  0.146E-10  0.700E+08  0.588E-09  0.720E+08  0.176E-07
  0.740E+08  0.192E-06  0.760E+08  0.141E-05  0.780E+08  0.731E-05
  0.800E+08  0.278E-04  0.820E+08  0.801E-04  0.840E+08  0.196E-03
  0.860E+08  0.572E-03  0.880E+08  0.124E-02  0.900E+08  0.202E-02
  0.920E+08  0.337E-02  0.940E+08  0.473E-02  0.960E+08  0.620E-02
  0.980E+08  0.764E-02  0.100E+09  0.882E-02
YB183
         254
           0
          27
  0.278E+08  0.000E+00  0.500E+08  0.715E-28  0.520E+08  0.444E-25
  0.540E+08  0.432E-23  0.560E+08  0.170E-21  0.580E+08  0.275E-20
  0.600E+08  0.358E-19  0.620E+08  0.322E-18  0.640E+08  0.170E-17
  0.660E+08  0.471E-17  0.680E+08  0.121E-16  0.700E+08  0.224E-16
  0.720E+08  0.378E-16  0.740E+08  0.613E-16  0.760E+08  0.819E-16
  0.780E+08  0.901E-16  0.800E+08  0.113E-15  0.820E+08  0.181E-15
  0.840E+08  0.268E-15  0.860E+08  0.434E-15  0.880E+08  0.641E-15
  0.900E+08  0.979E-15  0.920E+08  0.146E-14  0.940E+08  0.213E-14
  0.960E+08  0.333E-14  0.980E+08  0.448E-14  0.100E+09  0.752E-14
YB182
         255
           0
          26
  0.300E+08  0.000E+00  0.520E+08  0.708E-30  0.540E+08  0.447E-27
  0.560E+08  0.209E-23  0.580E+08  0.238E-21  0.600E+08  0.990E-20
  0.620E+08  0.206E-18  0.640E+08  0.225E-17  0.660E+08  0.190E-16
  0.680E+08  0.988E-16  0.700E+08  0.383E-15  0.720E+08  0.135E-14
  0.740E+08  0.549E-14  0.760E+08  0.146E-13  0.780E+08  0.319E-13
  0.800E+08  0.633E-13  0.820E+08  0.125E-12  0.840E+08  0.210E-12
  0.860E+08  0.335E-12  0.880E+08  0.441E-12  0.900E+08  0.571E-12
  0.920E+08  0.765E-12  0.940E+08  0.894E-12  0.960E+08  0.882E-12
  0.980E+08  0.949E-12  0.100E+09  0.112E-11
YB181
         256
           0
          44
  0.972E+07  0.000E+00  0.330E+08  0.100E-21  0.340E+08  0.367E-20
  0.350E+08  0.315E-19  0.360E+08  0.274E-18  0.370E+08  0.176E-17
  0.380E+08  0.980E-17  0.390E+08  0.429E-16  0.400E+08  0.158E-15
  0.410E+08  0.513E-15  0.420E+08  0.143E-14  0.430E+08  0.361E-14
  0.440E+08  0.966E-14  0.450E+08  0.159E-13  0.460E+08  0.303E-13
  0.470E+08  0.528E-13  0.480E+08  0.856E-13  0.490E+08  0.133E-12
  0.500E+08  0.206E-12  0.520E+08  0.404E-12  0.540E+08  0.646E-12
  0.560E+08  0.127E-11  0.580E+08  0.279E-11  0.600E+08  0.895E-11
  0.620E+08  0.208E-10  0.640E+08  0.360E-10  0.660E+08  0.658E-10
  0.680E+08  0.105E-09  0.700E+08  0.150E-09  0.720E+08  0.198E-09
  0.740E+08  0.198E-09  0.760E+08  0.229E-09  0.780E+08  0.278E-09
  0.800E+08  0.306E-09  0.820E+08  0.329E-09  0.840E+08  0.359E-09
  0.860E+08  0.413E-09  0.880E+08  0.495E-09  0.900E+08  0.598E-09
  0.920E+08  0.636E-09  0.940E+08  0.749E-09  0.960E+08  0.889E-09
  0.980E+08  0.997E-09  0.100E+09  0.107E-08
YB180
         257
           0
          41
  0.122E+08  0.000E+00  0.360E+08  0.504E-23  0.370E+08  0.369E-21
  0.380E+08  0.536E-19  0.390E+08  0.139E-17  0.400E+08  0.153E-16
  0.410E+08  0.109E-15  0.420E+08  0.563E-15  0.430E+08  0.238E-14
  0.440E+08  0.833E-14  0.450E+08  0.220E-13  0.460E+08  0.616E-13
  0.470E+08  0.156E-12  0.480E+08  0.366E-12  0.490E+08  0.568E-12
  0.500E+08  0.138E-11  0.520E+08  0.582E-11  0.540E+08  0.203E-10
  0.560E+08  0.699E-10  0.580E+08  0.210E-09  0.600E+08  0.513E-09
  0.620E+08  0.111E-08  0.640E+08  0.166E-08  0.660E+08  0.289E-08
  0.680E+08  0.412E-08  0.700E+08  0.543E-08  0.720E+08  0.721E-08
  0.740E+08  0.803E-08  0.760E+08  0.994E-08  0.780E+08  0.129E-07
  0.800E+08  0.162E-07  0.820E+08  0.204E-07  0.840E+08  0.294E-07
  0.860E+08  0.355E-07  0.880E+08  0.403E-07  0.900E+08  0.456E-07
  0.920E+08  0.444E-07  0.940E+08  0.473E-07  0.960E+08  0.659E-07
  0.980E+08  0.668E-07  0.100E+09  0.688E-07
YB179
         258
           0
          59
  0.100E-04  0.000E+00  0.180E+08  0.191E-15  0.190E+08  0.214E-14
  0.200E+08  0.132E-13  0.210E+08  0.577E-13  0.220E+08  0.220E-12
  0.230E+08  0.599E-12  0.240E+08  0.180E-11  0.250E+08  0.510E-11
  0.260E+08  0.132E-10  0.270E+08  0.310E-10  0.280E+08  0.668E-10
  0.290E+08  0.131E-09  0.300E+08  0.235E-09  0.310E+08  0.387E-09
  0.320E+08  0.587E-09  0.330E+08  0.832E-09  0.340E+08  0.111E-08
  0.350E+08  0.139E-08  0.360E+08  0.221E-08  0.370E+08  0.206E-08
  0.380E+08  0.240E-08  0.390E+08  0.260E-08  0.400E+08  0.273E-08
  0.410E+08  0.282E-08  0.420E+08  0.282E-08  0.430E+08  0.283E-08
  0.440E+08  0.281E-08  0.450E+08  0.277E-08  0.460E+08  0.272E-08
  0.470E+08  0.266E-08  0.480E+08  0.259E-08  0.490E+08  0.143E-08
  0.500E+08  0.139E-08  0.520E+08  0.129E-08  0.540E+08  0.122E-08
  0.560E+08  0.122E-08  0.580E+08  0.142E-08  0.600E+08  0.222E-08
  0.620E+08  0.480E-08  0.640E+08  0.112E-07  0.660E+08  0.262E-07
  0.680E+08  0.480E-07  0.700E+08  0.759E-07  0.720E+08  0.111E-06
  0.740E+08  0.135E-06  0.760E+08  0.155E-06  0.780E+08  0.163E-06
  0.800E+08  0.167E-06  0.820E+08  0.171E-06  0.840E+08  0.176E-06
  0.860E+08  0.190E-06  0.880E+08  0.195E-06  0.900E+08  0.218E-06
  0.920E+08  0.224E-06  0.940E+08  0.250E-06  0.960E+08  0.318E-06
  0.980E+08  0.344E-06  0.100E+09  0.377E-06
YB178
         259
           0
          46
  0.100E-04  0.000E+00  0.310E+08  0.597E-09  0.320E+08  0.140E-08
  0.330E+08  0.305E-08  0.340E+08  0.630E-08  0.350E+08  0.125E-07
  0.360E+08  0.261E-07  0.370E+08  0.414E-07  0.380E+08  0.724E-07
  0.390E+08  0.125E-06  0.400E+08  0.199E-06  0.410E+08  0.298E-06
  0.420E+08  0.394E-06  0.430E+08  0.504E-06  0.440E+08  0.593E-06
  0.450E+08  0.646E-06  0.460E+08  0.662E-06  0.470E+08  0.645E-06
  0.480E+08  0.608E-06  0.490E+08  0.593E-06  0.500E+08  0.543E-06
  0.520E+08  0.450E-06  0.540E+08  0.386E-06  0.560E+08  0.208E-06
  0.580E+08  0.184E-06  0.600E+08  0.166E-06  0.620E+08  0.153E-06
  0.640E+08  0.168E-06  0.660E+08  0.155E-06  0.680E+08  0.185E-06
  0.700E+08  0.257E-06  0.720E+08  0.388E-06  0.740E+08  0.603E-06
  0.760E+08  0.849E-06  0.780E+08  0.111E-05  0.800E+08  0.135E-05
  0.820E+08  0.165E-05  0.840E+08  0.189E-05  0.860E+08  0.205E-05
  0.880E+08  0.216E-05  0.900E+08  0.219E-05  0.920E+08  0.210E-05
  0.940E+08  0.206E-05  0.960E+08  0.216E-05  0.980E+08  0.206E-05
  0.100E+09  0.219E-05
YB177
         260
           0
          46
  0.447E+07  0.000E+00  0.310E+08  0.196E-12  0.320E+08  0.198E-11
  0.330E+08  0.127E-10  0.340E+08  0.639E-10  0.350E+08  0.225E-09
  0.360E+08  0.815E-09  0.370E+08  0.344E-08  0.380E+08  0.104E-07
  0.390E+08  0.296E-07  0.400E+08  0.746E-07  0.410E+08  0.170E-06
  0.420E+08  0.327E-06  0.430E+08  0.601E-06  0.440E+08  0.993E-06
  0.450E+08  0.148E-05  0.460E+08  0.203E-05  0.470E+08  0.255E-05
  0.480E+08  0.300E-05  0.490E+08  0.283E-05  0.500E+08  0.296E-05
  0.520E+08  0.283E-05  0.540E+08  0.263E-05  0.560E+08  0.219E-05
  0.580E+08  0.202E-05  0.600E+08  0.187E-05  0.620E+08  0.214E-05
  0.640E+08  0.203E-05  0.660E+08  0.168E-05  0.680E+08  0.149E-05
  0.700E+08  0.140E-05  0.720E+08  0.125E-05  0.740E+08  0.118E-05
  0.760E+08  0.121E-05  0.780E+08  0.137E-05  0.800E+08  0.165E-05
  0.820E+08  0.205E-05  0.840E+08  0.271E-05  0.860E+08  0.344E-05
  0.880E+08  0.438E-05  0.900E+08  0.510E-05  0.920E+08  0.572E-05
  0.940E+08  0.627E-05  0.960E+08  0.716E-05  0.980E+08  0.719E-05
  0.100E+09  0.732E-05
YB176
         261
           0
          41
  0.101E+08  0.000E+00  0.360E+08  0.157E-13  0.370E+08  0.123E-11
  0.380E+08  0.140E-10  0.390E+08  0.104E-09  0.400E+08  0.561E-09
  0.410E+08  0.188E-08  0.420E+08  0.654E-08  0.430E+08  0.204E-07
  0.440E+08  0.545E-07  0.450E+08  0.127E-06  0.460E+08  0.261E-06
  0.470E+08  0.479E-06  0.480E+08  0.807E-06  0.490E+08  0.142E-05
  0.500E+08  0.197E-05  0.520E+08  0.335E-05  0.540E+08  0.544E-05
  0.560E+08  0.909E-05  0.580E+08  0.137E-04  0.600E+08  0.193E-04
  0.620E+08  0.266E-04  0.640E+08  0.325E-04  0.660E+08  0.353E-04
  0.680E+08  0.380E-04  0.700E+08  0.390E-04  0.720E+08  0.386E-04
  0.740E+08  0.382E-04  0.760E+08  0.393E-04  0.780E+08  0.381E-04
  0.800E+08  0.365E-04  0.820E+08  0.345E-04  0.840E+08  0.360E-04
  0.860E+08  0.337E-04  0.880E+08  0.322E-04  0.900E+08  0.313E-04
  0.920E+08  0.318E-04  0.940E+08  0.351E-04  0.960E+08  0.278E-04
  0.980E+08  0.297E-04  0.100E+09  0.325E-04
YB175
         262
           0
          35
  0.170E+08  0.000E+00  0.420E+08  0.127E-21  0.430E+08  0.179E-14
  0.440E+08  0.138E-12  0.450E+08  0.221E-11  0.460E+08  0.171E-10
  0.470E+08  0.755E-10  0.480E+08  0.306E-09  0.490E+08  0.110E-08
  0.500E+08  0.337E-08  0.520E+08  0.235E-07  0.540E+08  0.137E-06
  0.560E+08  0.755E-06  0.580E+08  0.256E-05  0.600E+08  0.678E-05
  0.620E+08  0.135E-04  0.640E+08  0.253E-04  0.660E+08  0.413E-04
  0.680E+08  0.629E-04  0.700E+08  0.859E-04  0.720E+08  0.125E-03
  0.740E+08  0.180E-03  0.760E+08  0.219E-03  0.780E+08  0.255E-03
  0.800E+08  0.281E-03  0.820E+08  0.293E-03  0.840E+08  0.317E-03
  0.860E+08  0.306E-03  0.880E+08  0.287E-03  0.900E+08  0.273E-03
  0.920E+08  0.247E-03  0.940E+08  0.218E-03  0.960E+08  0.173E-03
  0.980E+08  0.156E-03  0.100E+09  0.143E-03
YB174
         263
           0
          28
  0.228E+08  0.000E+00  0.480E+08  0.386E-19  0.500E+08  0.120E-13
  0.520E+08  0.318E-11  0.540E+08  0.136E-09  0.560E+08  0.360E-08
  0.580E+08  0.329E-07  0.600E+08  0.197E-06  0.620E+08  0.707E-06
  0.640E+08  0.255E-05  0.660E+08  0.786E-05  0.680E+08  0.214E-04
  0.700E+08  0.494E-04  0.720E+08  0.975E-04  0.740E+08  0.179E-03
  0.760E+08  0.329E-03  0.780E+08  0.546E-03  0.800E+08  0.799E-03
  0.820E+08  0.106E-02  0.840E+08  0.127E-02  0.860E+08  0.145E-02
  0.880E+08  0.156E-02  0.900E+08  0.159E-02  0.920E+08  0.158E-02
  0.940E+08  0.152E-02  0.960E+08  0.140E-02  0.980E+08  0.130E-02
  0.100E+09  0.118E-02
TM182
         275
           0
          19
  0.382E+08  0.000E+00  0.660E+08  0.662E-33  0.680E+08  0.377E-30
  0.700E+08  0.406E-28  0.720E+08  0.157E-26  0.740E+08  0.927E-25
  0.760E+08  0.143E-23  0.780E+08  0.140E-22  0.800E+08  0.972E-22
  0.820E+08  0.632E-21  0.840E+08  0.258E-20  0.860E+08  0.864E-20
  0.880E+08  0.217E-19  0.900E+08  0.377E-19  0.920E+08  0.701E-19
  0.940E+08  0.115E-18  0.960E+08  0.190E-18  0.980E+08  0.232E-18
  0.100E+09  0.308E-18
TM181
         276
           0
          18
  0.401E+08  0.000E+00  0.680E+08  0.184E-34  0.700E+08  0.465E-31
  0.720E+08  0.298E-28  0.740E+08  0.101E-25  0.760E+08  0.387E-24
  0.780E+08  0.795E-23  0.800E+08  0.104E-21  0.820E+08  0.114E-20
  0.840E+08  0.805E-20  0.860E+08  0.469E-19  0.880E+08  0.194E-18
  0.900E+08  0.678E-18  0.920E+08  0.218E-17  0.940E+08  0.601E-17
  0.960E+08  0.179E-16  0.980E+08  0.244E-16  0.100E+09  0.408E-16
TM180
         277
           0
          29
  0.196E+08  0.000E+00  0.480E+08  0.374E-29  0.490E+08  0.655E-28
  0.500E+08  0.908E-26  0.520E+08  0.181E-23  0.540E+08  0.113E-21
  0.560E+08  0.349E-20  0.580E+08  0.649E-19  0.600E+08  0.871E-18
  0.620E+08  0.790E-17  0.640E+08  0.634E-16  0.660E+08  0.293E-15
  0.680E+08  0.978E-15  0.700E+08  0.251E-14  0.720E+08  0.448E-14
  0.740E+08  0.789E-14  0.760E+08  0.113E-13  0.780E+08  0.142E-13
  0.800E+08  0.186E-13  0.820E+08  0.213E-13  0.840E+08  0.236E-13
  0.860E+08  0.273E-13  0.880E+08  0.336E-13  0.900E+08  0.362E-13
  0.920E+08  0.443E-13  0.940E+08  0.599E-13  0.960E+08  0.854E-13
  0.980E+08  0.679E-13  0.100E+09  0.967E-13
TM179
         278
           0
          26
  0.218E+08  0.000E+00  0.520E+08  0.147E-27  0.540E+08  0.792E-25
  0.560E+08  0.490E-22  0.580E+08  0.464E-20  0.600E+08  0.178E-18
  0.620E+08  0.351E-17  0.640E+08  0.621E-16  0.660E+08  0.500E-15
  0.680E+08  0.278E-14  0.700E+08  0.114E-13  0.720E+08  0.348E-13
  0.740E+08  0.110E-12  0.760E+08  0.246E-12  0.780E+08  0.486E-12
  0.800E+08  0.916E-12  0.820E+08  0.153E-11  0.840E+08  0.236E-11
  0.860E+08  0.361E-11  0.880E+08  0.648E-11  0.900E+08  0.752E-11
  0.920E+08  0.873E-11  0.940E+08  0.102E-10  0.960E+08  0.116E-10
  0.980E+08  0.101E-10  0.100E+09  0.112E-10
TM178
         279
           0
          45
  0.161E+07  0.000E+00  0.320E+08  0.771E-22  0.330E+08  0.392E-20
  0.340E+08  0.549E-19  0.350E+08  0.351E-18  0.360E+08  0.226E-17
  0.370E+08  0.119E-16  0.380E+08  0.451E-16  0.390E+08  0.183E-15
  0.400E+08  0.645E-15  0.410E+08  0.203E-14  0.420E+08  0.547E-14
  0.430E+08  0.137E-13  0.440E+08  0.337E-13  0.450E+08  0.676E-13
  0.460E+08  0.123E-12  0.470E+08  0.206E-12  0.480E+08  0.320E-12
  0.490E+08  0.460E-12  0.500E+08  0.644E-12  0.520E+08  0.111E-11
  0.540E+08  0.197E-11  0.560E+08  0.308E-11  0.580E+08  0.463E-11
  0.600E+08  0.103E-10  0.620E+08  0.144E-10  0.640E+08  0.195E-10
  0.660E+08  0.226E-10  0.680E+08  0.303E-10  0.700E+08  0.407E-10
  0.720E+08  0.588E-10  0.740E+08  0.813E-10  0.760E+08  0.562E-10
  0.780E+08  0.688E-10  0.800E+08  0.954E-10  0.820E+08  0.119E-09
  0.840E+08  0.146E-09  0.860E+08  0.179E-09  0.880E+08  0.246E-09
  0.900E+08  0.321E-09  0.920E+08  0.399E-09  0.940E+08  0.489E-09
  0.960E+08  0.585E-09  0.980E+08  0.658E-09  0.100E+09  0.722E-09
TM177
         280
           0
          42
  0.446E+07  0.000E+00  0.350E+08  0.313E-23  0.360E+08  0.161E-21
  0.370E+08  0.244E-19  0.380E+08  0.731E-18  0.390E+08  0.943E-17
  0.400E+08  0.737E-16  0.410E+08  0.426E-15  0.420E+08  0.187E-14
  0.430E+08  0.709E-14  0.440E+08  0.250E-13  0.450E+08  0.706E-13
  0.460E+08  0.177E-12  0.470E+08  0.405E-12  0.480E+08  0.852E-12
  0.490E+08  0.117E-11  0.500E+08  0.220E-11  0.520E+08  0.715E-11
  0.540E+08  0.247E-10  0.560E+08  0.803E-10  0.580E+08  0.249E-09
  0.600E+08  0.641E-09  0.620E+08  0.156E-08  0.640E+08  0.322E-08
  0.660E+08  0.517E-08  0.680E+08  0.101E-07  0.700E+08  0.136E-07
  0.720E+08  0.179E-07  0.740E+08  0.207E-07  0.760E+08  0.171E-07
  0.780E+08  0.166E-07  0.800E+08  0.165E-07  0.820E+08  0.164E-07
  0.840E+08  0.165E-07  0.860E+08  0.154E-07  0.880E+08  0.150E-07
  0.900E+08  0.160E-07  0.920E+08  0.163E-07  0.940E+08  0.168E-07
  0.960E+08  0.177E-07  0.980E+08  0.217E-07  0.100E+09  0.231E-07
TM176
         281
           0
          36
  0.112E+08  0.000E+00  0.410E+08  0.283E-21  0.420E+08  0.422E-19
  0.430E+08  0.575E-18  0.440E+08  0.638E-17  0.450E+08  0.505E-16
  0.460E+08  0.298E-15  0.470E+08  0.140E-14  0.480E+08  0.556E-14
  0.490E+08  0.882E-14  0.500E+08  0.499E-13  0.520E+08  0.412E-12
  0.540E+08  0.329E-11  0.560E+08  0.244E-10  0.580E+08  0.147E-09
  0.600E+08  0.686E-09  0.620E+08  0.286E-08  0.640E+08  0.951E-08
  0.660E+08  0.238E-07  0.680E+08  0.478E-07  0.700E+08  0.838E-07
  0.720E+08  0.133E-06  0.740E+08  0.218E-06  0.760E+08  0.235E-06
  0.780E+08  0.248E-06  0.800E+08  0.256E-06  0.820E+08  0.261E-06
  0.840E+08  0.264E-06  0.860E+08  0.248E-06  0.880E+08  0.231E-06
  0.900E+08  0.234E-06  0.920E+08  0.225E-06  0.940E+08  0.215E-06
  0.960E+08  0.206E-06  0.980E+08  0.221E-06  0.100E+09  0.213E-06
TM175
         282
           0
          31
  0.164E+08  0.000E+00  0.460E+08  0.783E-24  0.470E+08  0.774E-20
  0.480E+08  0.294E-18  0.490E+08  0.561E-18  0.500E+08  0.191E-16
  0.520E+08  0.739E-15  0.540E+08  0.165E-13  0.560E+08  0.359E-12
  0.580E+08  0.696E-11  0.600E+08  0.599E-10  0.620E+08  0.448E-09
  0.640E+08  0.256E-08  0.660E+08  0.110E-07  0.680E+08  0.363E-07
  0.700E+08  0.957E-07  0.720E+08  0.208E-06  0.740E+08  0.395E-06
  0.760E+08  0.660E-06  0.780E+08  0.932E-06  0.800E+08  0.120E-05
  0.820E+08  0.147E-05  0.840E+08  0.173E-05  0.860E+08  0.187E-05
  0.880E+08  0.203E-05  0.900E+08  0.213E-05  0.920E+08  0.213E-05
  0.940E+08  0.209E-05  0.960E+08  0.205E-05  0.980E+08  0.203E-05
  0.100E+09  0.197E-05
TM174
         283
           0
          24
  0.229E+08  0.000E+00  0.560E+08  0.257E-18  0.580E+08  0.176E-15
  0.600E+08  0.793E-14  0.620E+08  0.204E-12  0.640E+08  0.677E-11
  0.660E+08  0.745E-10  0.680E+08  0.564E-09  0.700E+08  0.316E-08
  0.720E+08  0.119E-07  0.740E+08  0.478E-07  0.760E+08  0.146E-06
  0.780E+08  0.351E-06  0.800E+08  0.677E-06  0.820E+08  0.118E-05
  0.840E+08  0.184E-05  0.860E+08  0.263E-05  0.880E+08  0.354E-05
  0.900E+08  0.430E-05  0.920E+08  0.518E-05  0.940E+08  0.586E-05
  0.960E+08  0.653E-05  0.980E+08  0.599E-05  0.100E+09  0.619E-05
TM173
         284
           0
          22
  0.286E+08  0.000E+00  0.600E+08  0.179E-21  0.620E+08  0.101E-17
  0.640E+08  0.617E-15  0.660E+08  0.328E-13  0.680E+08  0.824E-12
  0.700E+08  0.128E-10  0.720E+08  0.881E-10  0.740E+08  0.710E-09
  0.760E+08  0.409E-08  0.780E+08  0.125E-07  0.800E+08  0.422E-07
  0.820E+08  0.118E-06  0.840E+08  0.288E-06  0.860E+08  0.657E-06
  0.880E+08  0.133E-05  0.900E+08  0.239E-05  0.920E+08  0.428E-05
  0.940E+08  0.665E-05  0.960E+08  0.969E-05  0.980E+08  0.129E-04
  0.100E+09  0.164E-04
ER181
         467
           0
          12
  0.475E+08  0.000E+00  0.800E+08  0.417E-41  0.820E+08  0.797E-38
  0.840E+08  0.203E-35  0.860E+08  0.194E-33  0.880E+08  0.965E-32
  0.900E+08  0.239E-30  0.920E+08  0.429E-29  0.940E+08  0.534E-28
  0.960E+08  0.804E-27  0.980E+08  0.319E-26  0.100E+09  0.265E-25
ER180
         468
           0
          11
  0.492E+08  0.000E+00  0.820E+08  0.673E-42  0.840E+08  0.116E-37
  0.860E+08  0.104E-34  0.880E+08  0.177E-32  0.900E+08  0.109E-30
  0.920E+08  0.384E-29  0.940E+08  0.867E-28  0.960E+08  0.254E-26
  0.980E+08  0.157E-25  0.100E+09  0.168E-24
ER179
         469
           0
          20
  0.284E+08  0.000E+00  0.640E+08  0.951E-33  0.660E+08  0.263E-30
  0.680E+08  0.285E-28  0.700E+08  0.142E-26  0.720E+08  0.362E-25
  0.740E+08  0.118E-23  0.760E+08  0.134E-22  0.780E+08  0.114E-21
  0.800E+08  0.740E-21  0.820E+08  0.393E-20  0.840E+08  0.157E-19
  0.860E+08  0.419E-19  0.880E+08  0.125E-18  0.900E+08  0.256E-18
  0.920E+08  0.468E-18  0.940E+08  0.779E-18  0.960E+08  0.124E-17
  0.980E+08  0.159E-17  0.100E+09  0.210E-17
ER178
         470
           0
          20
  0.304E+08  0.000E+00  0.640E+08  0.251E-37  0.660E+08  0.327E-33
  0.680E+08  0.250E-30  0.700E+08  0.810E-28  0.720E+08  0.703E-26
  0.740E+08  0.683E-24  0.760E+08  0.153E-22  0.780E+08  0.237E-21
  0.800E+08  0.265E-20  0.820E+08  0.227E-19  0.840E+08  0.145E-18
  0.860E+08  0.700E-18  0.880E+08  0.321E-17  0.900E+08  0.101E-16
  0.920E+08  0.278E-16  0.940E+08  0.775E-16  0.960E+08  0.175E-15
  0.980E+08  0.333E-15  0.100E+09  0.580E-15
ER177
         471
           0
          32
  0.986E+07  0.000E+00  0.450E+08  0.805E-32  0.460E+08  0.330E-28
  0.470E+08  0.147E-26  0.480E+08  0.240E-25  0.490E+08  0.202E-25
  0.500E+08  0.359E-24  0.520E+08  0.205E-22  0.540E+08  0.589E-21
  0.560E+08  0.111E-19  0.580E+08  0.145E-18  0.600E+08  0.150E-17
  0.620E+08  0.105E-16  0.640E+08  0.612E-16  0.660E+08  0.184E-15
  0.680E+08  0.537E-15  0.700E+08  0.124E-14  0.720E+08  0.250E-14
  0.740E+08  0.705E-14  0.760E+08  0.990E-14  0.780E+08  0.120E-13
  0.800E+08  0.157E-13  0.820E+08  0.176E-13  0.840E+08  0.332E-13
  0.860E+08  0.296E-13  0.880E+08  0.351E-13  0.900E+08  0.439E-13
  0.920E+08  0.584E-13  0.940E+08  0.809E-13  0.960E+08  0.118E-12
  0.980E+08  0.172E-12  0.100E+09  0.249E-12
ER176
         472
           0
          29
  0.122E+08  0.000E+00  0.480E+08  0.184E-30  0.490E+08  0.355E-30
  0.500E+08  0.111E-27  0.520E+08  0.221E-24  0.540E+08  0.529E-22
  0.560E+08  0.329E-20  0.580E+08  0.983E-19  0.600E+08  0.195E-17
  0.620E+08  0.244E-16  0.640E+08  0.273E-15  0.660E+08  0.146E-14
  0.680E+08  0.691E-14  0.700E+08  0.255E-13  0.720E+08  0.801E-13
  0.740E+08  0.222E-12  0.760E+08  0.495E-12  0.780E+08  0.875E-12
  0.800E+08  0.153E-11  0.820E+08  0.226E-11  0.840E+08  0.365E-11
  0.860E+08  0.429E-11  0.880E+08  0.576E-11  0.900E+08  0.703E-11
  0.920E+08  0.763E-11  0.940E+08  0.917E-11  0.960E+08  0.104E-10
  0.980E+08  0.118E-10  0.100E+09  0.131E-10
ER175
         473
           0
          46
  0.100E-04  0.000E+00  0.310E+08  0.944E-22  0.320E+08  0.124E-20
  0.330E+08  0.105E-19  0.340E+08  0.699E-19  0.350E+08  0.398E-18
  0.360E+08  0.173E-17  0.370E+08  0.706E-17  0.380E+08  0.330E-16
  0.390E+08  0.123E-15  0.400E+08  0.402E-15  0.410E+08  0.117E-14
  0.420E+08  0.287E-14  0.430E+08  0.666E-14  0.440E+08  0.138E-13
  0.450E+08  0.287E-13  0.460E+08  0.392E-13  0.470E+08  0.612E-13
  0.480E+08  0.881E-13  0.490E+08  0.143E-12  0.500E+08  0.176E-12
  0.520E+08  0.224E-12  0.540E+08  0.405E-12  0.560E+08  0.373E-12
  0.580E+08  0.418E-12  0.600E+08  0.468E-12  0.620E+08  0.532E-12
  0.640E+08  0.633E-12  0.660E+08  0.747E-12  0.680E+08  0.968E-12
  0.700E+08  0.148E-11  0.720E+08  0.262E-11  0.740E+08  0.510E-11
  0.760E+08  0.985E-11  0.780E+08  0.180E-10  0.800E+08  0.310E-10
  0.820E+08  0.333E-10  0.840E+08  0.492E-10  0.860E+08  0.751E-10
  0.880E+08  0.110E-09  0.900E+08  0.149E-09  0.920E+08  0.192E-09
  0.940E+08  0.225E-09  0.960E+08  0.266E-09  0.980E+08  0.298E-09
  0.100E+09  0.323E-09
ER174
         474
           0
          42
  0.100E-04  0.000E+00  0.350E+08  0.176E-20  0.360E+08  0.373E-19
  0.370E+08  0.471E-18  0.380E+08  0.456E-17  0.390E+08  0.300E-16
  0.400E+08  0.155E-15  0.410E+08  0.671E-15  0.420E+08  0.235E-14
  0.430E+08  0.754E-14  0.440E+08  0.212E-13  0.450E+08  0.493E-13
  0.460E+08  0.947E-13  0.470E+08  0.194E-12  0.480E+08  0.366E-12
  0.490E+08  0.802E-12  0.500E+08  0.130E-11  0.520E+08  0.287E-11
  0.540E+08  0.555E-11  0.560E+08  0.954E-11  0.580E+08  0.187E-10
  0.600E+08  0.360E-10  0.620E+08  0.677E-10  0.640E+08  0.125E-09
  0.660E+08  0.195E-09  0.680E+08  0.280E-09  0.700E+08  0.378E-09
  0.720E+08  0.486E-09  0.740E+08  0.532E-09  0.760E+08  0.642E-09
  0.780E+08  0.755E-09  0.800E+08  0.868E-09  0.820E+08  0.821E-09
  0.840E+08  0.109E-08  0.860E+08  0.128E-08  0.880E+08  0.144E-08
  0.900E+08  0.166E-08  0.920E+08  0.216E-08  0.940E+08  0.253E-08
  0.960E+08  0.321E-08  0.980E+08  0.400E-08  0.100E+09  0.507E-08
ER173
         475
           0
          35
  0.412E+07  0.000E+00  0.420E+08  0.831E-20  0.430E+08  0.453E-18
  0.440E+08  0.111E-16  0.450E+08  0.567E-16  0.460E+08  0.264E-15
  0.470E+08  0.106E-14  0.480E+08  0.355E-14  0.490E+08  0.116E-13
  0.500E+08  0.310E-13  0.520E+08  0.167E-12  0.540E+08  0.729E-12
  0.560E+08  0.300E-11  0.580E+08  0.112E-10  0.600E+08  0.379E-10
  0.620E+08  0.119E-09  0.640E+08  0.340E-09  0.660E+08  0.825E-09
  0.680E+08  0.179E-08  0.700E+08  0.343E-08  0.720E+08  0.589E-08
  0.740E+08  0.826E-08  0.760E+08  0.115E-07  0.780E+08  0.145E-07
  0.800E+08  0.169E-07  0.820E+08  0.207E-07  0.840E+08  0.227E-07
  0.860E+08  0.238E-07  0.880E+08  0.226E-07  0.900E+08  0.209E-07
  0.920E+08  0.245E-07  0.940E+08  0.206E-07  0.960E+08  0.187E-07
  0.980E+08  0.174E-07  0.100E+09  0.171E-07
ER172
         476
           0
          30
  0.949E+07  0.000E+00  0.470E+08  0.168E-20  0.480E+08  0.110E-18
  0.490E+08  0.112E-17  0.500E+08  0.120E-16  0.520E+08  0.378E-15
  0.540E+08  0.575E-14  0.560E+08  0.897E-13  0.580E+08  0.721E-12
  0.600E+08  0.446E-11  0.620E+08  0.237E-10  0.640E+08  0.117E-09
  0.660E+08  0.483E-09  0.680E+08  0.179E-08  0.700E+08  0.576E-08
  0.720E+08  0.166E-07  0.740E+08  0.377E-07  0.760E+08  0.806E-07
  0.780E+08  0.149E-06  0.800E+08  0.240E-06  0.820E+08  0.353E-06
  0.840E+08  0.438E-06  0.860E+08  0.543E-06  0.880E+08  0.620E-06
  0.900E+08  0.645E-06  0.920E+08  0.681E-06  0.940E+08  0.632E-06
  0.960E+08  0.600E-06  0.980E+08  0.558E-06  0.100E+09  0.522E-06
HO180
         573
           0
           3
  0.590E+08  0.000E+00  0.980E+08  0.280E-44  0.100E+09  0.153E-41
HO179
         574
           0
           2
  0.604E+08  0.000E+00  0.100E+09  0.154E-43
HO178
         575
           0
          13
  0.393E+08  0.000E+00  0.780E+08  0.369E-41  0.800E+08  0.722E-38
  0.820E+08  0.322E-35  0.840E+08  0.351E-33  0.860E+08  0.171E-31
  0.880E+08  0.593E-30  0.900E+08  0.112E-28  0.920E+08  0.158E-27
  0.940E+08  0.171E-26  0.960E+08  0.228E-25  0.980E+08  0.101E-24
  0.100E+09  0.581E-24
HO177
         576
           0
          12
  0.411E+08  0.000E+00  0.800E+08  0.143E-41  0.820E+08  0.459E-38
  0.840E+08  0.460E-35  0.860E+08  0.118E-32  0.880E+08  0.998E-31
  0.900E+08  0.422E-29  0.920E+08  0.112E-27  0.940E+08  0.202E-26
  0.960E+08  0.479E-25  0.980E+08  0.365E-24  0.100E+09  0.327E-23
HO176
         577
           0
          21
  0.203E+08  0.000E+00  0.620E+08  0.216E-35  0.640E+08  0.375E-31
  0.660E+08  0.805E-29  0.680E+08  0.503E-27  0.700E+08  0.167E-25
  0.720E+08  0.329E-24  0.740E+08  0.863E-23  0.760E+08  0.952E-22
  0.780E+08  0.776E-21  0.800E+08  0.516E-20  0.820E+08  0.216E-19
  0.840E+08  0.812E-19  0.860E+08  0.281E-18  0.880E+08  0.900E-18
  0.900E+08  0.207E-17  0.920E+08  0.435E-17  0.940E+08  0.781E-17
  0.960E+08  0.129E-16  0.980E+08  0.183E-16  0.100E+09  0.440E-16
HO175
         578
           0
          20
  0.224E+08  0.000E+00  0.640E+08  0.635E-35  0.660E+08  0.174E-31
  0.680E+08  0.715E-29  0.700E+08  0.100E-26  0.720E+08  0.531E-25
  0.740E+08  0.373E-23  0.760E+08  0.771E-22  0.780E+08  0.110E-20
  0.800E+08  0.119E-19  0.820E+08  0.831E-19  0.840E+08  0.447E-18
  0.860E+08  0.238E-17  0.880E+08  0.115E-16  0.900E+08  0.399E-16
  0.920E+08  0.124E-15  0.940E+08  0.331E-15  0.960E+08  0.790E-15
  0.980E+08  0.160E-14  0.100E+09  0.327E-14
HO174
         579
           0
          32
  0.197E+07  0.000E+00  0.450E+08  0.122E-28  0.460E+08  0.938E-27
  0.470E+08  0.127E-25  0.480E+08  0.124E-24  0.490E+08  0.170E-24
  0.500E+08  0.118E-23  0.520E+08  0.339E-22  0.540E+08  0.785E-21
  0.560E+08  0.114E-19  0.580E+08  0.162E-18  0.600E+08  0.185E-17
  0.620E+08  0.151E-16  0.640E+08  0.920E-16  0.660E+08  0.397E-15
  0.680E+08  0.138E-14  0.700E+08  0.380E-14  0.720E+08  0.906E-14
  0.740E+08  0.188E-13  0.760E+08  0.254E-13  0.780E+08  0.345E-13
  0.800E+08  0.480E-13  0.820E+08  0.559E-13  0.840E+08  0.620E-13
  0.860E+08  0.657E-13  0.880E+08  0.712E-13  0.900E+08  0.766E-13
  0.920E+08  0.827E-13  0.940E+08  0.784E-13  0.960E+08  0.983E-13
  0.980E+08  0.139E-12  0.100E+09  0.199E-12
HO173
         580
           0
          30
  0.462E+07  0.000E+00  0.470E+08  0.145E-31  0.480E+08  0.313E-29
  0.490E+08  0.113E-29  0.500E+08  0.292E-27  0.520E+08  0.167E-24
  0.540E+08  0.320E-22  0.560E+08  0.976E-21  0.580E+08  0.344E-19
  0.600E+08  0.763E-18  0.620E+08  0.108E-16  0.640E+08  0.105E-15
  0.660E+08  0.705E-15  0.680E+08  0.375E-14  0.700E+08  0.159E-13
  0.720E+08  0.575E-13  0.740E+08  0.196E-12  0.760E+08  0.499E-12
  0.780E+08  0.105E-11  0.800E+08  0.213E-11  0.820E+08  0.369E-11
  0.840E+08  0.522E-11  0.860E+08  0.710E-11  0.880E+08  0.967E-11
  0.900E+08  0.119E-10  0.920E+08  0.138E-10  0.940E+08  0.134E-10
  0.960E+08  0.145E-10  0.980E+08  0.159E-10  0.100E+09  0.167E-10
HO172
         581
           0
          24
  0.111E+08  0.000E+00  0.560E+08  0.166E-24  0.580E+08  0.235E-22
  0.600E+08  0.126E-20  0.620E+08  0.475E-19  0.640E+08  0.113E-17
  0.660E+08  0.176E-16  0.680E+08  0.133E-15  0.700E+08  0.837E-15
  0.720E+08  0.489E-14  0.740E+08  0.308E-13  0.760E+08  0.149E-12
  0.780E+08  0.511E-12  0.800E+08  0.151E-11  0.820E+08  0.393E-11
  0.840E+08  0.767E-11  0.860E+08  0.143E-10  0.880E+08  0.279E-10
  0.900E+08  0.447E-10  0.920E+08  0.672E-10  0.940E+08  0.860E-10
  0.960E+08  0.113E-09  0.980E+08  0.144E-09  0.100E+09  0.171E-09
HO171
         582
           0
          22
  0.163E+08  0.000E+00  0.600E+08  0.479E-25  0.620E+08  0.245E-22
  0.640E+08  0.248E-20  0.660E+08  0.115E-18  0.680E+08  0.181E-17
  0.700E+08  0.297E-16  0.720E+08  0.227E-15  0.740E+08  0.218E-14
  0.760E+08  0.156E-13  0.780E+08  0.818E-13  0.800E+08  0.340E-12
  0.820E+08  0.126E-11  0.840E+08  0.371E-11  0.860E+08  0.104E-10
  0.880E+08  0.323E-10  0.900E+08  0.794E-10  0.920E+08  0.182E-09
  0.940E+08  0.361E-09  0.960E+08  0.688E-09  0.980E+08  0.117E-08
  0.100E+09  0.170E-08
DY177
         873
           0
           4
  0.493E+08  0.000E+00  0.960E+08  0.532E-43  0.980E+08  0.913E-41
  0.100E+09  0.106E-38
DY176
         874
           0
           3
  0.507E+08  0.000E+00  0.980E+08  0.238E-43  0.100E+09  0.256E-40
DY175
         875
           0
          14
  0.297E+08  0.000E+00  0.760E+08  0.715E-41  0.780E+08  0.146E-37
  0.800E+08  0.353E-35  0.820E+08  0.295E-33  0.840E+08  0.901E-32
  0.860E+08  0.224E-30  0.880E+08  0.492E-29  0.900E+08  0.625E-28
  0.920E+08  0.642E-27  0.940E+08  0.525E-26  0.960E+08  0.351E-25
  0.980E+08  0.185E-24  0.100E+09  0.840E-24
DY174
         876
           0
          13
  0.315E+08  0.000E+00  0.780E+08  0.441E-42  0.800E+08  0.128E-38
  0.820E+08  0.169E-35  0.840E+08  0.265E-33  0.860E+08  0.394E-31
  0.880E+08  0.189E-29  0.900E+08  0.460E-28  0.920E+08  0.837E-27
  0.940E+08  0.116E-25  0.960E+08  0.150E-24  0.980E+08  0.127E-23
  0.100E+09  0.861E-23
DY173
         877
           0
          21
  0.108E+08  0.000E+00  0.620E+08  0.205E-32  0.640E+08  0.147E-29
  0.660E+08  0.792E-28  0.680E+08  0.229E-26  0.700E+08  0.408E-25
  0.720E+08  0.538E-24  0.740E+08  0.886E-23  0.760E+08  0.625E-22
  0.780E+08  0.389E-21  0.800E+08  0.215E-20  0.820E+08  0.964E-20
  0.840E+08  0.305E-19  0.860E+08  0.970E-19  0.880E+08  0.297E-18
  0.900E+08  0.711E-18  0.920E+08  0.156E-17  0.940E+08  0.394E-17
  0.960E+08  0.677E-17  0.980E+08  0.104E-16  0.100E+09  0.152E-16
DY172
         878
           0
          21
  0.129E+08  0.000E+00  0.620E+08  0.482E-36  0.640E+08  0.888E-33
  0.660E+08  0.924E-30  0.680E+08  0.139E-27  0.700E+08  0.735E-26
  0.720E+08  0.209E-24  0.740E+08  0.792E-23  0.760E+08  0.106E-21
  0.780E+08  0.115E-20  0.800E+08  0.104E-19  0.820E+08  0.743E-19
  0.840E+08  0.325E-18  0.860E+08  0.159E-17  0.880E+08  0.785E-17
  0.900E+08  0.287E-16  0.920E+08  0.944E-16  0.940E+08  0.241E-15
  0.960E+08  0.598E-15  0.980E+08  0.130E-14  0.100E+09  0.253E-14
DY171
         879
           0
          34
  0.100E-04  0.000E+00  0.430E+08  0.468E-30  0.440E+08  0.369E-28
  0.450E+08  0.455E-27  0.460E+08  0.408E-26  0.470E+08  0.273E-25
  0.480E+08  0.140E-24  0.490E+08  0.358E-24  0.500E+08  0.145E-23
  0.520E+08  0.160E-22  0.540E+08  0.153E-21  0.560E+08  0.101E-20
  0.580E+08  0.710E-20  0.600E+08  0.377E-19  0.620E+08  0.243E-18
  0.640E+08  0.138E-17  0.660E+08  0.653E-17  0.680E+08  0.252E-16
  0.700E+08  0.844E-16  0.720E+08  0.238E-15  0.740E+08  0.577E-15
  0.760E+08  0.116E-14  0.780E+08  0.161E-14  0.800E+08  0.240E-14
  0.820E+08  0.295E-14  0.840E+08  0.351E-14  0.860E+08  0.423E-14
  0.880E+08  0.459E-14  0.900E+08  0.489E-14  0.920E+08  0.582E-14
  0.940E+08  0.623E-14  0.960E+08  0.870E-14  0.980E+08  0.118E-13
  0.100E+09  0.199E-13
DY170
         880
           0
          30
  0.100E-04  0.000E+00  0.470E+08  0.449E-34  0.480E+08  0.987E-28
  0.490E+08  0.328E-30  0.500E+08  0.443E-26  0.520E+08  0.576E-24
  0.540E+08  0.178E-22  0.560E+08  0.275E-21  0.580E+08  0.372E-20
  0.600E+08  0.375E-19  0.620E+08  0.416E-18  0.640E+08  0.397E-17
  0.660E+08  0.306E-16  0.680E+08  0.194E-15  0.700E+08  0.105E-14
  0.720E+08  0.470E-14  0.740E+08  0.178E-13  0.760E+08  0.541E-13
  0.780E+08  0.120E-12  0.800E+08  0.257E-12  0.820E+08  0.492E-12
  0.840E+08  0.669E-12  0.860E+08  0.971E-12  0.880E+08  0.121E-11
  0.900E+08  0.139E-11  0.920E+08  0.162E-11  0.940E+08  0.157E-11
  0.960E+08  0.155E-11  0.980E+08  0.137E-11  0.100E+09  0.175E-11
