         124
OS183
          16
           0
          73
  0.887E+07  0.000E+00  0.950E+07  0.493E-02  0.100E+08  0.139E-01
  0.105E+08  0.375E-01  0.110E+08  0.815E-01  0.115E+08  0.152E+00
  0.120E+08  0.253E+00  0.125E+08  0.389E+00  0.130E+08  0.556E+00
  0.135E+08  0.746E+00  0.140E+08  0.945E+00  0.145E+08  0.114E+01
  0.150E+08  0.133E+01  0.160E+08  0.176E+01  0.170E+08  0.186E+01
  0.180E+08  0.189E+01  0.190E+08  0.175E+01  0.200E+08  0.156E+01
  0.210E+08  0.124E+01  0.220E+08  0.945E+00  0.230E+08  0.715E+00
  0.240E+08  0.549E+00  0.250E+08  0.433E+00  0.260E+08  0.355E+00
  0.270E+08  0.300E+00  0.280E+08  0.262E+00  0.290E+08  0.235E+00
  0.300E+08  0.214E+00  0.310E+08  0.198E+00  0.320E+08  0.186E+00
  0.330E+08  0.176E+00  0.340E+08  0.152E+00  0.350E+08  0.141E+00
  0.360E+08  0.135E+00  0.370E+08  0.130E+00  0.380E+08  0.137E+00
  0.390E+08  0.133E+00  0.400E+08  0.129E+00  0.410E+08  0.126E+00
  0.420E+08  0.123E+00  0.430E+08  0.121E+00  0.440E+08  0.118E+00
  0.450E+08  0.116E+00  0.460E+08  0.113E+00  0.470E+08  0.111E+00
  0.480E+08  0.106E+00  0.490E+08  0.102E+00  0.500E+08  0.976E-01
  0.520E+08  0.947E-01  0.540E+08  0.917E-01  0.560E+08  0.891E-01
  0.580E+08  0.864E-01  0.600E+08  0.840E-01  0.620E+08  0.817E-01
  0.640E+08  0.796E-01  0.660E+08  0.776E-01  0.680E+08  0.757E-01
  0.700E+08  0.737E-01  0.720E+08  0.719E-01  0.740E+08  0.702E-01
  0.760E+08  0.685E-01  0.780E+08  0.668E-01  0.800E+08  0.698E-01
  0.820E+08  0.662E-01  0.840E+08  0.646E-01  0.860E+08  0.653E-01
  0.880E+08  0.638E-01  0.900E+08  0.626E-01  0.920E+08  0.612E-01
  0.940E+08  0.642E-01  0.960E+08  0.627E-01  0.980E+08  0.615E-01
  0.100E+09  0.587E-01
OS182
          17
           0
          60
  0.159E+08  0.000E+00  0.170E+08  0.613E-02  0.180E+08  0.905E-01
  0.190E+08  0.264E+00  0.200E+08  0.492E+00  0.210E+08  0.821E+00
  0.220E+08  0.111E+01  0.230E+08  0.133E+01  0.240E+08  0.149E+01
  0.250E+08  0.159E+01  0.260E+08  0.166E+01  0.270E+08  0.169E+01
  0.280E+08  0.171E+01  0.290E+08  0.171E+01  0.300E+08  0.169E+01
  0.310E+08  0.166E+01  0.320E+08  0.160E+01  0.330E+08  0.151E+01
  0.340E+08  0.138E+01  0.350E+08  0.125E+01  0.360E+08  0.113E+01
  0.370E+08  0.987E+00  0.380E+08  0.800E+00  0.390E+08  0.714E+00
  0.400E+08  0.641E+00  0.410E+08  0.578E+00  0.420E+08  0.524E+00
  0.430E+08  0.479E+00  0.440E+08  0.439E+00  0.450E+08  0.406E+00
  0.460E+08  0.377E+00  0.470E+08  0.353E+00  0.480E+08  0.314E+00
  0.490E+08  0.298E+00  0.500E+08  0.284E+00  0.520E+08  0.262E+00
  0.540E+08  0.244E+00  0.560E+08  0.230E+00  0.580E+08  0.218E+00
  0.600E+08  0.213E+00  0.620E+08  0.204E+00  0.640E+08  0.195E+00
  0.660E+08  0.184E+00  0.680E+08  0.178E+00  0.700E+08  0.171E+00
  0.720E+08  0.166E+00  0.740E+08  0.160E+00  0.760E+08  0.155E+00
  0.780E+08  0.152E+00  0.800E+08  0.149E+00  0.820E+08  0.146E+00
  0.840E+08  0.144E+00  0.860E+08  0.141E+00  0.880E+08  0.138E+00
  0.900E+08  0.134E+00  0.920E+08  0.131E+00  0.940E+08  0.127E+00
  0.960E+08  0.127E+00  0.980E+08  0.124E+00  0.100E+09  0.121E+00
OS181
          37
           0
          51
  0.251E+08  0.000E+00  0.260E+08  0.933E-07  0.270E+08  0.665E-04
  0.280E+08  0.115E-02  0.290E+08  0.672E-02  0.300E+08  0.234E-01
  0.310E+08  0.472E-01  0.320E+08  0.100E+00  0.330E+08  0.178E+00
  0.340E+08  0.302E+00  0.350E+08  0.412E+00  0.360E+08  0.517E+00
  0.370E+08  0.632E+00  0.380E+08  0.763E+00  0.390E+08  0.788E+00
  0.400E+08  0.801E+00  0.410E+08  0.780E+00  0.420E+08  0.743E+00
  0.430E+08  0.693E+00  0.440E+08  0.636E+00  0.450E+08  0.578E+00
  0.460E+08  0.522E+00  0.470E+08  0.469E+00  0.480E+08  0.354E+00
  0.490E+08  0.334E+00  0.500E+08  0.301E+00  0.520E+08  0.251E+00
  0.540E+08  0.214E+00  0.560E+08  0.188E+00  0.580E+08  0.175E+00
  0.600E+08  0.162E+00  0.620E+08  0.148E+00  0.640E+08  0.136E+00
  0.660E+08  0.127E+00  0.680E+08  0.123E+00  0.700E+08  0.118E+00
  0.720E+08  0.112E+00  0.740E+08  0.107E+00  0.760E+08  0.102E+00
  0.780E+08  0.943E-01  0.800E+08  0.914E-01  0.820E+08  0.878E-01
  0.840E+08  0.854E-01  0.860E+08  0.837E-01  0.880E+08  0.819E-01
  0.900E+08  0.802E-01  0.920E+08  0.778E-01  0.940E+08  0.755E-01
  0.960E+08  0.721E-01  0.980E+08  0.688E-01  0.100E+09  0.668E-01
RE184
         103
           0
          82
  0.100E-04  0.000E+00  0.500E+07  0.278E-04  0.550E+07  0.845E-04
  0.600E+07  0.176E-03  0.650E+07  0.311E-03  0.700E+07  0.527E-03
  0.750E+07  0.845E-03  0.800E+07  0.130E-02  0.850E+07  0.192E-02
  0.900E+07  0.245E-02  0.950E+07  0.345E-02  0.100E+08  0.467E-02
  0.105E+08  0.614E-02  0.110E+08  0.780E-02  0.115E+08  0.964E-02
  0.120E+08  0.110E-01  0.125E+08  0.124E-01  0.130E+08  0.148E-01
  0.135E+08  0.174E-01  0.140E+08  0.201E-01  0.145E+08  0.228E-01
  0.150E+08  0.255E-01  0.160E+08  0.279E-01  0.170E+08  0.325E-01
  0.180E+08  0.361E-01  0.190E+08  0.395E-01  0.200E+08  0.415E-01
  0.210E+08  0.438E-01  0.220E+08  0.458E-01  0.230E+08  0.475E-01
  0.240E+08  0.490E-01  0.250E+08  0.495E-01  0.260E+08  0.500E-01
  0.270E+08  0.483E-01  0.280E+08  0.482E-01  0.290E+08  0.481E-01
  0.300E+08  0.478E-01  0.310E+08  0.475E-01  0.320E+08  0.474E-01
  0.330E+08  0.472E-01  0.340E+08  0.471E-01  0.350E+08  0.469E-01
  0.360E+08  0.468E-01  0.370E+08  0.462E-01  0.380E+08  0.457E-01
  0.390E+08  0.452E-01  0.400E+08  0.448E-01  0.410E+08  0.443E-01
  0.420E+08  0.436E-01  0.430E+08  0.430E-01  0.440E+08  0.424E-01
  0.450E+08  0.418E-01  0.460E+08  0.408E-01  0.470E+08  0.399E-01
  0.480E+08  0.389E-01  0.490E+08  0.380E-01  0.500E+08  0.370E-01
  0.520E+08  0.359E-01  0.540E+08  0.349E-01  0.560E+08  0.339E-01
  0.580E+08  0.330E-01  0.600E+08  0.326E-01  0.620E+08  0.322E-01
  0.640E+08  0.318E-01  0.660E+08  0.309E-01  0.680E+08  0.301E-01
  0.700E+08  0.293E-01  0.720E+08  0.284E-01  0.740E+08  0.276E-01
  0.760E+08  0.269E-01  0.780E+08  0.262E-01  0.800E+08  0.257E-01
  0.820E+08  0.251E-01  0.840E+08  0.244E-01  0.860E+08  0.238E-01
  0.880E+08  0.232E-01  0.900E+08  0.226E-01  0.920E+08  0.225E-01
  0.940E+08  0.224E-01  0.960E+08  0.223E-01  0.980E+08  0.222E-01
  0.100E+09  0.221E-01
W183 
         111
           0
          61
  0.442E+07  0.000E+00  0.160E+08  0.105E-05  0.170E+08  0.632E-05
  0.180E+08  0.232E-04  0.190E+08  0.635E-04  0.200E+08  0.121E-03
  0.210E+08  0.231E-03  0.220E+08  0.385E-03  0.230E+08  0.576E-03
  0.240E+08  0.799E-03  0.250E+08  0.967E-03  0.260E+08  0.123E-02
  0.270E+08  0.151E-02  0.280E+08  0.181E-02  0.290E+08  0.213E-02
  0.300E+08  0.235E-02  0.310E+08  0.271E-02  0.320E+08  0.309E-02
  0.330E+08  0.347E-02  0.340E+08  0.386E-02  0.350E+08  0.424E-02
  0.360E+08  0.450E-02  0.370E+08  0.487E-02  0.380E+08  0.521E-02
  0.390E+08  0.540E-02  0.400E+08  0.562E-02  0.410E+08  0.586E-02
  0.420E+08  0.589E-02  0.430E+08  0.598E-02  0.440E+08  0.605E-02
  0.450E+08  0.610E-02  0.460E+08  0.611E-02  0.470E+08  0.615E-02
  0.480E+08  0.599E-02  0.490E+08  0.584E-02  0.500E+08  0.568E-02
  0.520E+08  0.571E-02  0.540E+08  0.572E-02  0.560E+08  0.571E-02
  0.580E+08  0.573E-02  0.600E+08  0.584E-02  0.620E+08  0.585E-02
  0.640E+08  0.591E-02  0.660E+08  0.591E-02  0.680E+08  0.594E-02
  0.700E+08  0.607E-02  0.720E+08  0.606E-02  0.740E+08  0.608E-02
  0.760E+08  0.609E-02  0.780E+08  0.609E-02  0.800E+08  0.614E-02
  0.820E+08  0.619E-02  0.840E+08  0.621E-02  0.860E+08  0.621E-02
  0.880E+08  0.644E-02  0.900E+08  0.645E-02  0.920E+08  0.643E-02
  0.940E+08  0.642E-02  0.960E+08  0.640E-02  0.980E+08  0.637E-02
  0.100E+09  0.643E-02
OS180
         121
           0
          43
  0.324E+08  0.000E+00  0.340E+08  0.193E-05  0.350E+08  0.140E-03
  0.360E+08  0.160E-02  0.370E+08  0.103E-01  0.380E+08  0.358E-01
  0.390E+08  0.721E-01  0.400E+08  0.106E+00  0.410E+08  0.162E+00
  0.420E+08  0.226E+00  0.430E+08  0.291E+00  0.440E+08  0.355E+00
  0.450E+08  0.415E+00  0.460E+08  0.469E+00  0.470E+08  0.517E+00
  0.480E+08  0.644E+00  0.490E+08  0.654E+00  0.500E+08  0.678E+00
  0.520E+08  0.709E+00  0.540E+08  0.718E+00  0.560E+08  0.702E+00
  0.580E+08  0.625E+00  0.600E+08  0.576E+00  0.620E+08  0.520E+00
  0.640E+08  0.464E+00  0.660E+08  0.424E+00  0.680E+08  0.378E+00
  0.700E+08  0.343E+00  0.720E+08  0.312E+00  0.740E+08  0.286E+00
  0.760E+08  0.264E+00  0.780E+08  0.245E+00  0.800E+08  0.229E+00
  0.820E+08  0.213E+00  0.840E+08  0.206E+00  0.860E+08  0.191E+00
  0.880E+08  0.181E+00  0.900E+08  0.172E+00  0.920E+08  0.164E+00
  0.940E+08  0.156E+00  0.960E+08  0.150E+00  0.980E+08  0.145E+00
  0.100E+09  0.139E+00
OS179
         122
           0
          34
  0.418E+08  0.000E+00  0.430E+08  0.927E-09  0.440E+08  0.145E-06
  0.450E+08  0.313E-05  0.460E+08  0.268E-04  0.470E+08  0.134E-03
  0.480E+08  0.400E-03  0.490E+08  0.113E-02  0.500E+08  0.265E-02
  0.520E+08  0.975E-02  0.540E+08  0.244E-01  0.560E+08  0.464E-01
  0.580E+08  0.957E-01  0.600E+08  0.124E+00  0.620E+08  0.144E+00
  0.640E+08  0.156E+00  0.660E+08  0.155E+00  0.680E+08  0.162E+00
  0.700E+08  0.166E+00  0.720E+08  0.166E+00  0.740E+08  0.141E+00
  0.760E+08  0.135E+00  0.780E+08  0.131E+00  0.800E+08  0.127E+00
  0.820E+08  0.118E+00  0.840E+08  0.106E+00  0.860E+08  0.985E-01
  0.880E+08  0.920E-01  0.900E+08  0.861E-01  0.920E+08  0.812E-01
  0.940E+08  0.755E-01  0.960E+08  0.714E-01  0.980E+08  0.689E-01
  0.100E+09  0.664E-01
OS178
         123
           0
          26
  0.494E+08  0.000E+00  0.520E+08  0.145E-07  0.540E+08  0.458E-05
  0.560E+08  0.104E-03  0.580E+08  0.783E-03  0.600E+08  0.258E-02
  0.620E+08  0.698E-02  0.640E+08  0.142E-01  0.660E+08  0.248E-01
  0.680E+08  0.396E-01  0.700E+08  0.572E-01  0.720E+08  0.763E-01
  0.740E+08  0.116E+00  0.760E+08  0.133E+00  0.780E+08  0.141E+00
  0.800E+08  0.152E+00  0.820E+08  0.157E+00  0.840E+08  0.156E+00
  0.860E+08  0.155E+00  0.880E+08  0.154E+00  0.900E+08  0.150E+00
  0.920E+08  0.145E+00  0.940E+08  0.138E+00  0.960E+08  0.132E+00
  0.980E+08  0.125E+00  0.100E+09  0.118E+00
OS177
         124
           0
          21
  0.591E+08  0.000E+00  0.620E+08  0.582E-12  0.640E+08  0.166E-08
  0.660E+08  0.118E-06  0.680E+08  0.894E-05  0.700E+08  0.633E-04
  0.720E+08  0.288E-03  0.740E+08  0.130E-02  0.760E+08  0.320E-02
  0.780E+08  0.625E-02  0.800E+08  0.930E-02  0.820E+08  0.151E-01
  0.840E+08  0.209E-01  0.860E+08  0.282E-01  0.880E+08  0.359E-01
  0.900E+08  0.430E-01  0.920E+08  0.487E-01  0.940E+08  0.539E-01
  0.960E+08  0.554E-01  0.980E+08  0.540E-01  0.100E+09  0.532E-01
OS176
         125
           0
          17
  0.672E+08  0.000E+00  0.700E+08  0.165E-11  0.720E+08  0.182E-08
  0.740E+08  0.292E-06  0.760E+08  0.429E-05  0.780E+08  0.314E-04
  0.800E+08  0.637E-04  0.820E+08  0.246E-03  0.840E+08  0.577E-03
  0.860E+08  0.124E-02  0.880E+08  0.264E-02  0.900E+08  0.495E-02
  0.920E+08  0.830E-02  0.940E+08  0.140E-01  0.960E+08  0.191E-01
  0.980E+08  0.249E-01  0.100E+09  0.306E-01
OS175
         126
           0
          12
  0.772E+08  0.000E+00  0.800E+08  0.101E-15  0.820E+08  0.837E-12
  0.840E+08  0.125E-10  0.860E+08  0.883E-09  0.880E+08  0.204E-07
  0.900E+08  0.235E-06  0.920E+08  0.168E-05  0.940E+08  0.119E-04
  0.960E+08  0.417E-04  0.980E+08  0.104E-03  0.100E+09  0.256E-03
OS174
         127
           0
           7
  0.855E+08  0.000E+00  0.900E+08  0.104E-15  0.920E+08  0.288E-12
  0.940E+08  0.120E-09  0.960E+08  0.350E-08  0.980E+08  0.481E-07
  0.100E+09  0.281E-06
OS173
         128
           0
           2
  0.960E+08  0.000E+00  0.100E+09  0.150E-18
RE183
         153
           0
          74
  0.353E+07  0.000E+00  0.900E+07  0.123E-08  0.950E+07  0.219E-07
  0.100E+08  0.117E-06  0.105E+08  0.463E-06  0.110E+08  0.153E-05
  0.115E+08  0.114E-02  0.120E+08  0.182E-02  0.125E+08  0.250E-02
  0.130E+08  0.317E-02  0.135E+08  0.385E-02  0.140E+08  0.453E-02
  0.145E+08  0.560E-02  0.150E+08  0.677E-02  0.160E+08  0.874E-02
  0.170E+08  0.107E-01  0.180E+08  0.141E-01  0.190E+08  0.191E-01
  0.200E+08  0.260E-01  0.210E+08  0.346E-01  0.220E+08  0.442E-01
  0.230E+08  0.547E-01  0.240E+08  0.656E-01  0.250E+08  0.761E-01
  0.260E+08  0.875E-01  0.270E+08  0.996E-01  0.280E+08  0.109E+00
  0.290E+08  0.118E+00  0.300E+08  0.124E+00  0.310E+08  0.131E+00
  0.320E+08  0.137E+00  0.330E+08  0.142E+00  0.340E+08  0.146E+00
  0.350E+08  0.149E+00  0.360E+08  0.150E+00  0.370E+08  0.151E+00
  0.380E+08  0.151E+00  0.390E+08  0.150E+00  0.400E+08  0.149E+00
  0.410E+08  0.148E+00  0.420E+08  0.147E+00  0.430E+08  0.146E+00
  0.440E+08  0.144E+00  0.450E+08  0.143E+00  0.460E+08  0.142E+00
  0.470E+08  0.140E+00  0.480E+08  0.139E+00  0.490E+08  0.138E+00
  0.500E+08  0.136E+00  0.520E+08  0.133E+00  0.540E+08  0.130E+00
  0.560E+08  0.127E+00  0.580E+08  0.124E+00  0.600E+08  0.120E+00
  0.620E+08  0.117E+00  0.640E+08  0.114E+00  0.660E+08  0.113E+00
  0.680E+08  0.112E+00  0.700E+08  0.111E+00  0.720E+08  0.111E+00
  0.740E+08  0.110E+00  0.760E+08  0.110E+00  0.780E+08  0.109E+00
  0.800E+08  0.109E+00  0.820E+08  0.108E+00  0.840E+08  0.108E+00
  0.860E+08  0.107E+00  0.880E+08  0.106E+00  0.900E+08  0.106E+00
  0.920E+08  0.106E+00  0.940E+08  0.106E+00  0.960E+08  0.106E+00
  0.980E+08  0.106E+00  0.100E+09  0.105E+00
RE182
         154
           0
          59
  0.120E+08  0.000E+00  0.180E+08  0.420E-08  0.190E+08  0.124E-06
  0.200E+08  0.139E-05  0.210E+08  0.148E-04  0.220E+08  0.959E-04
  0.230E+08  0.364E-03  0.240E+08  0.999E-03  0.250E+08  0.225E-02
  0.260E+08  0.375E-02  0.270E+08  0.706E-02  0.280E+08  0.111E-01
  0.290E+08  0.165E-01  0.300E+08  0.232E-01  0.310E+08  0.306E-01
  0.320E+08  0.372E-01  0.330E+08  0.459E-01  0.340E+08  0.542E-01
  0.350E+08  0.627E-01  0.360E+08  0.705E-01  0.370E+08  0.776E-01
  0.380E+08  0.845E-01  0.390E+08  0.904E-01  0.400E+08  0.957E-01
  0.410E+08  0.100E+00  0.420E+08  0.104E+00  0.430E+08  0.107E+00
  0.440E+08  0.109E+00  0.450E+08  0.110E+00  0.460E+08  0.112E+00
  0.470E+08  0.114E+00  0.480E+08  0.116E+00  0.490E+08  0.117E+00
  0.500E+08  0.119E+00  0.520E+08  0.114E+00  0.540E+08  0.106E+00
  0.560E+08  0.102E+00  0.580E+08  0.975E-01  0.600E+08  0.940E-01
  0.620E+08  0.879E-01  0.640E+08  0.817E-01  0.660E+08  0.756E-01
  0.680E+08  0.742E-01  0.700E+08  0.730E-01  0.720E+08  0.711E-01
  0.740E+08  0.693E-01  0.760E+08  0.675E-01  0.780E+08  0.656E-01
  0.800E+08  0.692E-01  0.820E+08  0.682E-01  0.840E+08  0.675E-01
  0.860E+08  0.667E-01  0.880E+08  0.663E-01  0.900E+08  0.655E-01
  0.920E+08  0.642E-01  0.940E+08  0.629E-01  0.960E+08  0.616E-01
  0.980E+08  0.624E-01  0.100E+09  0.618E-01
RE181
         155
           0
          52
  0.190E+08  0.000E+00  0.250E+08  0.142E-08  0.260E+08  0.109E-06
  0.270E+08  0.133E-05  0.280E+08  0.104E-04  0.290E+08  0.653E-04
  0.300E+08  0.283E-03  0.310E+08  0.884E-03  0.320E+08  0.194E-02
  0.330E+08  0.344E-02  0.340E+08  0.658E-02  0.350E+08  0.113E-01
  0.360E+08  0.174E-01  0.370E+08  0.258E-01  0.380E+08  0.363E-01
  0.390E+08  0.481E-01  0.400E+08  0.615E-01  0.410E+08  0.763E-01
  0.420E+08  0.923E-01  0.430E+08  0.108E+00  0.440E+08  0.129E+00
  0.450E+08  0.142E+00  0.460E+08  0.195E+00  0.470E+08  0.197E+00
  0.480E+08  0.168E+00  0.490E+08  0.175E+00  0.500E+08  0.182E+00
  0.520E+08  0.189E+00  0.540E+08  0.194E+00  0.560E+08  0.199E+00
  0.580E+08  0.202E+00  0.600E+08  0.205E+00  0.620E+08  0.208E+00
  0.640E+08  0.210E+00  0.660E+08  0.207E+00  0.680E+08  0.202E+00
  0.700E+08  0.187E+00  0.720E+08  0.173E+00  0.740E+08  0.158E+00
  0.760E+08  0.153E+00  0.780E+08  0.148E+00  0.800E+08  0.139E+00
  0.820E+08  0.135E+00  0.840E+08  0.133E+00  0.860E+08  0.130E+00
  0.880E+08  0.128E+00  0.900E+08  0.125E+00  0.920E+08  0.123E+00
  0.940E+08  0.121E+00  0.960E+08  0.118E+00  0.980E+08  0.116E+00
  0.100E+09  0.115E+00
RE180
         156
           0
          43
  0.278E+08  0.000E+00  0.340E+08  0.132E-10  0.350E+08  0.326E-08
  0.360E+08  0.479E-07  0.370E+08  0.345E-06  0.380E+08  0.292E-05
  0.390E+08  0.169E-04  0.400E+08  0.739E-04  0.410E+08  0.251E-03
  0.420E+08  0.704E-03  0.430E+08  0.169E-02  0.440E+08  0.397E-02
  0.450E+08  0.729E-02  0.460E+08  0.119E-01  0.470E+08  0.166E-01
  0.480E+08  0.212E-01  0.490E+08  0.288E-01  0.500E+08  0.411E-01
  0.520E+08  0.579E-01  0.540E+08  0.742E-01  0.560E+08  0.900E-01
  0.580E+08  0.104E+00  0.600E+08  0.112E+00  0.620E+08  0.117E+00
  0.640E+08  0.132E+00  0.660E+08  0.139E+00  0.680E+08  0.145E+00
  0.700E+08  0.152E+00  0.720E+08  0.153E+00  0.740E+08  0.154E+00
  0.760E+08  0.154E+00  0.780E+08  0.153E+00  0.800E+08  0.149E+00
  0.820E+08  0.146E+00  0.840E+08  0.141E+00  0.860E+08  0.136E+00
  0.880E+08  0.131E+00  0.900E+08  0.127E+00  0.920E+08  0.122E+00
  0.940E+08  0.117E+00  0.960E+08  0.114E+00  0.980E+08  0.110E+00
  0.100E+09  0.107E+00
RE179
         157
           0
          36
  0.352E+08  0.000E+00  0.410E+08  0.554E-15  0.420E+08  0.389E-10
  0.430E+08  0.634E-08  0.440E+08  0.265E-06  0.450E+08  0.267E-05
  0.460E+08  0.758E-04  0.470E+08  0.149E-03  0.480E+08  0.222E-03
  0.490E+08  0.616E-03  0.500E+08  0.192E-02  0.520E+08  0.577E-02
  0.540E+08  0.129E-01  0.560E+08  0.247E-01  0.580E+08  0.418E-01
  0.600E+08  0.639E-01  0.620E+08  0.948E-01  0.640E+08  0.103E+00
  0.660E+08  0.123E+00  0.680E+08  0.141E+00  0.700E+08  0.161E+00
  0.720E+08  0.169E+00  0.740E+08  0.175E+00  0.760E+08  0.179E+00
  0.780E+08  0.183E+00  0.800E+08  0.186E+00  0.820E+08  0.190E+00
  0.840E+08  0.188E+00  0.860E+08  0.191E+00  0.880E+08  0.193E+00
  0.900E+08  0.195E+00  0.920E+08  0.197E+00  0.940E+08  0.199E+00
  0.960E+08  0.200E+00  0.980E+08  0.201E+00  0.100E+09  0.203E+00
RE178
         158
           0
          28
  0.441E+08  0.000E+00  0.460E+08  0.925E-07  0.470E+08  0.713E-06
  0.520E+08  0.397E-10  0.540E+08  0.143E-06  0.560E+08  0.543E-05
  0.580E+08  0.500E-04  0.600E+08  0.358E-03  0.620E+08  0.197E-02
  0.640E+08  0.359E-02  0.660E+08  0.773E-02  0.680E+08  0.144E-01
  0.700E+08  0.270E-01  0.720E+08  0.381E-01  0.740E+08  0.506E-01
  0.760E+08  0.636E-01  0.780E+08  0.750E-01  0.800E+08  0.829E-01
  0.820E+08  0.856E-01  0.840E+08  0.899E-01  0.860E+08  0.933E-01
  0.880E+08  0.949E-01  0.900E+08  0.954E-01  0.920E+08  0.959E-01
  0.940E+08  0.963E-01  0.960E+08  0.968E-01  0.980E+08  0.966E-01
  0.100E+09  0.947E-01
RE177
         159
           0
          22
  0.518E+08  0.000E+00  0.600E+08  0.415E-11  0.620E+08  0.688E-08
  0.640E+08  0.134E-06  0.660E+08  0.306E-05  0.680E+08  0.317E-04
  0.700E+08  0.270E-03  0.720E+08  0.176E-02  0.740E+08  0.423E-02
  0.760E+08  0.802E-02  0.780E+08  0.142E-01  0.800E+08  0.210E-01
  0.820E+08  0.309E-01  0.840E+08  0.412E-01  0.860E+08  0.537E-01
  0.880E+08  0.661E-01  0.900E+08  0.783E-01  0.920E+08  0.880E-01
  0.940E+08  0.101E+00  0.960E+08  0.105E+00  0.980E+08  0.110E+00
  0.100E+09  0.111E+00
RE176
         160
           0
          18
  0.610E+08  0.000E+00  0.680E+08  0.104E-15  0.700E+08  0.392E-11
  0.720E+08  0.326E-08  0.740E+08  0.101E-06  0.760E+08  0.159E-05
  0.780E+08  0.131E-04  0.800E+08  0.497E-04  0.820E+08  0.196E-03
  0.840E+08  0.527E-03  0.860E+08  0.132E-02  0.880E+08  0.278E-02
  0.900E+08  0.525E-02  0.920E+08  0.805E-02  0.940E+08  0.118E-01
  0.960E+08  0.170E-01  0.980E+08  0.232E-01  0.100E+09  0.277E-01
RE175
         161
           0
          14
  0.690E+08  0.000E+00  0.760E+08  0.434E-16  0.780E+08  0.491E-12
  0.800E+08  0.424E-10  0.820E+08  0.310E-08  0.840E+08  0.477E-07
  0.860E+08  0.633E-06  0.880E+08  0.472E-05  0.900E+08  0.204E-04
  0.920E+08  0.764E-04  0.940E+08  0.207E-03  0.960E+08  0.520E-03
  0.980E+08  0.114E-02  0.100E+09  0.194E-02
RE174
         162
           0
           9
  0.788E+08  0.000E+00  0.860E+08  0.267E-20  0.880E+08  0.856E-16
  0.900E+08  0.159E-13  0.920E+08  0.266E-11  0.940E+08  0.114E-09
  0.960E+08  0.279E-08  0.980E+08  0.373E-07  0.100E+09  0.258E-06
RE173
         163
           0
           4
  0.869E+08  0.000E+00  0.960E+08  0.733E-18  0.980E+08  0.165E-14
  0.100E+09  0.233E-12
W182 
         174
           0
          57
  0.841E+07  0.000E+00  0.200E+08  0.962E-14  0.210E+08  0.198E-12
  0.220E+08  0.618E-11  0.230E+08  0.129E-09  0.240E+08  0.126E-08
  0.250E+08  0.640E-08  0.260E+08  0.231E-07  0.270E+08  0.787E-07
  0.280E+08  0.178E-06  0.290E+08  0.376E-06  0.300E+08  0.731E-06
  0.310E+08  0.130E-05  0.320E+08  0.239E-05  0.330E+08  0.387E-05
  0.340E+08  0.688E-05  0.350E+08  0.149E-04  0.360E+08  0.369E-04
  0.370E+08  0.878E-04  0.380E+08  0.186E-03  0.390E+08  0.425E-03
  0.400E+08  0.671E-03  0.410E+08  0.898E-03  0.420E+08  0.122E-02
  0.430E+08  0.159E-02  0.440E+08  0.200E-02  0.450E+08  0.242E-02
  0.460E+08  0.284E-02  0.470E+08  0.329E-02  0.480E+08  0.404E-02
  0.490E+08  0.479E-02  0.500E+08  0.523E-02  0.520E+08  0.610E-02
  0.540E+08  0.696E-02  0.560E+08  0.762E-02  0.580E+08  0.820E-02
  0.600E+08  0.842E-02  0.620E+08  0.855E-02  0.640E+08  0.848E-02
  0.660E+08  0.844E-02  0.680E+08  0.833E-02  0.700E+08  0.809E-02
  0.720E+08  0.801E-02  0.740E+08  0.791E-02  0.760E+08  0.808E-02
  0.780E+08  0.776E-02  0.800E+08  0.743E-02  0.820E+08  0.710E-02
  0.840E+08  0.678E-02  0.860E+08  0.675E-02  0.880E+08  0.649E-02
  0.900E+08  0.646E-02  0.920E+08  0.644E-02  0.940E+08  0.661E-02
  0.960E+08  0.659E-02  0.980E+08  0.659E-02  0.100E+09  0.650E-02
W181 
         175
           0
          85
  0.100E-04  0.000E+00  0.350E+07  0.424E-06  0.400E+07  0.162E-05
  0.450E+07  0.302E-05  0.500E+07  0.469E-05  0.550E+07  0.666E-05
  0.600E+07  0.909E-05  0.650E+07  0.122E-04  0.700E+07  0.167E-04
  0.750E+07  0.236E-04  0.800E+07  0.346E-04  0.850E+07  0.520E-04
  0.900E+07  0.789E-04  0.950E+07  0.119E-03  0.100E+08  0.177E-03
  0.105E+08  0.266E-03  0.110E+08  0.372E-03  0.115E+08  0.506E-03
  0.120E+08  0.672E-03  0.125E+08  0.868E-03  0.130E+08  0.110E-02
  0.135E+08  0.136E-02  0.140E+08  0.165E-02  0.145E+08  0.197E-02
  0.150E+08  0.231E-02  0.160E+08  0.304E-02  0.170E+08  0.380E-02
  0.180E+08  0.448E-02  0.190E+08  0.500E-02  0.200E+08  0.534E-02
  0.210E+08  0.549E-02  0.220E+08  0.550E-02  0.230E+08  0.541E-02
  0.240E+08  0.526E-02  0.250E+08  0.506E-02  0.260E+08  0.482E-02
  0.270E+08  0.456E-02  0.280E+08  0.448E-02  0.290E+08  0.418E-02
  0.300E+08  0.389E-02  0.310E+08  0.361E-02  0.320E+08  0.334E-02
  0.330E+08  0.326E-02  0.340E+08  0.301E-02  0.350E+08  0.278E-02
  0.360E+08  0.257E-02  0.370E+08  0.237E-02  0.380E+08  0.218E-02
  0.390E+08  0.201E-02  0.400E+08  0.185E-02  0.410E+08  0.171E-02
  0.420E+08  0.158E-02  0.430E+08  0.146E-02  0.440E+08  0.137E-02
  0.450E+08  0.129E-02  0.460E+08  0.119E-02  0.470E+08  0.100E-02
  0.480E+08  0.936E-03  0.490E+08  0.888E-03  0.500E+08  0.845E-03
  0.520E+08  0.790E-03  0.540E+08  0.834E-03  0.560E+08  0.106E-02
  0.580E+08  0.140E-02  0.600E+08  0.205E-02  0.620E+08  0.288E-02
  0.640E+08  0.375E-02  0.660E+08  0.457E-02  0.680E+08  0.518E-02
  0.700E+08  0.562E-02  0.720E+08  0.582E-02  0.740E+08  0.590E-02
  0.760E+08  0.564E-02  0.780E+08  0.585E-02  0.800E+08  0.606E-02
  0.820E+08  0.591E-02  0.840E+08  0.578E-02  0.860E+08  0.561E-02
  0.880E+08  0.549E-02  0.900E+08  0.537E-02  0.920E+08  0.528E-02
  0.940E+08  0.501E-02  0.960E+08  0.496E-02  0.980E+08  0.514E-02
  0.100E+09  0.506E-02
W180 
         176
           0
          71
  0.100E-04  0.000E+00  0.105E+08  0.659E-06  0.110E+08  0.336E-05
  0.115E+08  0.877E-05  0.120E+08  0.174E-04  0.125E+08  0.297E-04
  0.130E+08  0.463E-04  0.135E+08  0.682E-04  0.140E+08  0.966E-04
  0.145E+08  0.133E-03  0.150E+08  0.181E-03  0.160E+08  0.306E-03
  0.170E+08  0.571E-03  0.180E+08  0.103E-02  0.190E+08  0.174E-02
  0.200E+08  0.280E-02  0.210E+08  0.405E-02  0.220E+08  0.550E-02
  0.230E+08  0.710E-02  0.240E+08  0.880E-02  0.250E+08  0.105E-01
  0.260E+08  0.122E-01  0.270E+08  0.138E-01  0.280E+08  0.151E-01
  0.290E+08  0.161E-01  0.300E+08  0.169E-01  0.310E+08  0.177E-01
  0.320E+08  0.170E-01  0.330E+08  0.166E-01  0.340E+08  0.161E-01
  0.350E+08  0.156E-01  0.360E+08  0.149E-01  0.370E+08  0.141E-01
  0.380E+08  0.133E-01  0.390E+08  0.125E-01  0.400E+08  0.117E-01
  0.410E+08  0.109E-01  0.420E+08  0.102E-01  0.430E+08  0.945E-02
  0.440E+08  0.878E-02  0.450E+08  0.815E-02  0.460E+08  0.762E-02
  0.470E+08  0.698E-02  0.480E+08  0.660E-02  0.490E+08  0.612E-02
  0.500E+08  0.568E-02  0.520E+08  0.491E-02  0.540E+08  0.432E-02
  0.560E+08  0.390E-02  0.580E+08  0.379E-02  0.600E+08  0.371E-02
  0.620E+08  0.376E-02  0.640E+08  0.395E-02  0.660E+08  0.435E-02
  0.680E+08  0.484E-02  0.700E+08  0.552E-02  0.720E+08  0.644E-02
  0.740E+08  0.744E-02  0.760E+08  0.835E-02  0.780E+08  0.979E-02
  0.800E+08  0.106E-01  0.820E+08  0.115E-01  0.840E+08  0.124E-01
  0.860E+08  0.130E-01  0.880E+08  0.121E-01  0.900E+08  0.124E-01
  0.920E+08  0.124E-01  0.940E+08  0.124E-01  0.960E+08  0.126E-01
  0.980E+08  0.123E-01  0.100E+09  0.120E-01
W179 
         177
           0
          58
  0.548E+07  0.000E+00  0.190E+08  0.129E-08  0.200E+08  0.594E-06
  0.210E+08  0.550E-05  0.220E+08  0.216E-04  0.230E+08  0.595E-04
  0.240E+08  0.137E-03  0.250E+08  0.281E-03  0.260E+08  0.536E-03
  0.270E+08  0.964E-03  0.280E+08  0.151E-02  0.290E+08  0.236E-02
  0.300E+08  0.356E-02  0.310E+08  0.474E-02  0.320E+08  0.679E-02
  0.330E+08  0.884E-02  0.340E+08  0.109E-01  0.350E+08  0.129E-01
  0.360E+08  0.150E-01  0.370E+08  0.162E-01  0.380E+08  0.171E-01
  0.390E+08  0.175E-01  0.400E+08  0.175E-01  0.410E+08  0.172E-01
  0.420E+08  0.166E-01  0.430E+08  0.159E-01  0.440E+08  0.154E-01
  0.450E+08  0.150E-01  0.460E+08  0.142E-01  0.470E+08  0.135E-01
  0.480E+08  0.127E-01  0.490E+08  0.120E-01  0.500E+08  0.112E-01
  0.520E+08  0.969E-02  0.540E+08  0.817E-02  0.560E+08  0.666E-02
  0.580E+08  0.514E-02  0.600E+08  0.441E-02  0.620E+08  0.396E-02
  0.640E+08  0.380E-02  0.660E+08  0.387E-02  0.680E+08  0.423E-02
  0.700E+08  0.475E-02  0.720E+08  0.551E-02  0.740E+08  0.614E-02
  0.760E+08  0.647E-02  0.780E+08  0.643E-02  0.800E+08  0.656E-02
  0.820E+08  0.654E-02  0.840E+08  0.654E-02  0.860E+08  0.651E-02
  0.880E+08  0.739E-02  0.900E+08  0.820E-02  0.920E+08  0.895E-02
  0.940E+08  0.966E-02  0.960E+08  0.101E-01  0.980E+08  0.110E-01
  0.100E+09  0.117E-01
W178 
         178
           0
          46
  0.124E+08  0.000E+00  0.310E+08  0.126E-03  0.320E+08  0.325E-03
  0.330E+08  0.672E-03  0.340E+08  0.130E-02  0.350E+08  0.237E-02
  0.360E+08  0.398E-02  0.370E+08  0.638E-02  0.380E+08  0.976E-02
  0.390E+08  0.139E-01  0.400E+08  0.190E-01  0.410E+08  0.253E-01
  0.420E+08  0.328E-01  0.430E+08  0.414E-01  0.440E+08  0.503E-01
  0.450E+08  0.609E-01  0.460E+08  0.712E-01  0.470E+08  0.770E-01
  0.480E+08  0.802E-01  0.490E+08  0.811E-01  0.500E+08  0.788E-01
  0.520E+08  0.676E-01  0.540E+08  0.535E-01  0.560E+08  0.441E-01
  0.580E+08  0.376E-01  0.600E+08  0.308E-01  0.620E+08  0.262E-01
  0.640E+08  0.229E-01  0.660E+08  0.201E-01  0.680E+08  0.179E-01
  0.700E+08  0.162E-01  0.720E+08  0.163E-01  0.740E+08  0.167E-01
  0.760E+08  0.168E-01  0.780E+08  0.168E-01  0.800E+08  0.173E-01
  0.820E+08  0.178E-01  0.840E+08  0.183E-01  0.860E+08  0.188E-01
  0.880E+08  0.194E-01  0.900E+08  0.199E-01  0.920E+08  0.204E-01
  0.940E+08  0.209E-01  0.960E+08  0.214E-01  0.980E+08  0.214E-01
  0.100E+09  0.214E-01
W177 
         179
           0
          42
  0.213E+08  0.000E+00  0.350E+08  0.619E-12  0.360E+08  0.164E-08
  0.370E+08  0.860E-07  0.380E+08  0.867E-06  0.390E+08  0.391E-05
  0.400E+08  0.146E-04  0.410E+08  0.449E-04  0.420E+08  0.127E-03
  0.430E+08  0.488E-03  0.440E+08  0.117E-02  0.450E+08  0.221E-02
  0.460E+08  0.449E-02  0.470E+08  0.862E-02  0.480E+08  0.182E-01
  0.490E+08  0.263E-01  0.500E+08  0.350E-01  0.520E+08  0.508E-01
  0.540E+08  0.605E-01  0.560E+08  0.627E-01  0.580E+08  0.642E-01
  0.600E+08  0.654E-01  0.620E+08  0.664E-01  0.640E+08  0.505E-01
  0.660E+08  0.469E-01  0.680E+08  0.433E-01  0.700E+08  0.406E-01
  0.720E+08  0.379E-01  0.740E+08  0.352E-01  0.760E+08  0.310E-01
  0.780E+08  0.267E-01  0.800E+08  0.239E-01  0.820E+08  0.221E-01
  0.840E+08  0.206E-01  0.860E+08  0.197E-01  0.880E+08  0.194E-01
  0.900E+08  0.194E-01  0.920E+08  0.189E-01  0.940E+08  0.192E-01
  0.960E+08  0.193E-01  0.980E+08  0.192E-01  0.100E+09  0.195E-01
W176 
         180
           0
          35
  0.284E+08  0.000E+00  0.420E+08  0.261E-15  0.430E+08  0.142E-09
  0.440E+08  0.957E-08  0.450E+08  0.340E-06  0.460E+08  0.233E-05
  0.470E+08  0.130E-04  0.480E+08  0.411E-04  0.490E+08  0.121E-03
  0.500E+08  0.309E-03  0.520E+08  0.107E-02  0.540E+08  0.364E-02
  0.560E+08  0.937E-02  0.580E+08  0.167E-01  0.600E+08  0.318E-01
  0.620E+08  0.534E-01  0.640E+08  0.947E-01  0.660E+08  0.119E+00
  0.680E+08  0.143E+00  0.700E+08  0.157E+00  0.720E+08  0.164E+00
  0.740E+08  0.167E+00  0.760E+08  0.166E+00  0.780E+08  0.157E+00
  0.800E+08  0.149E+00  0.820E+08  0.141E+00  0.840E+08  0.131E+00
  0.860E+08  0.122E+00  0.880E+08  0.117E+00  0.900E+08  0.108E+00
  0.920E+08  0.100E+00  0.940E+08  0.936E-01  0.960E+08  0.901E-01
  0.980E+08  0.856E-01  0.100E+09  0.837E-01
W175 
         181
           0
          26
  0.377E+08  0.000E+00  0.520E+08  0.625E-12  0.540E+08  0.147E-08
  0.560E+08  0.882E-07  0.580E+08  0.730E-06  0.600E+08  0.777E-05
  0.620E+08  0.551E-04  0.640E+08  0.430E-03  0.660E+08  0.147E-02
  0.680E+08  0.408E-02  0.700E+08  0.915E-02  0.720E+08  0.147E-01
  0.740E+08  0.251E-01  0.760E+08  0.351E-01  0.780E+08  0.484E-01
  0.800E+08  0.585E-01  0.820E+08  0.691E-01  0.840E+08  0.763E-01
  0.860E+08  0.815E-01  0.880E+08  0.818E-01  0.900E+08  0.807E-01
  0.920E+08  0.789E-01  0.940E+08  0.770E-01  0.960E+08  0.701E-01
  0.980E+08  0.663E-01  0.100E+09  0.629E-01
W174 
         182
           0
          22
  0.452E+08  0.000E+00  0.600E+08  0.562E-14  0.620E+08  0.325E-10
  0.640E+08  0.929E-08  0.660E+08  0.233E-06  0.680E+08  0.317E-05
  0.700E+08  0.264E-04  0.720E+08  0.103E-03  0.740E+08  0.384E-03
  0.760E+08  0.125E-02  0.780E+08  0.324E-02  0.800E+08  0.589E-02
  0.820E+08  0.110E-01  0.840E+08  0.175E-01  0.860E+08  0.266E-01
  0.880E+08  0.337E-01  0.900E+08  0.443E-01  0.920E+08  0.555E-01
  0.940E+08  0.666E-01  0.960E+08  0.761E-01  0.980E+08  0.837E-01
  0.100E+09  0.889E-01
W173 
         183
           0
          17
  0.548E+08  0.000E+00  0.700E+08  0.719E-14  0.720E+08  0.546E-11
  0.740E+08  0.821E-09  0.760E+08  0.123E-07  0.780E+08  0.101E-06
  0.800E+08  0.314E-06  0.820E+08  0.195E-05  0.840E+08  0.748E-05
  0.860E+08  0.331E-04  0.880E+08  0.872E-04  0.900E+08  0.261E-03
  0.920E+08  0.590E-03  0.940E+08  0.161E-02  0.960E+08  0.313E-02
  0.980E+08  0.547E-02  0.100E+09  0.841E-02
W172 
         184
           0
          13
  0.626E+08  0.000E+00  0.780E+08  0.571E-16  0.800E+08  0.459E-14
  0.820E+08  0.163E-11  0.840E+08  0.411E-10  0.860E+08  0.123E-08
  0.880E+08  0.123E-07  0.900E+08  0.101E-06  0.920E+08  0.770E-06
  0.940E+08  0.667E-05  0.960E+08  0.281E-04  0.980E+08  0.960E-04
  0.100E+09  0.525E-03
W171 
         185
           0
           7
  0.725E+08  0.000E+00  0.900E+08  0.279E-17  0.920E+08  0.676E-14
  0.940E+08  0.242E-11  0.960E+08  0.647E-10  0.980E+08  0.853E-09
  0.100E+09  0.857E-08
W170 
         186
           0
           3
  0.806E+08  0.000E+00  0.980E+08  0.296E-18  0.100E+09  0.790E-15
TA182
         219
           0
          49
  0.117E+08  0.000E+00  0.280E+08  0.171E-18  0.290E+08  0.312E-16
  0.300E+08  0.457E-15  0.310E+08  0.333E-14  0.320E+08  0.187E-13
  0.330E+08  0.761E-13  0.340E+08  0.265E-12  0.350E+08  0.818E-12
  0.360E+08  0.184E-11  0.370E+08  0.477E-11  0.380E+08  0.117E-10
  0.390E+08  0.288E-10  0.400E+08  0.521E-10  0.410E+08  0.109E-09
  0.420E+08  0.197E-09  0.430E+08  0.311E-09  0.440E+08  0.454E-09
  0.450E+08  0.616E-09  0.460E+08  0.732E-09  0.470E+08  0.890E-09
  0.480E+08  0.116E-08  0.490E+08  0.121E-08  0.500E+08  0.158E-08
  0.520E+08  0.239E-08  0.540E+08  0.404E-08  0.560E+08  0.773E-08
  0.580E+08  0.148E-07  0.600E+08  0.258E-07  0.620E+08  0.393E-07
  0.640E+08  0.444E-07  0.660E+08  0.544E-07  0.680E+08  0.617E-07
  0.700E+08  0.948E-07  0.720E+08  0.646E-07  0.740E+08  0.653E-07
  0.760E+08  0.653E-07  0.780E+08  0.643E-07  0.800E+08  0.637E-07
  0.820E+08  0.531E-07  0.840E+08  0.532E-07  0.860E+08  0.527E-07
  0.880E+08  0.591E-07  0.900E+08  0.620E-07  0.920E+08  0.622E-07
  0.940E+08  0.617E-07  0.960E+08  0.624E-07  0.980E+08  0.623E-07
  0.100E+09  0.536E-07
TA181
         220
           0
          45
  0.155E+08  0.000E+00  0.320E+08  0.666E-20  0.330E+08  0.693E-18
  0.340E+08  0.128E-16  0.350E+08  0.106E-14  0.360E+08  0.154E-13
  0.370E+08  0.131E-12  0.380E+08  0.772E-12  0.390E+08  0.430E-11
  0.400E+08  0.137E-10  0.410E+08  0.450E-10  0.420E+08  0.103E-09
  0.430E+08  0.243E-09  0.440E+08  0.514E-09  0.450E+08  0.992E-09
  0.460E+08  0.147E-08  0.470E+08  0.256E-08  0.480E+08  0.497E-08
  0.490E+08  0.690E-08  0.500E+08  0.110E-07  0.520E+08  0.211E-07
  0.540E+08  0.391E-07  0.560E+08  0.722E-07  0.580E+08  0.124E-06
  0.600E+08  0.159E-06  0.620E+08  0.228E-06  0.640E+08  0.286E-06
  0.660E+08  0.406E-06  0.680E+08  0.521E-06  0.700E+08  0.714E-06
  0.720E+08  0.901E-06  0.740E+08  0.119E-05  0.760E+08  0.150E-05
  0.780E+08  0.181E-05  0.800E+08  0.210E-05  0.820E+08  0.210E-05
  0.840E+08  0.226E-05  0.860E+08  0.235E-05  0.880E+08  0.260E-05
  0.900E+08  0.258E-05  0.920E+08  0.258E-05  0.940E+08  0.275E-05
  0.960E+08  0.272E-05  0.980E+08  0.269E-05  0.100E+09  0.241E-05
TA180
         221
           0
          61
  0.100E-04  0.000E+00  0.160E+08  0.789E-11  0.170E+08  0.698E-10
  0.180E+08  0.277E-09  0.190E+08  0.840E-09  0.200E+08  0.255E-08
  0.210E+08  0.612E-08  0.220E+08  0.136E-07  0.230E+08  0.283E-07
  0.240E+08  0.550E-07  0.250E+08  0.102E-06  0.260E+08  0.176E-06
  0.270E+08  0.274E-06  0.280E+08  0.366E-06  0.290E+08  0.530E-06
  0.300E+08  0.747E-06  0.310E+08  0.994E-06  0.320E+08  0.134E-05
  0.330E+08  0.173E-05  0.340E+08  0.200E-05  0.350E+08  0.224E-05
  0.360E+08  0.244E-05  0.370E+08  0.258E-05  0.380E+08  0.291E-05
  0.390E+08  0.298E-05  0.400E+08  0.301E-05  0.410E+08  0.302E-05
  0.420E+08  0.301E-05  0.430E+08  0.298E-05  0.440E+08  0.294E-05
  0.450E+08  0.288E-05  0.460E+08  0.207E-05  0.470E+08  0.187E-05
  0.480E+08  0.188E-05  0.490E+08  0.184E-05  0.500E+08  0.179E-05
  0.520E+08  0.170E-05  0.540E+08  0.187E-05  0.560E+08  0.165E-05
  0.580E+08  0.165E-05  0.600E+08  0.197E-05  0.620E+08  0.244E-05
  0.640E+08  0.313E-05  0.660E+08  0.434E-05  0.680E+08  0.565E-05
  0.700E+08  0.710E-05  0.720E+08  0.812E-05  0.740E+08  0.855E-05
  0.760E+08  0.912E-05  0.780E+08  0.937E-05  0.800E+08  0.994E-05
  0.820E+08  0.987E-05  0.840E+08  0.103E-04  0.860E+08  0.118E-04
  0.880E+08  0.131E-04  0.900E+08  0.139E-04  0.920E+08  0.157E-04
  0.940E+08  0.169E-04  0.960E+08  0.180E-04  0.980E+08  0.193E-04
  0.100E+09  0.190E-04
TA179
         222
           0
          57
  0.139E+07  0.000E+00  0.200E+08  0.255E-15  0.210E+08  0.251E-13
  0.220E+08  0.341E-12  0.230E+08  0.760E-10  0.240E+08  0.851E-09
  0.250E+08  0.433E-08  0.260E+08  0.140E-07  0.270E+08  0.390E-07
  0.280E+08  0.836E-07  0.290E+08  0.184E-06  0.300E+08  0.384E-06
  0.310E+08  0.740E-06  0.320E+08  0.142E-05  0.330E+08  0.253E-05
  0.340E+08  0.412E-05  0.350E+08  0.644E-05  0.360E+08  0.973E-05
  0.370E+08  0.141E-04  0.380E+08  0.198E-04  0.390E+08  0.276E-04
  0.400E+08  0.369E-04  0.410E+08  0.480E-04  0.420E+08  0.604E-04
  0.430E+08  0.730E-04  0.440E+08  0.854E-04  0.450E+08  0.954E-04
  0.460E+08  0.906E-04  0.470E+08  0.854E-04  0.480E+08  0.105E-03
  0.490E+08  0.102E-03  0.500E+08  0.968E-04  0.520E+08  0.841E-04
  0.540E+08  0.770E-04  0.560E+08  0.657E-04  0.580E+08  0.595E-04
  0.600E+08  0.575E-04  0.620E+08  0.556E-04  0.640E+08  0.539E-04
  0.660E+08  0.522E-04  0.680E+08  0.578E-04  0.700E+08  0.615E-04
  0.720E+08  0.680E-04  0.740E+08  0.505E-04  0.760E+08  0.568E-04
  0.780E+08  0.630E-04  0.800E+08  0.706E-04  0.820E+08  0.735E-04
  0.840E+08  0.750E-04  0.860E+08  0.788E-04  0.880E+08  0.788E-04
  0.900E+08  0.771E-04  0.920E+08  0.763E-04  0.940E+08  0.755E-04
  0.960E+08  0.758E-04  0.980E+08  0.796E-04  0.100E+09  0.803E-04
TA178
         223
           0
          49
  0.933E+07  0.000E+00  0.280E+08  0.159E-14  0.290E+08  0.392E-12
  0.300E+08  0.654E-11  0.310E+08  0.596E-10  0.320E+08  0.467E-09
  0.330E+08  0.297E-08  0.340E+08  0.134E-07  0.350E+08  0.489E-07
  0.360E+08  0.148E-06  0.370E+08  0.546E-06  0.380E+08  0.132E-05
  0.390E+08  0.263E-05  0.400E+08  0.574E-05  0.410E+08  0.117E-04
  0.420E+08  0.223E-04  0.430E+08  0.398E-04  0.440E+08  0.676E-04
  0.450E+08  0.106E-03  0.460E+08  0.148E-03  0.470E+08  0.192E-03
  0.480E+08  0.276E-03  0.490E+08  0.334E-03  0.500E+08  0.384E-03
  0.520E+08  0.439E-03  0.540E+08  0.442E-03  0.560E+08  0.402E-03
  0.580E+08  0.376E-03  0.600E+08  0.362E-03  0.620E+08  0.355E-03
  0.640E+08  0.345E-03  0.660E+08  0.326E-03  0.680E+08  0.313E-03
  0.700E+08  0.305E-03  0.720E+08  0.320E-03  0.740E+08  0.270E-03
  0.760E+08  0.263E-03  0.780E+08  0.259E-03  0.800E+08  0.266E-03
  0.820E+08  0.267E-03  0.840E+08  0.264E-03  0.860E+08  0.264E-03
  0.880E+08  0.270E-03  0.900E+08  0.293E-03  0.920E+08  0.292E-03
  0.940E+08  0.217E-03  0.960E+08  0.220E-03  0.980E+08  0.229E-03
  0.100E+09  0.227E-03
TA177
         224
           0
          42
  0.162E+08  0.000E+00  0.350E+08  0.103E-14  0.360E+08  0.304E-12
  0.370E+08  0.112E-10  0.380E+08  0.938E-10  0.390E+08  0.793E-09
  0.400E+08  0.508E-08  0.410E+08  0.254E-07  0.420E+08  0.104E-06
  0.430E+08  0.321E-06  0.440E+08  0.105E-05  0.450E+08  0.283E-05
  0.460E+08  0.304E-04  0.470E+08  0.459E-04  0.480E+08  0.290E-04
  0.490E+08  0.534E-04  0.500E+08  0.929E-04  0.520E+08  0.195E-03
  0.540E+08  0.342E-03  0.560E+08  0.499E-03  0.580E+08  0.747E-03
  0.600E+08  0.111E-02  0.620E+08  0.164E-02  0.640E+08  0.228E-02
  0.660E+08  0.307E-02  0.680E+08  0.390E-02  0.700E+08  0.509E-02
  0.720E+08  0.585E-02  0.740E+08  0.568E-02  0.760E+08  0.589E-02
  0.780E+08  0.593E-02  0.800E+08  0.597E-02  0.820E+08  0.580E-02
  0.840E+08  0.552E-02  0.860E+08  0.553E-02  0.880E+08  0.527E-02
  0.900E+08  0.502E-02  0.920E+08  0.470E-02  0.940E+08  0.411E-02
  0.960E+08  0.398E-02  0.980E+08  0.396E-02  0.100E+09  0.386E-02
TA176
         225
           0
          33
  0.246E+08  0.000E+00  0.440E+08  0.380E-14  0.450E+08  0.693E-12
  0.460E+08  0.834E-06  0.470E+08  0.182E-05  0.480E+08  0.156E-08
  0.490E+08  0.788E-08  0.500E+08  0.459E-07  0.520E+08  0.362E-06
  0.540E+08  0.194E-05  0.560E+08  0.808E-05  0.580E+08  0.277E-04
  0.600E+08  0.915E-04  0.620E+08  0.273E-03  0.640E+08  0.665E-03
  0.660E+08  0.125E-02  0.680E+08  0.242E-02  0.700E+08  0.382E-02
  0.720E+08  0.591E-02  0.740E+08  0.818E-02  0.760E+08  0.102E-01
  0.780E+08  0.117E-01  0.800E+08  0.130E-01  0.820E+08  0.136E-01
  0.840E+08  0.136E-01  0.860E+08  0.131E-01  0.880E+08  0.127E-01
  0.900E+08  0.122E-01  0.920E+08  0.119E-01  0.940E+08  0.111E-01
  0.960E+08  0.104E-01  0.980E+08  0.102E-01  0.100E+09  0.985E-02
TA175
         226
           0
          28
  0.317E+08  0.000E+00  0.460E+08  0.286E-10  0.470E+08  0.258E-09
  0.520E+08  0.707E-13  0.540E+08  0.258E-10  0.560E+08  0.230E-08
  0.580E+08  0.301E-07  0.600E+08  0.314E-06  0.620E+08  0.272E-05
  0.640E+08  0.126E-04  0.660E+08  0.471E-04  0.680E+08  0.162E-03
  0.700E+08  0.373E-03  0.720E+08  0.931E-03  0.740E+08  0.214E-02
  0.760E+08  0.392E-02  0.780E+08  0.643E-02  0.800E+08  0.958E-02
  0.820E+08  0.132E-01  0.840E+08  0.166E-01  0.860E+08  0.199E-01
  0.880E+08  0.230E-01  0.900E+08  0.257E-01  0.920E+08  0.279E-01
  0.940E+08  0.293E-01  0.960E+08  0.298E-01  0.980E+08  0.301E-01
  0.100E+09  0.300E-01
TA174
         227
           0
          22
  0.405E+08  0.000E+00  0.600E+08  0.106E-15  0.620E+08  0.453E-12
  0.640E+08  0.293E-10  0.660E+08  0.974E-09  0.680E+08  0.168E-07
  0.700E+08  0.145E-06  0.720E+08  0.913E-06  0.740E+08  0.577E-05
  0.760E+08  0.259E-04  0.780E+08  0.928E-04  0.800E+08  0.263E-03
  0.820E+08  0.654E-03  0.840E+08  0.135E-02  0.860E+08  0.253E-02
  0.880E+08  0.432E-02  0.900E+08  0.622E-02  0.920E+08  0.784E-02
  0.940E+08  0.106E-01  0.960E+08  0.133E-01  0.980E+08  0.161E-01
  0.100E+09  0.185E-01
TA173
         228
           0
          18
  0.479E+08  0.000E+00  0.680E+08  0.628E-17  0.700E+08  0.197E-13
  0.720E+08  0.466E-11  0.740E+08  0.211E-09  0.760E+08  0.420E-08
  0.780E+08  0.477E-07  0.800E+08  0.321E-06  0.820E+08  0.208E-05
  0.840E+08  0.861E-05  0.860E+08  0.343E-04  0.880E+08  0.116E-03
  0.900E+08  0.296E-03  0.920E+08  0.530E-03  0.940E+08  0.137E-02
  0.960E+08  0.238E-02  0.980E+08  0.535E-02  0.100E+09  0.797E-02
TA172
         229
           0
          13
  0.571E+08  0.000E+00  0.780E+08  0.830E-16  0.800E+08  0.116E-13
  0.820E+08  0.123E-11  0.840E+08  0.251E-10  0.860E+08  0.354E-09
  0.880E+08  0.400E-08  0.900E+08  0.316E-07  0.920E+08  0.146E-06
  0.940E+08  0.991E-06  0.960E+08  0.415E-05  0.980E+08  0.204E-04
  0.100E+09  0.599E-04
TA171
         230
           0
           9
  0.651E+08  0.000E+00  0.860E+08  0.313E-20  0.880E+08  0.113E-16
  0.900E+08  0.336E-14  0.920E+08  0.192E-12  0.940E+08  0.264E-10
  0.960E+08  0.454E-09  0.980E+08  0.857E-08  0.100E+09  0.647E-07
TA170
         231
           0
           4
  0.745E+08  0.000E+00  0.960E+08  0.525E-20  0.980E+08  0.178E-16
  0.100E+09  0.240E-14
HF181
         254
           0
          37
  0.180E+08  0.000E+00  0.400E+08  0.873E-24  0.410E+08  0.537E-22
  0.420E+08  0.107E-20  0.430E+08  0.993E-20  0.440E+08  0.653E-19
  0.450E+08  0.337E-18  0.460E+08  0.106E-17  0.470E+08  0.408E-17
  0.480E+08  0.168E-16  0.490E+08  0.468E-16  0.500E+08  0.142E-15
  0.520E+08  0.105E-14  0.540E+08  0.536E-14  0.560E+08  0.223E-13
  0.580E+08  0.759E-13  0.600E+08  0.220E-12  0.620E+08  0.609E-12
  0.640E+08  0.114E-11  0.660E+08  0.185E-11  0.680E+08  0.279E-11
  0.700E+08  0.468E-11  0.720E+08  0.566E-11  0.740E+08  0.658E-11
  0.760E+08  0.723E-11  0.780E+08  0.776E-11  0.800E+08  0.722E-11
  0.820E+08  0.968E-11  0.840E+08  0.110E-10  0.860E+08  0.128E-10
  0.880E+08  0.167E-10  0.900E+08  0.229E-10  0.920E+08  0.272E-10
  0.940E+08  0.325E-10  0.960E+08  0.382E-10  0.980E+08  0.452E-10
  0.100E+09  0.473E-10
HF180
         255
           0
          34
  0.215E+08  0.000E+00  0.430E+08  0.735E-28  0.440E+08  0.838E-25
  0.450E+08  0.430E-23  0.460E+08  0.524E-22  0.470E+08  0.300E-18
  0.480E+08  0.283E-18  0.490E+08  0.188E-17  0.500E+08  0.115E-16
  0.520E+08  0.246E-15  0.540E+08  0.291E-14  0.560E+08  0.243E-13
  0.580E+08  0.154E-12  0.600E+08  0.794E-12  0.620E+08  0.253E-11
  0.640E+08  0.787E-11  0.660E+08  0.175E-10  0.680E+08  0.421E-10
  0.700E+08  0.101E-09  0.720E+08  0.180E-09  0.740E+08  0.279E-09
  0.760E+08  0.389E-09  0.780E+08  0.505E-09  0.800E+08  0.574E-09
  0.820E+08  0.617E-09  0.840E+08  0.764E-09  0.860E+08  0.834E-09
  0.880E+08  0.961E-09  0.900E+08  0.112E-08  0.920E+08  0.120E-08
  0.940E+08  0.134E-08  0.960E+08  0.147E-08  0.980E+08  0.169E-08
  0.100E+09  0.162E-08
HF179
         256
           0
          50
  0.273E+07  0.000E+00  0.270E+08  0.171E-17  0.280E+08  0.446E-16
  0.290E+08  0.424E-15  0.300E+08  0.248E-14  0.310E+08  0.109E-13
  0.320E+08  0.434E-13  0.330E+08  0.144E-12  0.340E+08  0.427E-12
  0.350E+08  0.118E-11  0.360E+08  0.286E-11  0.370E+08  0.600E-11
  0.380E+08  0.161E-10  0.390E+08  0.365E-10  0.400E+08  0.740E-10
  0.410E+08  0.150E-09  0.420E+08  0.277E-09  0.430E+08  0.483E-09
  0.440E+08  0.788E-09  0.450E+08  0.121E-08  0.460E+08  0.168E-08
  0.470E+08  0.212E-08  0.480E+08  0.345E-08  0.490E+08  0.398E-08
  0.500E+08  0.450E-08  0.520E+08  0.505E-08  0.540E+08  0.324E-08
  0.560E+08  0.406E-08  0.580E+08  0.557E-08  0.600E+08  0.783E-08
  0.620E+08  0.105E-07  0.640E+08  0.114E-07  0.660E+08  0.147E-07
  0.680E+08  0.173E-07  0.700E+08  0.220E-07  0.720E+08  0.247E-07
  0.740E+08  0.271E-07  0.760E+08  0.299E-07  0.780E+08  0.328E-07
  0.800E+08  0.361E-07  0.820E+08  0.360E-07  0.840E+08  0.416E-07
  0.860E+08  0.458E-07  0.880E+08  0.513E-07  0.900E+08  0.544E-07
  0.920E+08  0.554E-07  0.940E+08  0.572E-07  0.960E+08  0.583E-07
  0.980E+08  0.602E-07  0.100E+09  0.648E-07
HF178
         257
           0
          46
  0.662E+07  0.000E+00  0.310E+08  0.400E-20  0.320E+08  0.240E-18
  0.330E+08  0.902E-17  0.340E+08  0.671E-15  0.350E+08  0.904E-14
  0.360E+08  0.568E-13  0.370E+08  0.266E-12  0.380E+08  0.139E-11
  0.390E+08  0.569E-11  0.400E+08  0.183E-10  0.410E+08  0.557E-10
  0.420E+08  0.149E-09  0.430E+08  0.366E-09  0.440E+08  0.833E-09
  0.450E+08  0.176E-08  0.460E+08  0.349E-08  0.470E+08  0.635E-08
  0.480E+08  0.130E-07  0.490E+08  0.203E-07  0.500E+08  0.303E-07
  0.520E+08  0.564E-07  0.540E+08  0.857E-07  0.560E+08  0.111E-06
  0.580E+08  0.155E-06  0.600E+08  0.237E-06  0.620E+08  0.338E-06
  0.640E+08  0.447E-06  0.660E+08  0.578E-06  0.680E+08  0.734E-06
  0.700E+08  0.919E-06  0.720E+08  0.108E-05  0.740E+08  0.119E-05
  0.760E+08  0.135E-05  0.780E+08  0.163E-05  0.800E+08  0.181E-05
  0.820E+08  0.213E-05  0.840E+08  0.213E-05  0.860E+08  0.229E-05
  0.880E+08  0.247E-05  0.900E+08  0.254E-05  0.920E+08  0.255E-05
  0.940E+08  0.261E-05  0.960E+08  0.263E-05  0.980E+08  0.293E-05
  0.100E+09  0.314E-05
HF177
         258
           0
          64
  0.100E-04  0.000E+00  0.140E+08  0.626E-13  0.145E+08  0.743E-12
  0.150E+08  0.261E-11  0.160E+08  0.972E-11  0.170E+08  0.324E-10
  0.180E+08  0.868E-10  0.190E+08  0.209E-09  0.200E+08  0.514E-09
  0.210E+08  0.110E-08  0.220E+08  0.222E-08  0.230E+08  0.424E-08
  0.240E+08  0.767E-08  0.250E+08  0.132E-07  0.260E+08  0.217E-07
  0.270E+08  0.340E-07  0.280E+08  0.475E-07  0.290E+08  0.662E-07
  0.300E+08  0.961E-07  0.310E+08  0.106E-06  0.320E+08  0.135E-06
  0.330E+08  0.187E-06  0.340E+08  0.219E-06  0.350E+08  0.278E-06
  0.360E+08  0.308E-06  0.370E+08  0.331E-06  0.380E+08  0.351E-06
  0.390E+08  0.362E-06  0.400E+08  0.368E-06  0.410E+08  0.369E-06
  0.420E+08  0.368E-06  0.430E+08  0.364E-06  0.440E+08  0.358E-06
  0.450E+08  0.352E-06  0.460E+08  0.346E-06  0.470E+08  0.329E-06
  0.480E+08  0.320E-06  0.490E+08  0.312E-06  0.500E+08  0.302E-06
  0.520E+08  0.281E-06  0.540E+08  0.268E-06  0.560E+08  0.269E-06
  0.580E+08  0.330E-06  0.600E+08  0.507E-06  0.620E+08  0.992E-06
  0.640E+08  0.191E-05  0.660E+08  0.332E-05  0.680E+08  0.453E-05
  0.700E+08  0.658E-05  0.720E+08  0.857E-05  0.740E+08  0.976E-05
  0.760E+08  0.109E-04  0.780E+08  0.113E-04  0.800E+08  0.118E-04
  0.820E+08  0.141E-04  0.840E+08  0.130E-04  0.860E+08  0.135E-04
  0.880E+08  0.135E-04  0.900E+08  0.135E-04  0.920E+08  0.133E-04
  0.940E+08  0.134E-04  0.960E+08  0.135E-04  0.980E+08  0.136E-04
  0.100E+09  0.156E-04
HF176
         259
           0
          46
  0.100E-04  0.000E+00  0.310E+08  0.113E-06  0.320E+08  0.202E-06
  0.330E+08  0.378E-06  0.340E+08  0.608E-06  0.350E+08  0.932E-06
  0.360E+08  0.145E-05  0.370E+08  0.219E-05  0.380E+08  0.333E-05
  0.390E+08  0.486E-05  0.400E+08  0.697E-05  0.410E+08  0.996E-05
  0.420E+08  0.137E-04  0.430E+08  0.184E-04  0.440E+08  0.239E-04
  0.450E+08  0.296E-04  0.460E+08  0.352E-04  0.470E+08  0.381E-04
  0.480E+08  0.377E-04  0.490E+08  0.378E-04  0.500E+08  0.363E-04
  0.520E+08  0.331E-04  0.540E+08  0.257E-04  0.560E+08  0.196E-04
  0.580E+08  0.154E-04  0.600E+08  0.116E-04  0.620E+08  0.104E-04
  0.640E+08  0.951E-05  0.660E+08  0.954E-05  0.680E+08  0.117E-04
  0.700E+08  0.177E-04  0.720E+08  0.268E-04  0.740E+08  0.396E-04
  0.760E+08  0.560E-04  0.780E+08  0.734E-04  0.800E+08  0.943E-04
  0.820E+08  0.110E-03  0.840E+08  0.120E-03  0.860E+08  0.137E-03
  0.880E+08  0.151E-03  0.900E+08  0.131E-03  0.920E+08  0.131E-03
  0.940E+08  0.130E-03  0.960E+08  0.128E-03  0.980E+08  0.127E-03
  0.100E+09  0.124E-03
HF175
         260
           0
          46
  0.271E+07  0.000E+00  0.310E+08  0.142E-10  0.320E+08  0.129E-09
  0.330E+08  0.559E-09  0.340E+08  0.179E-08  0.350E+08  0.590E-08
  0.360E+08  0.174E-07  0.370E+08  0.488E-07  0.380E+08  0.130E-06
  0.390E+08  0.315E-06  0.400E+08  0.729E-06  0.410E+08  0.140E-05
  0.420E+08  0.296E-05  0.430E+08  0.589E-05  0.440E+08  0.111E-04
  0.450E+08  0.195E-04  0.460E+08  0.319E-04  0.470E+08  0.491E-04
  0.480E+08  0.736E-04  0.490E+08  0.963E-04  0.500E+08  0.116E-03
  0.520E+08  0.138E-03  0.540E+08  0.139E-03  0.560E+08  0.123E-03
  0.580E+08  0.103E-03  0.600E+08  0.574E-04  0.620E+08  0.483E-04
  0.640E+08  0.419E-04  0.660E+08  0.371E-04  0.680E+08  0.336E-04
  0.700E+08  0.295E-04  0.720E+08  0.266E-04  0.740E+08  0.252E-04
  0.760E+08  0.251E-04  0.780E+08  0.279E-04  0.800E+08  0.365E-04
  0.820E+08  0.474E-04  0.840E+08  0.644E-04  0.860E+08  0.924E-04
  0.880E+08  0.116E-03  0.900E+08  0.164E-03  0.920E+08  0.189E-03
  0.940E+08  0.218E-03  0.960E+08  0.236E-03  0.980E+08  0.252E-03
  0.100E+09  0.263E-03
HF174
         261
           0
          41
  0.945E+07  0.000E+00  0.360E+08  0.214E-14  0.370E+08  0.124E-11
  0.380E+08  0.271E-10  0.390E+08  0.242E-09  0.400E+08  0.857E-09
  0.410E+08  0.404E-08  0.420E+08  0.167E-07  0.430E+08  0.600E-07
  0.440E+08  0.196E-06  0.450E+08  0.559E-06  0.460E+08  0.143E-05
  0.470E+08  0.364E-05  0.480E+08  0.633E-05  0.490E+08  0.110E-04
  0.500E+08  0.186E-04  0.520E+08  0.443E-04  0.540E+08  0.821E-04
  0.560E+08  0.127E-03  0.580E+08  0.183E-03  0.600E+08  0.270E-03
  0.620E+08  0.357E-03  0.640E+08  0.468E-03  0.660E+08  0.579E-03
  0.680E+08  0.705E-03  0.700E+08  0.801E-03  0.720E+08  0.880E-03
  0.740E+08  0.906E-03  0.760E+08  0.919E-03  0.780E+08  0.900E-03
  0.800E+08  0.944E-03  0.820E+08  0.897E-03  0.840E+08  0.857E-03
  0.860E+08  0.809E-03  0.880E+08  0.762E-03  0.900E+08  0.706E-03
  0.920E+08  0.708E-03  0.940E+08  0.752E-03  0.960E+08  0.797E-03
  0.980E+08  0.882E-03  0.100E+09  0.100E-02
HF173
         262
           0
          32
  0.181E+08  0.000E+00  0.450E+08  0.144E-14  0.460E+08  0.162E-12
  0.470E+08  0.479E-11  0.480E+08  0.628E-10  0.490E+08  0.328E-09
  0.500E+08  0.132E-08  0.520E+08  0.146E-07  0.540E+08  0.107E-06
  0.560E+08  0.605E-06  0.580E+08  0.227E-05  0.600E+08  0.109E-04
  0.620E+08  0.283E-04  0.640E+08  0.709E-04  0.660E+08  0.146E-03
  0.680E+08  0.246E-03  0.700E+08  0.431E-03  0.720E+08  0.689E-03
  0.740E+08  0.951E-03  0.760E+08  0.129E-02  0.780E+08  0.161E-02
  0.800E+08  0.189E-02  0.820E+08  0.212E-02  0.840E+08  0.228E-02
  0.860E+08  0.243E-02  0.880E+08  0.241E-02  0.900E+08  0.198E-02
  0.920E+08  0.155E-02  0.940E+08  0.142E-02  0.960E+08  0.127E-02
  0.980E+08  0.118E-02  0.100E+09  0.105E-02
HF172
         263
           0
          26
  0.251E+08  0.000E+00  0.520E+08  0.136E-15  0.540E+08  0.355E-12
  0.560E+08  0.325E-10  0.580E+08  0.463E-09  0.600E+08  0.103E-07
  0.620E+08  0.910E-07  0.640E+08  0.603E-06  0.660E+08  0.263E-05
  0.680E+08  0.741E-05  0.700E+08  0.264E-04  0.720E+08  0.759E-04
  0.740E+08  0.172E-03  0.760E+08  0.375E-03  0.780E+08  0.709E-03
  0.800E+08  0.119E-02  0.820E+08  0.184E-02  0.840E+08  0.261E-02
  0.860E+08  0.333E-02  0.880E+08  0.427E-02  0.900E+08  0.572E-02
  0.920E+08  0.637E-02  0.940E+08  0.638E-02  0.960E+08  0.649E-02
  0.980E+08  0.647E-02  0.100E+09  0.640E-02
HF171
         264
           0
          21
  0.342E+08  0.000E+00  0.620E+08  0.143E-16  0.640E+08  0.402E-13
  0.660E+08  0.248E-11  0.680E+08  0.561E-10  0.700E+08  0.745E-09
  0.720E+08  0.473E-08  0.740E+08  0.361E-07  0.760E+08  0.204E-06
  0.780E+08  0.945E-06  0.800E+08  0.306E-05  0.820E+08  0.913E-05
  0.840E+08  0.265E-04  0.860E+08  0.697E-04  0.880E+08  0.176E-03
  0.900E+08  0.462E-03  0.920E+08  0.791E-03  0.940E+08  0.158E-02
  0.960E+08  0.237E-02  0.980E+08  0.296E-02  0.100E+09  0.334E-02
HF170
         265
           0
          17
  0.416E+08  0.000E+00  0.700E+08  0.205E-17  0.720E+08  0.134E-14
  0.740E+08  0.187E-12  0.760E+08  0.737E-11  0.780E+08  0.146E-09
  0.800E+08  0.106E-08  0.820E+08  0.977E-08  0.840E+08  0.549E-07
  0.860E+08  0.259E-06  0.880E+08  0.130E-05  0.900E+08  0.174E-04
  0.920E+08  0.495E-04  0.940E+08  0.175E-03  0.960E+08  0.355E-03
  0.980E+08  0.634E-03  0.100E+09  0.105E-02
HF169
         266
           0
          12
  0.512E+08  0.000E+00  0.800E+08  0.163E-19  0.820E+08  0.396E-16
  0.840E+08  0.200E-14  0.860E+08  0.979E-13  0.880E+08  0.144E-11
  0.900E+08  0.385E-10  0.920E+08  0.358E-09  0.940E+08  0.713E-08
  0.960E+08  0.432E-07  0.980E+08  0.210E-06  0.100E+09  0.904E-06
HF168
         267
           0
           8
  0.588E+08  0.000E+00  0.880E+08  0.691E-23  0.900E+08  0.825E-18
  0.920E+08  0.144E-15  0.940E+08  0.535E-13  0.960E+08  0.135E-11
  0.980E+08  0.215E-10  0.100E+09  0.260E-09
HF167
         268
           0
           3
  0.686E+08  0.000E+00  0.980E+08  0.295E-22  0.100E+09  0.265E-18
LU180
         275
           0
          25
  0.261E+08  0.000E+00  0.540E+08  0.428E-27  0.560E+08  0.957E-25
  0.580E+08  0.576E-23  0.600E+08  0.131E-21  0.620E+08  0.126E-20
  0.640E+08  0.144E-19  0.660E+08  0.701E-19  0.680E+08  0.491E-18
  0.700E+08  0.313E-17  0.720E+08  0.195E-16  0.740E+08  0.688E-16
  0.760E+08  0.206E-15  0.780E+08  0.439E-15  0.800E+08  0.955E-15
  0.820E+08  0.207E-14  0.840E+08  0.538E-14  0.860E+08  0.858E-14
  0.880E+08  0.134E-13  0.900E+08  0.198E-13  0.920E+08  0.239E-13
  0.940E+08  0.293E-13  0.960E+08  0.286E-13  0.980E+08  0.334E-13
  0.100E+09  0.360E-13
LU179
         276
           0
          24
  0.295E+08  0.000E+00  0.560E+08  0.101E-32  0.580E+08  0.636E-28
  0.600E+08  0.133E-24  0.620E+08  0.683E-23  0.640E+08  0.339E-21
  0.660E+08  0.437E-20  0.680E+08  0.743E-19  0.700E+08  0.957E-18
  0.720E+08  0.130E-16  0.740E+08  0.819E-16  0.760E+08  0.431E-15
  0.780E+08  0.170E-14  0.800E+08  0.614E-14  0.820E+08  0.207E-13
  0.840E+08  0.562E-13  0.860E+08  0.129E-12  0.880E+08  0.277E-12
  0.900E+08  0.544E-12  0.920E+08  0.796E-12  0.940E+08  0.123E-11
  0.960E+08  0.156E-11  0.980E+08  0.215E-11  0.100E+09  0.263E-11
LU178
         277
           0
          37
  0.102E+08  0.000E+00  0.400E+08  0.146E-22  0.410E+08  0.741E-21
  0.420E+08  0.125E-19  0.430E+08  0.111E-18  0.440E+08  0.715E-18
  0.450E+08  0.364E-17  0.460E+08  0.157E-16  0.470E+08  0.646E-16
  0.480E+08  0.337E-15  0.490E+08  0.925E-15  0.500E+08  0.242E-14
  0.520E+08  0.133E-13  0.540E+08  0.695E-13  0.560E+08  0.215E-12
  0.580E+08  0.710E-12  0.600E+08  0.194E-11  0.620E+08  0.477E-11
  0.640E+08  0.105E-10  0.660E+08  0.221E-10  0.680E+08  0.382E-10
  0.700E+08  0.627E-10  0.720E+08  0.849E-10  0.740E+08  0.101E-09
  0.760E+08  0.116E-09  0.780E+08  0.107E-09  0.800E+08  0.115E-09
  0.820E+08  0.117E-09  0.840E+08  0.124E-09  0.860E+08  0.134E-09
  0.880E+08  0.154E-09  0.900E+08  0.171E-09  0.920E+08  0.184E-09
  0.940E+08  0.209E-09  0.960E+08  0.212E-09  0.980E+08  0.256E-09
  0.100E+09  0.292E-09
LU177
         278
           0
          34
  0.140E+08  0.000E+00  0.430E+08  0.119E-27  0.440E+08  0.591E-24
  0.450E+08  0.303E-22  0.460E+08  0.171E-21  0.470E+08  0.663E-18
  0.480E+08  0.865E-18  0.490E+08  0.627E-17  0.500E+08  0.362E-16
  0.520E+08  0.638E-15  0.540E+08  0.990E-14  0.560E+08  0.645E-13
  0.580E+08  0.419E-12  0.600E+08  0.214E-11  0.620E+08  0.104E-10
  0.640E+08  0.380E-10  0.660E+08  0.123E-09  0.680E+08  0.338E-09
  0.700E+08  0.795E-09  0.720E+08  0.157E-08  0.740E+08  0.256E-08
  0.760E+08  0.381E-08  0.780E+08  0.460E-08  0.800E+08  0.583E-08
  0.820E+08  0.664E-08  0.840E+08  0.742E-08  0.860E+08  0.820E-08
  0.880E+08  0.848E-08  0.900E+08  0.865E-08  0.920E+08  0.850E-08
  0.940E+08  0.882E-08  0.960E+08  0.806E-08  0.980E+08  0.857E-08
  0.100E+09  0.882E-08
LU176
         279
           0
          50
  0.100E-04  0.000E+00  0.270E+08  0.173E-16  0.280E+08  0.215E-15
  0.290E+08  0.153E-14  0.300E+08  0.714E-14  0.310E+08  0.270E-13
  0.320E+08  0.940E-13  0.330E+08  0.289E-12  0.340E+08  0.592E-12
  0.350E+08  0.159E-11  0.360E+08  0.394E-11  0.370E+08  0.928E-11
  0.380E+08  0.243E-10  0.390E+08  0.522E-10  0.400E+08  0.107E-09
  0.410E+08  0.211E-09  0.420E+08  0.398E-09  0.430E+08  0.713E-09
  0.440E+08  0.121E-08  0.450E+08  0.194E-08  0.460E+08  0.289E-08
  0.470E+08  0.390E-08  0.480E+08  0.436E-08  0.490E+08  0.514E-08
  0.500E+08  0.571E-08  0.520E+08  0.602E-08  0.540E+08  0.553E-08
  0.560E+08  0.464E-08  0.580E+08  0.527E-08  0.600E+08  0.603E-08
  0.620E+08  0.554E-08  0.640E+08  0.581E-08  0.660E+08  0.687E-08
  0.680E+08  0.800E-08  0.700E+08  0.992E-08  0.720E+08  0.128E-07
  0.740E+08  0.160E-07  0.760E+08  0.232E-07  0.780E+08  0.302E-07
  0.800E+08  0.387E-07  0.820E+08  0.492E-07  0.840E+08  0.624E-07
  0.860E+08  0.798E-07  0.880E+08  0.961E-07  0.900E+08  0.112E-06
  0.920E+08  0.132E-06  0.940E+08  0.143E-06  0.960E+08  0.155E-06
  0.980E+08  0.169E-06  0.100E+09  0.176E-06
LU175
         280
           0
          46
  0.100E-04  0.000E+00  0.310E+08  0.564E-20  0.320E+08  0.272E-18
  0.330E+08  0.465E-17  0.340E+08  0.332E-15  0.350E+08  0.544E-14
  0.360E+08  0.433E-13  0.370E+08  0.242E-12  0.380E+08  0.122E-11
  0.390E+08  0.459E-11  0.400E+08  0.153E-10  0.410E+08  0.462E-10
  0.420E+08  0.128E-09  0.430E+08  0.328E-09  0.440E+08  0.779E-09
  0.450E+08  0.172E-08  0.460E+08  0.363E-08  0.470E+08  0.703E-08
  0.480E+08  0.154E-07  0.490E+08  0.244E-07  0.500E+08  0.362E-07
  0.520E+08  0.671E-07  0.540E+08  0.101E-06  0.560E+08  0.129E-06
  0.580E+08  0.166E-06  0.600E+08  0.235E-06  0.620E+08  0.307E-06
  0.640E+08  0.442E-06  0.660E+08  0.636E-06  0.680E+08  0.825E-06
  0.700E+08  0.100E-05  0.720E+08  0.114E-05  0.740E+08  0.118E-05
  0.760E+08  0.123E-05  0.780E+08  0.125E-05  0.800E+08  0.120E-05
  0.820E+08  0.129E-05  0.840E+08  0.128E-05  0.860E+08  0.136E-05
  0.880E+08  0.137E-05  0.900E+08  0.142E-05  0.920E+08  0.142E-05
  0.940E+08  0.174E-05  0.960E+08  0.185E-05  0.980E+08  0.200E-05
  0.100E+09  0.217E-05
LU174
         281
           0
          39
  0.670E+07  0.000E+00  0.380E+08  0.204E-22  0.390E+08  0.450E-18
  0.400E+08  0.260E-16  0.410E+08  0.357E-15  0.420E+08  0.382E-14
  0.430E+08  0.327E-13  0.440E+08  0.226E-12  0.450E+08  0.117E-11
  0.460E+08  0.124E-09  0.470E+08  0.241E-09  0.480E+08  0.159E-09
  0.490E+08  0.424E-09  0.500E+08  0.103E-08  0.520E+08  0.457E-08
  0.540E+08  0.145E-07  0.560E+08  0.349E-07  0.580E+08  0.903E-07
  0.600E+08  0.212E-06  0.620E+08  0.486E-06  0.640E+08  0.110E-05
  0.660E+08  0.240E-05  0.680E+08  0.467E-05  0.700E+08  0.770E-05
  0.720E+08  0.122E-04  0.740E+08  0.156E-04  0.760E+08  0.190E-04
  0.780E+08  0.215E-04  0.800E+08  0.224E-04  0.820E+08  0.225E-04
  0.840E+08  0.224E-04  0.860E+08  0.232E-04  0.880E+08  0.221E-04
  0.900E+08  0.219E-04  0.920E+08  0.203E-04  0.940E+08  0.207E-04
  0.960E+08  0.195E-04  0.980E+08  0.181E-04  0.100E+09  0.176E-04
LU173
         282
           0
          32
  0.135E+08  0.000E+00  0.450E+08  0.468E-23  0.460E+08  0.723E-11
  0.470E+08  0.207E-10  0.480E+08  0.759E-14  0.490E+08  0.513E-13
  0.500E+08  0.363E-12  0.520E+08  0.544E-11  0.540E+08  0.498E-10
  0.560E+08  0.319E-09  0.580E+08  0.192E-08  0.600E+08  0.951E-08
  0.620E+08  0.440E-07  0.640E+08  0.142E-06  0.660E+08  0.515E-06
  0.680E+08  0.163E-05  0.700E+08  0.413E-05  0.720E+08  0.830E-05
  0.740E+08  0.159E-04  0.760E+08  0.271E-04  0.780E+08  0.414E-04
  0.800E+08  0.579E-04  0.820E+08  0.739E-04  0.840E+08  0.896E-04
  0.860E+08  0.110E-03  0.880E+08  0.120E-03  0.900E+08  0.127E-03
  0.920E+08  0.130E-03  0.940E+08  0.131E-03  0.960E+08  0.128E-03
  0.980E+08  0.124E-03  0.100E+09  0.120E-03
LU172
         283
           0
          27
  0.218E+08  0.000E+00  0.460E+08  0.200E-19  0.470E+08  0.178E-17
  0.540E+08  0.227E-19  0.560E+08  0.656E-16  0.580E+08  0.452E-14
  0.600E+08  0.163E-12  0.620E+08  0.102E-10  0.640E+08  0.899E-10
  0.660E+08  0.695E-09  0.680E+08  0.400E-08  0.700E+08  0.211E-07
  0.720E+08  0.108E-06  0.740E+08  0.472E-06  0.760E+08  0.153E-05
  0.780E+08  0.418E-05  0.800E+08  0.976E-05  0.820E+08  0.195E-04
  0.840E+08  0.346E-04  0.860E+08  0.561E-04  0.880E+08  0.832E-04
  0.900E+08  0.120E-03  0.920E+08  0.153E-03  0.940E+08  0.189E-03
  0.960E+08  0.220E-03  0.980E+08  0.249E-03  0.100E+09  0.268E-03
LU171
         284
           0
          21
  0.288E+08  0.000E+00  0.620E+08  0.341E-17  0.640E+08  0.634E-15
  0.660E+08  0.370E-13  0.680E+08  0.536E-12  0.700E+08  0.705E-11
  0.720E+08  0.723E-10  0.740E+08  0.903E-09  0.760E+08  0.652E-08
  0.780E+08  0.368E-07  0.800E+08  0.164E-06  0.820E+08  0.599E-06
  0.840E+08  0.183E-05  0.860E+08  0.505E-05  0.880E+08  0.120E-04
  0.900E+08  0.252E-04  0.920E+08  0.460E-04  0.940E+08  0.856E-04
  0.960E+08  0.133E-03  0.980E+08  0.200E-03  0.100E+09  0.279E-03
LU170
         285
           0
          17
  0.374E+08  0.000E+00  0.700E+08  0.159E-20  0.720E+08  0.143E-17
  0.740E+08  0.248E-15  0.760E+08  0.866E-14  0.780E+08  0.224E-12
  0.800E+08  0.306E-11  0.820E+08  0.364E-10  0.840E+08  0.335E-09
  0.860E+08  0.248E-08  0.880E+08  0.156E-07  0.900E+08  0.733E-07
  0.920E+08  0.274E-06  0.940E+08  0.119E-05  0.960E+08  0.293E-05
  0.980E+08  0.741E-05  0.100E+09  0.161E-04
LU169
         286
           0
          13
  0.448E+08  0.000E+00  0.780E+08  0.848E-22  0.800E+08  0.665E-19
  0.820E+08  0.196E-16  0.840E+08  0.124E-14  0.860E+08  0.465E-13
  0.880E+08  0.114E-11  0.900E+08  0.152E-10  0.920E+08  0.116E-09
  0.940E+08  0.149E-08  0.960E+08  0.877E-08  0.980E+08  0.454E-07
  0.100E+09  0.181E-06
LU168
         287
           0
           9
  0.539E+08  0.000E+00  0.860E+08  0.832E-28  0.880E+08  0.251E-22
  0.900E+08  0.201E-19  0.920E+08  0.258E-17  0.940E+08  0.636E-15
  0.960E+08  0.161E-13  0.980E+08  0.430E-12  0.100E+09  0.465E-11
LU167
         288
           0
           5
  0.616E+08  0.000E+00  0.940E+08  0.267E-28  0.960E+08  0.210E-23
  0.980E+08  0.741E-20  0.100E+09  0.467E-18
YB179
         467
           0
          19
  0.332E+08  0.000E+00  0.660E+08  0.124E-37  0.680E+08  0.793E-34
  0.700E+08  0.262E-31  0.720E+08  0.660E-29  0.740E+08  0.267E-27
  0.760E+08  0.675E-26  0.780E+08  0.822E-25  0.800E+08  0.101E-23
  0.820E+08  0.102E-22  0.840E+08  0.855E-22  0.860E+08  0.385E-21
  0.880E+08  0.177E-20  0.900E+08  0.689E-20  0.920E+08  0.163E-19
  0.940E+08  0.458E-19  0.960E+08  0.839E-19  0.980E+08  0.194E-18
  0.100E+09  0.381E-18
YB178
         468
           0
          17
  0.361E+08  0.000E+00  0.700E+08  0.869E-36  0.720E+08  0.323E-32
  0.740E+08  0.117E-29  0.760E+08  0.128E-27  0.780E+08  0.576E-26
  0.800E+08  0.163E-24  0.820E+08  0.304E-23  0.840E+08  0.452E-22
  0.860E+08  0.519E-21  0.880E+08  0.399E-20  0.900E+08  0.257E-19
  0.920E+08  0.900E-19  0.940E+08  0.426E-18  0.960E+08  0.143E-17
  0.980E+08  0.535E-17  0.100E+09  0.162E-16
YB177
         469
           0
          26
  0.169E+08  0.000E+00  0.520E+08  0.757E-28  0.540E+08  0.187E-25
  0.560E+08  0.114E-23  0.580E+08  0.402E-22  0.600E+08  0.825E-21
  0.620E+08  0.171E-19  0.640E+08  0.168E-18  0.660E+08  0.120E-17
  0.680E+08  0.615E-17  0.700E+08  0.354E-16  0.720E+08  0.143E-15
  0.740E+08  0.439E-15  0.760E+08  0.117E-14  0.780E+08  0.247E-14
  0.800E+08  0.516E-14  0.820E+08  0.988E-14  0.840E+08  0.237E-13
  0.860E+08  0.322E-13  0.880E+08  0.543E-13  0.900E+08  0.793E-13
  0.920E+08  0.977E-13  0.940E+08  0.124E-12  0.960E+08  0.141E-12
  0.980E+08  0.173E-12  0.100E+09  0.227E-12
YB176
         470
           0
          25
  0.202E+08  0.000E+00  0.540E+08  0.112E-33  0.560E+08  0.178E-29
  0.580E+08  0.186E-25  0.600E+08  0.461E-23  0.620E+08  0.509E-21
  0.640E+08  0.129E-19  0.660E+08  0.179E-18  0.680E+08  0.180E-17
  0.700E+08  0.174E-16  0.720E+08  0.120E-15  0.740E+08  0.599E-15
  0.760E+08  0.263E-14  0.780E+08  0.939E-14  0.800E+08  0.331E-13
  0.820E+08  0.995E-13  0.840E+08  0.288E-12  0.860E+08  0.644E-12
  0.880E+08  0.164E-11  0.900E+08  0.335E-11  0.920E+08  0.527E-11
  0.940E+08  0.889E-11  0.960E+08  0.128E-10  0.980E+08  0.189E-10
  0.100E+09  0.240E-10
YB175
         471
           0
          39
  0.914E+06  0.000E+00  0.380E+08  0.105E-24  0.390E+08  0.429E-22
  0.400E+08  0.101E-20  0.410E+08  0.116E-19  0.420E+08  0.873E-19
  0.430E+08  0.504E-18  0.440E+08  0.241E-17  0.450E+08  0.990E-17
  0.460E+08  0.398E-16  0.470E+08  0.143E-15  0.480E+08  0.729E-15
  0.490E+08  0.181E-14  0.500E+08  0.418E-14  0.520E+08  0.178E-13
  0.540E+08  0.636E-13  0.560E+08  0.155E-12  0.580E+08  0.461E-12
  0.600E+08  0.119E-11  0.620E+08  0.299E-11  0.640E+08  0.857E-11
  0.660E+08  0.181E-10  0.680E+08  0.348E-10  0.700E+08  0.581E-10
  0.720E+08  0.850E-10  0.740E+08  0.107E-09  0.760E+08  0.139E-09
  0.780E+08  0.157E-09  0.800E+08  0.153E-09  0.820E+08  0.180E-09
  0.840E+08  0.177E-09  0.860E+08  0.191E-09  0.880E+08  0.197E-09
  0.900E+08  0.207E-09  0.920E+08  0.213E-09  0.940E+08  0.237E-09
  0.960E+08  0.158E-09  0.980E+08  0.193E-09  0.100E+09  0.243E-09
YB174
         472
           0
          35
  0.453E+07  0.000E+00  0.420E+08  0.460E-25  0.430E+08  0.316E-23
  0.440E+08  0.745E-22  0.450E+08  0.231E-20  0.460E+08  0.585E-19
  0.470E+08  0.157E-17  0.480E+08  0.213E-16  0.490E+08  0.908E-16
  0.500E+08  0.335E-15  0.520E+08  0.316E-14  0.540E+08  0.235E-13
  0.560E+08  0.102E-12  0.580E+08  0.547E-12  0.600E+08  0.214E-11
  0.620E+08  0.889E-11  0.640E+08  0.322E-10  0.660E+08  0.107E-09
  0.680E+08  0.319E-09  0.700E+08  0.800E-09  0.720E+08  0.172E-08
  0.740E+08  0.301E-08  0.760E+08  0.516E-08  0.780E+08  0.756E-08
  0.800E+08  0.944E-08  0.820E+08  0.129E-07  0.840E+08  0.147E-07
  0.860E+08  0.172E-07  0.880E+08  0.186E-07  0.900E+08  0.207E-07
  0.920E+08  0.212E-07  0.940E+08  0.212E-07  0.960E+08  0.195E-07
  0.980E+08  0.189E-07  0.100E+09  0.191E-07
YB173
         473
           0
          46
  0.100E-04  0.000E+00  0.310E+08  0.351E-14  0.320E+08  0.101E-13
  0.330E+08  0.300E-13  0.340E+08  0.768E-13  0.350E+08  0.225E-12
  0.360E+08  0.530E-12  0.370E+08  0.121E-11  0.380E+08  0.279E-11
  0.390E+08  0.612E-11  0.400E+08  0.105E-10  0.410E+08  0.213E-10
  0.420E+08  0.419E-10  0.430E+08  0.785E-10  0.440E+08  0.140E-09
  0.450E+08  0.236E-09  0.460E+08  0.375E-09  0.470E+08  0.315E-09
  0.480E+08  0.814E-09  0.490E+08  0.859E-09  0.500E+08  0.101E-08
  0.520E+08  0.117E-08  0.540E+08  0.111E-08  0.560E+08  0.933E-09
  0.580E+08  0.824E-09  0.600E+08  0.608E-09  0.620E+08  0.549E-09
  0.640E+08  0.553E-09  0.660E+08  0.547E-09  0.680E+08  0.649E-09
  0.700E+08  0.834E-09  0.720E+08  0.130E-08  0.740E+08  0.225E-08
  0.760E+08  0.447E-08  0.780E+08  0.878E-08  0.800E+08  0.151E-07
  0.820E+08  0.241E-07  0.840E+08  0.366E-07  0.860E+08  0.536E-07
  0.880E+08  0.790E-07  0.900E+08  0.103E-06  0.920E+08  0.124E-06
  0.940E+08  0.146E-06  0.960E+08  0.171E-06  0.980E+08  0.136E-06
  0.100E+09  0.146E-06
YB172
         474
           0
          45
  0.100E-04  0.000E+00  0.320E+08  0.800E-18  0.330E+08  0.405E-16
  0.340E+08  0.441E-15  0.350E+08  0.325E-14  0.360E+08  0.160E-13
  0.370E+08  0.670E-13  0.380E+08  0.259E-12  0.390E+08  0.754E-12
  0.400E+08  0.208E-11  0.410E+08  0.619E-11  0.420E+08  0.171E-10
  0.430E+08  0.442E-10  0.440E+08  0.107E-09  0.450E+08  0.240E-09
  0.460E+08  0.146E-04  0.470E+08  0.101E-06  0.480E+08  0.226E-08
  0.490E+08  0.327E-08  0.500E+08  0.501E-08  0.520E+08  0.986E-08
  0.540E+08  0.158E-07  0.560E+08  0.212E-07  0.580E+08  0.257E-07
  0.600E+08  0.284E-07  0.620E+08  0.354E-07  0.640E+08  0.467E-07
  0.660E+08  0.585E-07  0.680E+08  0.750E-07  0.700E+08  0.933E-07
  0.720E+08  0.109E-06  0.740E+08  0.130E-06  0.760E+08  0.173E-06
  0.780E+08  0.180E-06  0.800E+08  0.200E-06  0.820E+08  0.225E-06
  0.840E+08  0.239E-06  0.860E+08  0.244E-06  0.880E+08  0.280E-06
  0.900E+08  0.346E-06  0.920E+08  0.456E-06  0.940E+08  0.604E-06
  0.960E+08  0.804E-06  0.980E+08  0.108E-05  0.100E+09  0.138E-05
YB171
         475
           0
          37
  0.290E+06  0.000E+00  0.400E+08  0.611E-19  0.410E+08  0.112E-16
  0.420E+08  0.251E-15  0.430E+08  0.282E-14  0.440E+08  0.206E-13
  0.450E+08  0.760E-13  0.460E+08  0.395E-05  0.470E+08  0.790E-05
  0.480E+08  0.130E-10  0.490E+08  0.328E-10  0.500E+08  0.798E-10
  0.520E+08  0.365E-09  0.540E+08  0.112E-08  0.560E+08  0.299E-08
  0.580E+08  0.708E-08  0.600E+08  0.148E-07  0.620E+08  0.311E-07
  0.640E+08  0.650E-07  0.660E+08  0.124E-06  0.680E+08  0.231E-06
  0.700E+08  0.412E-06  0.720E+08  0.712E-06  0.740E+08  0.917E-06
  0.760E+08  0.135E-05  0.780E+08  0.168E-05  0.800E+08  0.207E-05
  0.820E+08  0.245E-05  0.840E+08  0.260E-05  0.860E+08  0.249E-05
  0.880E+08  0.248E-05  0.900E+08  0.251E-05  0.920E+08  0.235E-05
  0.940E+08  0.217E-05  0.960E+08  0.196E-05  0.980E+08  0.178E-05
  0.100E+09  0.189E-05
YB170
         476
           0
          31
  0.694E+07  0.000E+00  0.460E+08  0.669E-02  0.470E+08  0.977E-04
  0.480E+08  0.402E-15  0.490E+08  0.323E-14  0.500E+08  0.189E-13
  0.520E+08  0.298E-12  0.540E+08  0.315E-11  0.560E+08  0.228E-10
  0.580E+08  0.131E-09  0.600E+08  0.674E-09  0.620E+08  0.276E-08
  0.640E+08  0.101E-07  0.660E+08  0.323E-07  0.680E+08  0.103E-06
  0.700E+08  0.271E-06  0.720E+08  0.605E-06  0.740E+08  0.112E-05
  0.760E+08  0.220E-05  0.780E+08  0.400E-05  0.800E+08  0.689E-05
  0.820E+08  0.109E-04  0.840E+08  0.153E-04  0.860E+08  0.191E-04
  0.880E+08  0.236E-04  0.900E+08  0.271E-04  0.920E+08  0.291E-04
  0.940E+08  0.313E-04  0.960E+08  0.312E-04  0.980E+08  0.250E-04
  0.100E+09  0.241E-04
YB169
         477
           0
          24
  0.155E+08  0.000E+00  0.560E+08  0.214E-18  0.580E+08  0.228E-16
  0.600E+08  0.206E-14  0.620E+08  0.500E-13  0.640E+08  0.714E-12
  0.660E+08  0.604E-11  0.680E+08  0.570E-10  0.700E+08  0.419E-09
  0.720E+08  0.199E-08  0.740E+08  0.745E-08  0.760E+08  0.249E-07
  0.780E+08  0.881E-07  0.800E+08  0.271E-06  0.820E+08  0.729E-06
  0.840E+08  0.168E-05  0.860E+08  0.337E-05  0.880E+08  0.626E-05
  0.900E+08  0.111E-04  0.920E+08  0.157E-04  0.940E+08  0.210E-04
  0.960E+08  0.270E-04  0.980E+08  0.370E-04  0.100E+09  0.431E-04
YB168
         478
           0
          21
  0.224E+08  0.000E+00  0.620E+08  0.157E-22  0.640E+08  0.318E-18
  0.660E+08  0.357E-16  0.680E+08  0.184E-14  0.700E+08  0.498E-13
  0.720E+08  0.572E-12  0.740E+08  0.564E-11  0.760E+08  0.491E-10
  0.780E+08  0.349E-09  0.800E+08  0.186E-08  0.820E+08  0.825E-08
  0.840E+08  0.344E-07  0.860E+08  0.124E-06  0.880E+08  0.404E-06
  0.900E+08  0.129E-05  0.920E+08  0.270E-05  0.940E+08  0.587E-05
  0.960E+08  0.108E-04  0.980E+08  0.208E-04  0.100E+09  0.312E-04
YB167
         479
           0
          16
  0.315E+08  0.000E+00  0.720E+08  0.324E-23  0.740E+08  0.134E-19
  0.760E+08  0.270E-17  0.780E+08  0.147E-15  0.800E+08  0.211E-14
  0.820E+08  0.266E-13  0.840E+08  0.285E-12  0.860E+08  0.312E-11
  0.880E+08  0.279E-10  0.900E+08  0.314E-09  0.920E+08  0.130E-08
  0.940E+08  0.834E-08  0.960E+08  0.315E-07  0.980E+08  0.128E-06
  0.100E+09  0.385E-06
YB166
         480
           0
          12
  0.386E+08  0.000E+00  0.800E+08  0.352E-23  0.820E+08  0.754E-20
  0.840E+08  0.551E-18  0.860E+08  0.373E-16  0.880E+08  0.931E-15
  0.900E+08  0.438E-13  0.920E+08  0.545E-12  0.940E+08  0.119E-10
  0.960E+08  0.718E-10  0.980E+08  0.448E-09  0.100E+09  0.242E-08
YB165
         481
           0
           7
  0.481E+08  0.000E+00  0.900E+08  0.189E-25  0.920E+08  0.550E-22
  0.940E+08  0.907E-19  0.960E+08  0.449E-17  0.980E+08  0.101E-15
  0.100E+09  0.187E-14
TM178
         573
           0
          11
  0.426E+08  0.000E+00  0.820E+08  0.257E-40  0.840E+08  0.211E-37
  0.860E+08  0.983E-35  0.880E+08  0.659E-33  0.900E+08  0.261E-31
  0.920E+08  0.302E-30  0.940E+08  0.594E-29  0.960E+08  0.834E-28
  0.980E+08  0.773E-27  0.100E+09  0.670E-26
TM177
         574
           0
          10
  0.452E+08  0.000E+00  0.840E+08  0.777E-41  0.860E+08  0.628E-38
  0.880E+08  0.197E-35  0.900E+08  0.292E-33  0.920E+08  0.756E-32
  0.940E+08  0.373E-30  0.960E+08  0.107E-28  0.980E+08  0.200E-27
  0.100E+09  0.286E-26
TM176
         575
           0
          20
  0.253E+08  0.000E+00  0.640E+08  0.480E-37  0.660E+08  0.264E-33
  0.680E+08  0.845E-31  0.700E+08  0.884E-29  0.720E+08  0.494E-27
  0.740E+08  0.135E-25  0.760E+08  0.263E-24  0.780E+08  0.286E-23
  0.800E+08  0.314E-22  0.820E+08  0.304E-21  0.840E+08  0.162E-20
  0.860E+08  0.951E-20  0.880E+08  0.503E-19  0.900E+08  0.201E-18
  0.920E+08  0.518E-18  0.940E+08  0.158E-17  0.960E+08  0.327E-17
  0.980E+08  0.790E-17  0.100E+09  0.169E-16
TM175
         576
           0
          18
  0.288E+08  0.000E+00  0.680E+08  0.276E-37  0.700E+08  0.390E-33
  0.720E+08  0.652E-30  0.740E+08  0.112E-27  0.760E+08  0.739E-26
  0.780E+08  0.210E-24  0.800E+08  0.472E-23  0.820E+08  0.796E-22
  0.840E+08  0.618E-21  0.860E+08  0.400E-20  0.880E+08  0.330E-19
  0.900E+08  0.201E-18  0.920E+08  0.711E-18  0.940E+08  0.330E-17
  0.960E+08  0.112E-16  0.980E+08  0.413E-16  0.100E+09  0.131E-15
TM174
         577
           0
          27
  0.909E+07  0.000E+00  0.500E+08  0.449E-30  0.520E+08  0.118E-26
  0.540E+08  0.202E-24  0.560E+08  0.668E-23  0.580E+08  0.187E-21
  0.600E+08  0.281E-20  0.620E+08  0.458E-19  0.640E+08  0.397E-18
  0.660E+08  0.284E-17  0.680E+08  0.180E-16  0.700E+08  0.100E-15
  0.720E+08  0.337E-15  0.740E+08  0.107E-14  0.760E+08  0.311E-14
  0.780E+08  0.743E-14  0.800E+08  0.148E-13  0.820E+08  0.313E-13
  0.840E+08  0.571E-13  0.860E+08  0.968E-13  0.880E+08  0.158E-12
  0.900E+08  0.216E-12  0.920E+08  0.272E-12  0.940E+08  0.348E-12
  0.960E+08  0.403E-12  0.980E+08  0.473E-12  0.100E+09  0.490E-12
TM173
         578
           0
          25
  0.126E+08  0.000E+00  0.540E+08  0.128E-31  0.560E+08  0.286E-28
  0.580E+08  0.171E-25  0.600E+08  0.314E-23  0.620E+08  0.292E-21
  0.640E+08  0.700E-20  0.660E+08  0.111E-18  0.680E+08  0.143E-17
  0.700E+08  0.141E-16  0.720E+08  0.127E-15  0.740E+08  0.652E-15
  0.760E+08  0.302E-14  0.780E+08  0.116E-13  0.800E+08  0.393E-13
  0.820E+08  0.129E-12  0.840E+08  0.381E-12  0.860E+08  0.100E-11
  0.880E+08  0.262E-11  0.900E+08  0.535E-11  0.920E+08  0.899E-11
  0.940E+08  0.160E-10  0.960E+08  0.266E-10  0.980E+08  0.409E-10
  0.100E+09  0.512E-10
TM172
         579
           0
          39
  0.100E-04  0.000E+00  0.380E+08  0.245E-24  0.390E+08  0.471E-22
  0.400E+08  0.580E-21  0.410E+08  0.686E-20  0.420E+08  0.531E-19
  0.430E+08  0.314E-18  0.440E+08  0.153E-17  0.450E+08  0.642E-17
  0.460E+08  0.368E-05  0.470E+08  0.233E-07  0.480E+08  0.642E-15
  0.490E+08  0.154E-14  0.500E+08  0.289E-14  0.520E+08  0.119E-13
  0.540E+08  0.372E-13  0.560E+08  0.918E-13  0.580E+08  0.272E-12
  0.600E+08  0.651E-12  0.620E+08  0.163E-11  0.640E+08  0.423E-11
  0.660E+08  0.104E-10  0.680E+08  0.237E-10  0.700E+08  0.437E-10
  0.720E+08  0.910E-10  0.740E+08  0.125E-09  0.760E+08  0.181E-09
  0.780E+08  0.216E-09  0.800E+08  0.239E-09  0.820E+08  0.261E-09
  0.840E+08  0.273E-09  0.860E+08  0.287E-09  0.880E+08  0.254E-09
  0.900E+08  0.276E-09  0.920E+08  0.272E-09  0.940E+08  0.282E-09
  0.960E+08  0.325E-09  0.980E+08  0.372E-09  0.100E+09  0.452E-09
TM171
         580
           0
          35
  0.100E-04  0.000E+00  0.420E+08  0.162E-27  0.430E+08  0.961E-25
  0.440E+08  0.346E-23  0.450E+08  0.995E-22  0.460E+08  0.357E-04
  0.470E+08  0.398E-06  0.480E+08  0.950E-17  0.490E+08  0.388E-16
  0.500E+08  0.122E-15  0.520E+08  0.110E-14  0.540E+08  0.626E-14
  0.560E+08  0.272E-13  0.580E+08  0.140E-12  0.600E+08  0.527E-12
  0.620E+08  0.216E-11  0.640E+08  0.897E-11  0.660E+08  0.342E-10
  0.680E+08  0.952E-10  0.700E+08  0.262E-09  0.720E+08  0.600E-09
  0.740E+08  0.118E-08  0.760E+08  0.235E-08  0.780E+08  0.383E-08
  0.800E+08  0.562E-08  0.820E+08  0.785E-08  0.840E+08  0.995E-08
  0.860E+08  0.119E-07  0.880E+08  0.123E-07  0.900E+08  0.131E-07
  0.920E+08  0.133E-07  0.940E+08  0.138E-07  0.960E+08  0.140E-07
  0.980E+08  0.133E-07  0.100E+09  0.130E-07
TM170
         581
           0
          30
  0.489E+07  0.000E+00  0.460E+08  0.445E-04  0.470E+08  0.448E-06
  0.490E+08  0.167E-24  0.500E+08  0.103E-22  0.520E+08  0.261E-20
  0.540E+08  0.151E-18  0.560E+08  0.342E-17  0.580E+08  0.678E-16
  0.600E+08  0.733E-15  0.620E+08  0.156E-13  0.640E+08  0.138E-12
  0.660E+08  0.102E-11  0.680E+08  0.466E-11  0.700E+08  0.226E-10
  0.720E+08  0.918E-10  0.740E+08  0.231E-09  0.760E+08  0.710E-09
  0.780E+08  0.180E-08  0.800E+08  0.395E-08  0.820E+08  0.798E-08
  0.840E+08  0.143E-07  0.860E+08  0.232E-07  0.880E+08  0.330E-07
  0.900E+08  0.456E-07  0.920E+08  0.569E-07  0.940E+08  0.697E-07
  0.960E+08  0.835E-07  0.980E+08  0.934E-07  0.100E+09  0.102E-06
TM169
         582
           0
          26
  0.115E+08  0.000E+00  0.460E+08  0.561E-02  0.470E+08  0.513E-04
  0.560E+08  0.196E-24  0.580E+08  0.623E-22  0.600E+08  0.114E-19
  0.620E+08  0.102E-17  0.640E+08  0.518E-16  0.660E+08  0.821E-15
  0.680E+08  0.951E-14  0.700E+08  0.921E-13  0.720E+08  0.791E-12
  0.740E+08  0.540E-11  0.760E+08  0.271E-10  0.780E+08  0.115E-09
  0.800E+08  0.404E-09  0.820E+08  0.124E-08  0.840E+08  0.341E-08
  0.860E+08  0.857E-08  0.880E+08  0.190E-07  0.900E+08  0.407E-07
  0.920E+08  0.714E-07  0.940E+08  0.126E-06  0.960E+08  0.208E-06
  0.980E+08  0.323E-06  0.100E+09  0.463E-06
TM168
         583
           0
          20
  0.196E+08  0.000E+00  0.640E+08  0.195E-25  0.660E+08  0.581E-22
  0.680E+08  0.101E-19  0.700E+08  0.480E-18  0.720E+08  0.187E-16
  0.740E+08  0.593E-15  0.760E+08  0.841E-14  0.780E+08  0.870E-13
  0.800E+08  0.683E-12  0.820E+08  0.425E-11  0.840E+08  0.224E-10
  0.860E+08  0.107E-09  0.880E+08  0.409E-09  0.900E+08  0.156E-08
  0.920E+08  0.448E-08  0.940E+08  0.112E-07  0.960E+08  0.274E-07
  0.980E+08  0.638E-07  0.100E+09  0.128E-06
TM167
         584
           0
          17
  0.265E+08  0.000E+00  0.700E+08  0.457E-28  0.720E+08  0.121E-23
  0.740E+08  0.110E-20  0.760E+08  0.114E-18  0.780E+08  0.510E-17
  0.800E+08  0.127E-15  0.820E+08  0.110E-14  0.840E+08  0.144E-13
  0.860E+08  0.155E-12  0.880E+08  0.865E-12  0.900E+08  0.633E-11
  0.920E+08  0.348E-10  0.940E+08  0.171E-09  0.960E+08  0.646E-09
  0.980E+08  0.237E-08  0.100E+09  0.676E-08
TM166
         585
           0
          12
  0.353E+08  0.000E+00  0.800E+08  0.431E-27  0.820E+08  0.973E-24
  0.840E+08  0.280E-21  0.860E+08  0.287E-19  0.880E+08  0.888E-18
  0.900E+08  0.280E-16  0.920E+08  0.533E-15  0.940E+08  0.901E-14
  0.960E+08  0.747E-13  0.980E+08  0.635E-12  0.100E+09  0.424E-11
TM165
         586
           0
           8
  0.423E+08  0.000E+00  0.880E+08  0.742E-28  0.900E+08  0.420E-24
  0.920E+08  0.131E-21  0.940E+08  0.278E-19  0.960E+08  0.855E-18
  0.980E+08  0.240E-16  0.100E+09  0.442E-15
TM164
         587
           0
           4
  0.514E+08  0.000E+00  0.960E+08  0.632E-35  0.980E+08  0.147E-28
  0.100E+09  0.281E-25
ER177
         871
           0
           3
  0.508E+08  0.000E+00  0.980E+08  0.280E-44  0.100E+09  0.610E-42
ER176
         872
           0
           2
  0.531E+08  0.000E+00  0.100E+09  0.420E-44
ER175
         873
           0
          13
  0.330E+08  0.000E+00  0.780E+08  0.168E-42  0.800E+08  0.520E-39
  0.820E+08  0.168E-36  0.840E+08  0.815E-35  0.860E+08  0.465E-33
  0.880E+08  0.187E-31  0.900E+08  0.459E-30  0.920E+08  0.427E-29
  0.940E+08  0.654E-28  0.960E+08  0.708E-27  0.980E+08  0.701E-26
  0.100E+09  0.535E-25
ER174
         874
           0
          12
  0.356E+08  0.000E+00  0.800E+08  0.140E-44  0.820E+08  0.382E-41
  0.840E+08  0.564E-38  0.860E+08  0.121E-35  0.880E+08  0.237E-33
  0.900E+08  0.175E-31  0.920E+08  0.314E-30  0.940E+08  0.979E-29
  0.960E+08  0.192E-27  0.980E+08  0.312E-26  0.100E+09  0.369E-25
ER173
         875
           0
          20
  0.165E+08  0.000E+00  0.640E+08  0.172E-34  0.660E+08  0.403E-32
  0.680E+08  0.411E-30  0.700E+08  0.243E-28  0.720E+08  0.106E-26
  0.740E+08  0.212E-25  0.760E+08  0.330E-24  0.780E+08  0.380E-23
  0.800E+08  0.380E-22  0.820E+08  0.323E-21  0.840E+08  0.173E-20
  0.860E+08  0.789E-20  0.880E+08  0.393E-19  0.900E+08  0.160E-18
  0.920E+08  0.410E-18  0.940E+08  0.123E-17  0.960E+08  0.345E-17
  0.980E+08  0.821E-17  0.100E+09  0.157E-16
ER172
         876
           0
          19
  0.197E+08  0.000E+00  0.660E+08  0.327E-39  0.680E+08  0.323E-35
  0.700E+08  0.622E-32  0.720E+08  0.368E-29  0.740E+08  0.335E-27
  0.760E+08  0.151E-25  0.780E+08  0.386E-24  0.800E+08  0.728E-23
  0.820E+08  0.103E-21  0.840E+08  0.843E-21  0.860E+08  0.606E-20
  0.880E+08  0.447E-19  0.900E+08  0.264E-18  0.920E+08  0.906E-18
  0.940E+08  0.401E-17  0.960E+08  0.171E-16  0.980E+08  0.619E-16
  0.100E+09  0.179E-15
ER171
         877
           0
          30
  0.312E+06  0.000E+00  0.460E+08  0.466E-08  0.470E+08  0.402E-10
  0.490E+08  0.149E-30  0.500E+08  0.121E-28  0.520E+08  0.250E-26
  0.540E+08  0.139E-24  0.560E+08  0.279E-23  0.580E+08  0.590E-22
  0.600E+08  0.626E-21  0.620E+08  0.712E-20  0.640E+08  0.593E-19
  0.660E+08  0.455E-18  0.680E+08  0.232E-17  0.700E+08  0.119E-16
  0.720E+08  0.552E-16  0.740E+08  0.184E-15  0.760E+08  0.618E-15
  0.780E+08  0.172E-14  0.800E+08  0.419E-14  0.820E+08  0.989E-14
  0.840E+08  0.196E-13  0.860E+08  0.422E-13  0.880E+08  0.695E-13
  0.900E+08  0.105E-12  0.920E+08  0.143E-12  0.940E+08  0.196E-12
  0.960E+08  0.258E-12  0.980E+08  0.320E-12  0.100E+09  0.383E-12
ER170
         878
           0
          27
  0.379E+07  0.000E+00  0.460E+08  0.358E-06  0.470E+08  0.266E-08
  0.540E+08  0.155E-30  0.560E+08  0.118E-26  0.580E+08  0.300E-24
  0.600E+08  0.116E-22  0.620E+08  0.345E-21  0.640E+08  0.495E-20
  0.660E+08  0.646E-19  0.680E+08  0.428E-18  0.700E+08  0.318E-17
  0.720E+08  0.230E-16  0.740E+08  0.116E-15  0.760E+08  0.586E-15
  0.780E+08  0.248E-14  0.800E+08  0.926E-14  0.820E+08  0.331E-13
  0.840E+08  0.101E-12  0.860E+08  0.255E-12  0.880E+08  0.644E-12
  0.900E+08  0.148E-11  0.920E+08  0.276E-11  0.940E+08  0.548E-11
  0.960E+08  0.105E-10  0.980E+08  0.174E-10  0.100E+09  0.257E-10
ER169
         879
           0
          39
  0.100E-04  0.000E+00  0.380E+08  0.174E-24  0.390E+08  0.303E-23
  0.400E+08  0.375E-22  0.410E+08  0.324E-21  0.420E+08  0.212E-20
  0.430E+08  0.114E-19  0.440E+08  0.528E-19  0.450E+08  0.214E-18
  0.460E+08  0.874E-05  0.470E+08  0.665E-07  0.480E+08  0.154E-16
  0.490E+08  0.345E-16  0.500E+08  0.790E-16  0.520E+08  0.331E-15
  0.540E+08  0.108E-14  0.560E+08  0.298E-14  0.580E+08  0.798E-14
  0.600E+08  0.165E-13  0.620E+08  0.316E-13  0.640E+08  0.766E-13
  0.660E+08  0.174E-12  0.680E+08  0.389E-12  0.700E+08  0.811E-12
  0.720E+08  0.152E-11  0.740E+08  0.254E-11  0.760E+08  0.403E-11
  0.780E+08  0.615E-11  0.800E+08  0.717E-11  0.820E+08  0.507E-11
  0.840E+08  0.577E-11  0.860E+08  0.588E-11  0.880E+08  0.636E-11
  0.900E+08  0.704E-11  0.920E+08  0.907E-11  0.940E+08  0.119E-10
  0.960E+08  0.197E-10  0.980E+08  0.330E-10  0.100E+09  0.571E-10
ER168
         880
           0
          34
  0.100E-04  0.000E+00  0.430E+08  0.206E-29  0.440E+08  0.264E-23
  0.450E+08  0.796E-07  0.460E+08  0.473E-04  0.470E+08  0.512E-06
  0.480E+08  0.276E-18  0.490E+08  0.102E-17  0.500E+08  0.359E-17
  0.520E+08  0.311E-16  0.540E+08  0.190E-15  0.560E+08  0.863E-15
  0.580E+08  0.382E-14  0.600E+08  0.130E-13  0.620E+08  0.423E-13
  0.640E+08  0.162E-12  0.660E+08  0.582E-12  0.680E+08  0.208E-11
  0.700E+08  0.695E-11  0.720E+08  0.208E-10  0.740E+08  0.435E-10
  0.760E+08  0.104E-09  0.780E+08  0.230E-09  0.800E+08  0.408E-09
  0.820E+08  0.557E-09  0.840E+08  0.798E-09  0.860E+08  0.974E-09
  0.880E+08  0.117E-08  0.900E+08  0.133E-08  0.920E+08  0.142E-08
  0.940E+08  0.146E-08  0.960E+08  0.151E-08  0.980E+08  0.143E-08
  0.100E+09  0.144E-08
ER167
         881
           0
          26
  0.100E-04  0.000E+00  0.520E+08  0.550E-23  0.540E+08  0.104E-20
  0.560E+08  0.403E-19  0.580E+08  0.839E-18  0.600E+08  0.937E-17
  0.620E+08  0.953E-16  0.640E+08  0.862E-15  0.660E+08  0.640E-14
  0.680E+08  0.477E-13  0.700E+08  0.304E-12  0.720E+08  0.159E-11
  0.740E+08  0.508E-11  0.760E+08  0.188E-10  0.780E+08  0.627E-10
  0.800E+08  0.160E-09  0.820E+08  0.570E-09  0.840E+08  0.113E-08
  0.860E+08  0.190E-08  0.880E+08  0.306E-08  0.900E+08  0.453E-08
  0.920E+08  0.626E-08  0.940E+08  0.795E-08  0.960E+08  0.976E-08
  0.980E+08  0.104E-07  0.100E+09  0.116E-07
ER166
         882
           0
          23
  0.519E+07  0.000E+00  0.580E+08  0.572E-24  0.600E+08  0.291E-21
  0.620E+08  0.193E-19  0.640E+08  0.565E-18  0.660E+08  0.937E-17
  0.680E+08  0.158E-15  0.700E+08  0.192E-14  0.720E+08  0.148E-13
  0.740E+08  0.756E-13  0.760E+08  0.430E-12  0.780E+08  0.168E-11
  0.800E+08  0.762E-11  0.820E+08  0.456E-10  0.840E+08  0.143E-09
  0.860E+08  0.393E-09  0.880E+08  0.103E-08  0.900E+08  0.252E-08
  0.920E+08  0.482E-08  0.940E+08  0.931E-08  0.960E+08  0.166E-07
  0.980E+08  0.281E-07  0.100E+09  0.442E-07
ER165
         883
           0
          19
  0.137E+08  0.000E+00  0.660E+08  0.870E-27  0.680E+08  0.325E-23
  0.700E+08  0.550E-21  0.720E+08  0.238E-19  0.740E+08  0.523E-18
  0.760E+08  0.950E-17  0.780E+08  0.948E-16  0.800E+08  0.904E-15
  0.820E+08  0.110E-13  0.840E+08  0.684E-13  0.860E+08  0.453E-12
  0.880E+08  0.283E-11  0.900E+08  0.123E-10  0.920E+08  0.443E-10
  0.940E+08  0.182E-09  0.960E+08  0.511E-09  0.980E+08  0.166E-08
  0.100E+09  0.425E-08
ER164
         884
           0
          16
  0.204E+08  0.000E+00  0.720E+08  0.491E-29  0.740E+08  0.132E-24
  0.760E+08  0.463E-22  0.780E+08  0.351E-20  0.800E+08  0.885E-19
  0.820E+08  0.261E-17  0.840E+08  0.323E-16  0.860E+08  0.402E-15
  0.880E+08  0.509E-14  0.900E+08  0.447E-13  0.920E+08  0.256E-12
  0.940E+08  0.132E-11  0.960E+08  0.636E-11  0.980E+08  0.357E-10
  0.100E+09  0.142E-09
ER163
         885
           0
          11
  0.293E+08  0.000E+00  0.820E+08  0.241E-32  0.840E+08  0.200E-27
  0.860E+08  0.207E-24  0.880E+08  0.374E-22  0.900E+08  0.282E-20
  0.920E+08  0.673E-19  0.940E+08  0.206E-17  0.960E+08  0.227E-16
  0.980E+08  0.332E-15  0.100E+09  0.286E-14
