         124
TL202
          16
           0
          75
  0.789E+07  0.000E+00  0.850E+07  0.496E-01  0.900E+07  0.318E+00
  0.950E+07  0.732E+00  0.100E+08  0.115E+01  0.105E+08  0.143E+01
  0.110E+08  0.171E+01  0.115E+08  0.194E+01  0.120E+08  0.209E+01
  0.125E+08  0.220E+01  0.130E+08  0.228E+01  0.135E+08  0.233E+01
  0.140E+08  0.237E+01  0.145E+08  0.239E+01  0.150E+08  0.242E+01
  0.160E+08  0.241E+01  0.170E+08  0.217E+01  0.180E+08  0.171E+01
  0.190E+08  0.126E+01  0.200E+08  0.910E+00  0.210E+08  0.713E+00
  0.220E+08  0.542E+00  0.230E+08  0.434E+00  0.240E+08  0.364E+00
  0.250E+08  0.317E+00  0.260E+08  0.284E+00  0.270E+08  0.260E+00
  0.280E+08  0.243E+00  0.290E+08  0.228E+00  0.300E+08  0.217E+00
  0.310E+08  0.194E+00  0.320E+08  0.184E+00  0.330E+08  0.177E+00
  0.340E+08  0.171E+00  0.350E+08  0.166E+00  0.360E+08  0.162E+00
  0.370E+08  0.158E+00  0.380E+08  0.156E+00  0.390E+08  0.154E+00
  0.400E+08  0.152E+00  0.410E+08  0.150E+00  0.420E+08  0.148E+00
  0.430E+08  0.146E+00  0.440E+08  0.144E+00  0.450E+08  0.141E+00
  0.460E+08  0.139E+00  0.470E+08  0.137E+00  0.480E+08  0.134E+00
  0.490E+08  0.120E+00  0.500E+08  0.118E+00  0.520E+08  0.115E+00
  0.540E+08  0.112E+00  0.560E+08  0.109E+00  0.580E+08  0.105E+00
  0.600E+08  0.102E+00  0.620E+08  0.979E-01  0.640E+08  0.955E-01
  0.660E+08  0.928E-01  0.680E+08  0.963E-01  0.700E+08  0.937E-01
  0.720E+08  0.916E-01  0.740E+08  0.891E-01  0.760E+08  0.868E-01
  0.780E+08  0.845E-01  0.800E+08  0.823E-01  0.820E+08  0.810E-01
  0.840E+08  0.797E-01  0.860E+08  0.784E-01  0.880E+08  0.772E-01
  0.900E+08  0.759E-01  0.920E+08  0.746E-01  0.940E+08  0.733E-01
  0.960E+08  0.716E-01  0.980E+08  0.698E-01  0.100E+09  0.683E-01
TL201
          17
           0
          61
  0.148E+08  0.000E+00  0.160E+08  0.331E-01  0.170E+08  0.273E+00
  0.180E+08  0.708E+00  0.190E+08  0.115E+01  0.200E+08  0.148E+01
  0.210E+08  0.165E+01  0.220E+08  0.181E+01  0.230E+08  0.190E+01
  0.240E+08  0.196E+01  0.250E+08  0.198E+01  0.260E+08  0.196E+01
  0.270E+08  0.187E+01  0.280E+08  0.171E+01  0.290E+08  0.151E+01
  0.300E+08  0.130E+01  0.310E+08  0.107E+01  0.320E+08  0.904E+00
  0.330E+08  0.769E+00  0.340E+08  0.661E+00  0.350E+08  0.576E+00
  0.360E+08  0.510E+00  0.370E+08  0.475E+00  0.380E+08  0.446E+00
  0.390E+08  0.408E+00  0.400E+08  0.377E+00  0.410E+08  0.347E+00
  0.420E+08  0.326E+00  0.430E+08  0.308E+00  0.440E+08  0.293E+00
  0.450E+08  0.279E+00  0.460E+08  0.267E+00  0.470E+08  0.257E+00
  0.480E+08  0.248E+00  0.490E+08  0.245E+00  0.500E+08  0.242E+00
  0.520E+08  0.230E+00  0.540E+08  0.219E+00  0.560E+08  0.209E+00
  0.580E+08  0.177E+00  0.600E+08  0.170E+00  0.620E+08  0.164E+00
  0.640E+08  0.158E+00  0.660E+08  0.153E+00  0.680E+08  0.145E+00
  0.700E+08  0.140E+00  0.720E+08  0.136E+00  0.740E+08  0.132E+00
  0.760E+08  0.128E+00  0.780E+08  0.125E+00  0.800E+08  0.122E+00
  0.820E+08  0.119E+00  0.840E+08  0.116E+00  0.860E+08  0.113E+00
  0.880E+08  0.110E+00  0.900E+08  0.108E+00  0.920E+08  0.105E+00
  0.940E+08  0.103E+00  0.960E+08  0.101E+00  0.980E+08  0.984E-01
  0.100E+09  0.960E-01
TL200
          37
           0
          53
  0.230E+08  0.000E+00  0.240E+08  0.210E-04  0.250E+08  0.348E-02
  0.260E+08  0.336E-01  0.270E+08  0.122E+00  0.280E+08  0.274E+00
  0.290E+08  0.467E+00  0.300E+08  0.669E+00  0.310E+08  0.899E+00
  0.320E+08  0.105E+01  0.330E+08  0.117E+01  0.340E+08  0.124E+01
  0.350E+08  0.125E+01  0.360E+08  0.122E+01  0.370E+08  0.118E+01
  0.380E+08  0.106E+01  0.390E+08  0.956E+00  0.400E+08  0.846E+00
  0.410E+08  0.725E+00  0.420E+08  0.656E+00  0.430E+08  0.577E+00
  0.440E+08  0.511E+00  0.450E+08  0.455E+00  0.460E+08  0.409E+00
  0.470E+08  0.370E+00  0.480E+08  0.337E+00  0.490E+08  0.263E+00
  0.500E+08  0.244E+00  0.520E+08  0.220E+00  0.540E+08  0.200E+00
  0.560E+08  0.181E+00  0.580E+08  0.174E+00  0.600E+08  0.162E+00
  0.620E+08  0.152E+00  0.640E+08  0.144E+00  0.660E+08  0.137E+00
  0.680E+08  0.133E+00  0.700E+08  0.130E+00  0.720E+08  0.126E+00
  0.740E+08  0.123E+00  0.760E+08  0.119E+00  0.780E+08  0.115E+00
  0.800E+08  0.111E+00  0.820E+08  0.108E+00  0.840E+08  0.105E+00
  0.860E+08  0.102E+00  0.880E+08  0.989E-01  0.900E+08  0.942E-01
  0.920E+08  0.916E-01  0.940E+08  0.899E-01  0.960E+08  0.882E-01
  0.980E+08  0.865E-01  0.100E+09  0.844E-01
HG203
         103
           0
          81
  0.100E-04  0.000E+00  0.550E+07  0.420E-05  0.600E+07  0.333E-04
  0.650E+07  0.823E-04  0.700E+07  0.163E-03  0.750E+07  0.288E-03
  0.800E+07  0.474E-03  0.850E+07  0.690E-03  0.900E+07  0.104E-02
  0.950E+07  0.149E-02  0.100E+08  0.208E-02  0.105E+08  0.279E-02
  0.110E+08  0.366E-02  0.115E+08  0.449E-02  0.120E+08  0.532E-02
  0.125E+08  0.679E-02  0.130E+08  0.844E-02  0.135E+08  0.102E-01
  0.140E+08  0.121E-01  0.145E+08  0.140E-01  0.150E+08  0.153E-01
  0.160E+08  0.178E-01  0.170E+08  0.214E-01  0.180E+08  0.244E-01
  0.190E+08  0.261E-01  0.200E+08  0.278E-01  0.210E+08  0.303E-01
  0.220E+08  0.322E-01  0.230E+08  0.336E-01  0.240E+08  0.336E-01
  0.250E+08  0.338E-01  0.260E+08  0.341E-01  0.270E+08  0.343E-01
  0.280E+08  0.346E-01  0.290E+08  0.348E-01  0.300E+08  0.351E-01
  0.310E+08  0.353E-01  0.320E+08  0.351E-01  0.330E+08  0.348E-01
  0.340E+08  0.343E-01  0.350E+08  0.341E-01  0.360E+08  0.338E-01
  0.370E+08  0.336E-01  0.380E+08  0.333E-01  0.390E+08  0.332E-01
  0.400E+08  0.332E-01  0.410E+08  0.331E-01  0.420E+08  0.331E-01
  0.430E+08  0.330E-01  0.440E+08  0.330E-01  0.450E+08  0.329E-01
  0.460E+08  0.324E-01  0.470E+08  0.320E-01  0.480E+08  0.316E-01
  0.490E+08  0.311E-01  0.500E+08  0.307E-01  0.520E+08  0.302E-01
  0.540E+08  0.292E-01  0.560E+08  0.284E-01  0.580E+08  0.276E-01
  0.600E+08  0.263E-01  0.620E+08  0.249E-01  0.640E+08  0.236E-01
  0.660E+08  0.223E-01  0.680E+08  0.216E-01  0.700E+08  0.210E-01
  0.720E+08  0.209E-01  0.740E+08  0.208E-01  0.760E+08  0.207E-01
  0.780E+08  0.201E-01  0.800E+08  0.196E-01  0.820E+08  0.191E-01
  0.840E+08  0.185E-01  0.860E+08  0.181E-01  0.880E+08  0.176E-01
  0.900E+08  0.172E-01  0.920E+08  0.167E-01  0.940E+08  0.164E-01
  0.960E+08  0.160E-01  0.980E+08  0.156E-01  0.100E+09  0.152E-01
AU202
         111
           0
          57
  0.796E+07  0.000E+00  0.200E+08  0.488E-06  0.210E+08  0.437E-05
  0.220E+08  0.180E-04  0.230E+08  0.533E-04  0.240E+08  0.112E-03
  0.250E+08  0.220E-03  0.260E+08  0.372E-03  0.270E+08  0.562E-03
  0.280E+08  0.785E-03  0.290E+08  0.975E-03  0.300E+08  0.125E-02
  0.310E+08  0.154E-02  0.320E+08  0.184E-02  0.330E+08  0.215E-02
  0.340E+08  0.238E-02  0.350E+08  0.273E-02  0.360E+08  0.309E-02
  0.370E+08  0.347E-02  0.380E+08  0.385E-02  0.390E+08  0.423E-02
  0.400E+08  0.448E-02  0.410E+08  0.483E-02  0.420E+08  0.514E-02
  0.430E+08  0.541E-02  0.440E+08  0.562E-02  0.450E+08  0.578E-02
  0.460E+08  0.583E-02  0.470E+08  0.592E-02  0.480E+08  0.598E-02
  0.490E+08  0.584E-02  0.500E+08  0.570E-02  0.520E+08  0.572E-02
  0.540E+08  0.571E-02  0.560E+08  0.572E-02  0.580E+08  0.572E-02
  0.600E+08  0.571E-02  0.620E+08  0.571E-02  0.640E+08  0.573E-02
  0.660E+08  0.574E-02  0.680E+08  0.573E-02  0.700E+08  0.590E-02
  0.720E+08  0.590E-02  0.740E+08  0.589E-02  0.760E+08  0.588E-02
  0.780E+08  0.588E-02  0.800E+08  0.587E-02  0.820E+08  0.587E-02
  0.840E+08  0.587E-02  0.860E+08  0.586E-02  0.880E+08  0.585E-02
  0.900E+08  0.583E-02  0.920E+08  0.582E-02  0.940E+08  0.596E-02
  0.960E+08  0.594E-02  0.980E+08  0.593E-02  0.100E+09  0.591E-02
TL199
         121
           0
          46
  0.301E+08  0.000E+00  0.310E+08  0.848E-06  0.320E+08  0.290E-03
  0.330E+08  0.468E-02  0.340E+08  0.248E-01  0.350E+08  0.741E-01
  0.360E+08  0.158E+00  0.370E+08  0.213E+00  0.380E+08  0.333E+00
  0.390E+08  0.460E+00  0.400E+08  0.583E+00  0.410E+08  0.719E+00
  0.420E+08  0.789E+00  0.430E+08  0.866E+00  0.440E+08  0.926E+00
  0.450E+08  0.969E+00  0.460E+08  0.997E+00  0.470E+08  0.100E+01
  0.480E+08  0.996E+00  0.490E+08  0.970E+00  0.500E+08  0.921E+00
  0.520E+08  0.872E+00  0.540E+08  0.756E+00  0.560E+08  0.653E+00
  0.580E+08  0.548E+00  0.600E+08  0.476E+00  0.620E+08  0.418E+00
  0.640E+08  0.371E+00  0.660E+08  0.333E+00  0.680E+08  0.309E+00
  0.700E+08  0.290E+00  0.720E+08  0.267E+00  0.740E+08  0.246E+00
  0.760E+08  0.229E+00  0.780E+08  0.215E+00  0.800E+08  0.203E+00
  0.820E+08  0.194E+00  0.840E+08  0.185E+00  0.860E+08  0.176E+00
  0.880E+08  0.169E+00  0.900E+08  0.165E+00  0.920E+08  0.161E+00
  0.940E+08  0.154E+00  0.960E+08  0.148E+00  0.980E+08  0.144E+00
  0.100E+09  0.139E+00
TL198
         122
           0
          37
  0.388E+08  0.000E+00  0.400E+08  0.561E-10  0.410E+08  0.257E-05
  0.420E+08  0.692E-04  0.430E+08  0.605E-03  0.440E+08  0.284E-02
  0.450E+08  0.902E-02  0.460E+08  0.219E-01  0.470E+08  0.439E-01
  0.480E+08  0.759E-01  0.490E+08  0.166E+00  0.500E+08  0.222E+00
  0.520E+08  0.261E+00  0.540E+08  0.368E+00  0.560E+08  0.449E+00
  0.580E+08  0.505E+00  0.600E+08  0.499E+00  0.620E+08  0.468E+00
  0.640E+08  0.427E+00  0.660E+08  0.385E+00  0.680E+08  0.351E+00
  0.700E+08  0.309E+00  0.720E+08  0.280E+00  0.740E+08  0.254E+00
  0.760E+08  0.237E+00  0.780E+08  0.182E+00  0.800E+08  0.166E+00
  0.820E+08  0.155E+00  0.840E+08  0.143E+00  0.860E+08  0.133E+00
  0.880E+08  0.124E+00  0.900E+08  0.111E+00  0.920E+08  0.105E+00
  0.940E+08  0.993E-01  0.960E+08  0.958E-01  0.980E+08  0.923E-01
  0.100E+09  0.882E-01
TL197
         123
           0
          30
  0.460E+08  0.000E+00  0.470E+08  0.425E-10  0.480E+08  0.711E-07
  0.490E+08  0.231E-04  0.500E+08  0.201E-03  0.520E+08  0.871E-03
  0.540E+08  0.477E-02  0.560E+08  0.220E-01  0.580E+08  0.758E-01
  0.600E+08  0.140E+00  0.620E+08  0.212E+00  0.640E+08  0.281E+00
  0.660E+08  0.340E+00  0.680E+08  0.365E+00  0.700E+08  0.400E+00
  0.720E+08  0.430E+00  0.740E+08  0.442E+00  0.760E+08  0.435E+00
  0.780E+08  0.431E+00  0.800E+08  0.426E+00  0.820E+08  0.406E+00
  0.840E+08  0.380E+00  0.860E+08  0.355E+00  0.880E+08  0.331E+00
  0.900E+08  0.309E+00  0.920E+08  0.289E+00  0.940E+08  0.277E+00
  0.960E+08  0.265E+00  0.980E+08  0.250E+00  0.100E+09  0.237E+00
TL196
         124
           0
          23
  0.550E+08  0.000E+00  0.580E+08  0.338E-07  0.600E+08  0.225E-05
  0.620E+08  0.713E-04  0.640E+08  0.686E-03  0.660E+08  0.333E-02
  0.680E+08  0.771E-02  0.700E+08  0.193E-01  0.720E+08  0.400E-01
  0.740E+08  0.689E-01  0.760E+08  0.103E+00  0.780E+08  0.148E+00
  0.800E+08  0.168E+00  0.820E+08  0.181E+00  0.840E+08  0.192E+00
  0.860E+08  0.195E+00  0.880E+08  0.192E+00  0.900E+08  0.186E+00
  0.920E+08  0.181E+00  0.940E+08  0.176E+00  0.960E+08  0.170E+00
  0.980E+08  0.164E+00  0.100E+09  0.159E+00
TL195
         125
           0
          19
  0.624E+08  0.000E+00  0.660E+08  0.286E-07  0.680E+08  0.115E-05
  0.700E+08  0.315E-04  0.720E+08  0.315E-03  0.740E+08  0.166E-02
  0.760E+08  0.573E-02  0.780E+08  0.186E-01  0.800E+08  0.343E-01
  0.820E+08  0.508E-01  0.840E+08  0.787E-01  0.860E+08  0.111E+00
  0.880E+08  0.144E+00  0.900E+08  0.175E+00  0.920E+08  0.203E+00
  0.940E+08  0.215E+00  0.960E+08  0.233E+00  0.980E+08  0.244E+00
  0.100E+09  0.234E+00
TL194
         126
           0
          14
  0.717E+08  0.000E+00  0.760E+08  0.638E-11  0.780E+08  0.106E-07
  0.800E+08  0.411E-06  0.820E+08  0.319E-05  0.840E+08  0.279E-04
  0.860E+08  0.128E-03  0.880E+08  0.501E-03  0.900E+08  0.315E-02
  0.920E+08  0.701E-02  0.940E+08  0.111E-01  0.960E+08  0.195E-01
  0.980E+08  0.306E-01  0.100E+09  0.389E-01
TL193
         127
           0
          10
  0.794E+08  0.000E+00  0.840E+08  0.861E-11  0.860E+08  0.543E-09
  0.880E+08  0.373E-07  0.900E+08  0.170E-05  0.920E+08  0.149E-04
  0.940E+08  0.529E-04  0.960E+08  0.226E-03  0.980E+08  0.731E-03
  0.100E+09  0.145E-02
TL192
         128
           0
           5
  0.890E+08  0.000E+00  0.940E+08  0.971E-16  0.960E+08  0.309E-11
  0.980E+08  0.324E-09  0.100E+09  0.439E-08
HG202
         153
           0
          73
  0.350E+07  0.000E+00  0.950E+07  0.755E-08  0.100E+08  0.493E-07
  0.105E+08  0.212E-06  0.110E+08  0.745E-06  0.115E+08  0.225E-05
  0.120E+08  0.993E-03  0.125E+08  0.157E-02  0.130E+08  0.215E-02
  0.135E+08  0.272E-02  0.140E+08  0.330E-02  0.145E+08  0.403E-02
  0.150E+08  0.456E-02  0.160E+08  0.563E-02  0.170E+08  0.801E-02
  0.180E+08  0.107E-01  0.190E+08  0.140E-01  0.200E+08  0.173E-01
  0.210E+08  0.241E-01  0.220E+08  0.318E-01  0.230E+08  0.403E-01
  0.240E+08  0.485E-01  0.250E+08  0.574E-01  0.260E+08  0.661E-01
  0.270E+08  0.745E-01  0.280E+08  0.825E-01  0.290E+08  0.890E-01
  0.300E+08  0.955E-01  0.310E+08  0.102E+00  0.320E+08  0.108E+00
  0.330E+08  0.112E+00  0.340E+08  0.115E+00  0.350E+08  0.117E+00
  0.360E+08  0.119E+00  0.370E+08  0.120E+00  0.380E+08  0.120E+00
  0.390E+08  0.119E+00  0.400E+08  0.118E+00  0.410E+08  0.118E+00
  0.420E+08  0.117E+00  0.430E+08  0.116E+00  0.440E+08  0.116E+00
  0.450E+08  0.116E+00  0.460E+08  0.115E+00  0.470E+08  0.115E+00
  0.480E+08  0.114E+00  0.490E+08  0.113E+00  0.500E+08  0.113E+00
  0.520E+08  0.112E+00  0.540E+08  0.111E+00  0.560E+08  0.110E+00
  0.580E+08  0.109E+00  0.600E+08  0.109E+00  0.620E+08  0.989E-01
  0.640E+08  0.980E-01  0.660E+08  0.976E-01  0.680E+08  0.967E-01
  0.700E+08  0.960E-01  0.720E+08  0.948E-01  0.740E+08  0.937E-01
  0.760E+08  0.925E-01  0.780E+08  0.919E-01  0.800E+08  0.913E-01
  0.820E+08  0.911E-01  0.840E+08  0.909E-01  0.860E+08  0.907E-01
  0.880E+08  0.905E-01  0.900E+08  0.900E-01  0.920E+08  0.893E-01
  0.940E+08  0.885E-01  0.960E+08  0.878E-01  0.980E+08  0.872E-01
  0.100E+09  0.871E-01
HG201
         154
           0
          59
  0.113E+08  0.000E+00  0.180E+08  0.781E-08  0.190E+08  0.223E-06
  0.200E+08  0.430E-05  0.210E+08  0.270E-04  0.220E+08  0.117E-03
  0.230E+08  0.371E-03  0.240E+08  0.947E-03  0.250E+08  0.201E-02
  0.260E+08  0.374E-02  0.270E+08  0.632E-02  0.280E+08  0.984E-02
  0.290E+08  0.145E-01  0.300E+08  0.196E-01  0.310E+08  0.243E-01
  0.320E+08  0.302E-01  0.330E+08  0.360E-01  0.340E+08  0.420E-01
  0.350E+08  0.480E-01  0.360E+08  0.540E-01  0.370E+08  0.599E-01
  0.380E+08  0.653E-01  0.390E+08  0.701E-01  0.400E+08  0.745E-01
  0.410E+08  0.784E-01  0.420E+08  0.821E-01  0.430E+08  0.852E-01
  0.440E+08  0.880E-01  0.450E+08  0.929E-01  0.460E+08  0.942E-01
  0.470E+08  0.946E-01  0.480E+08  0.940E-01  0.490E+08  0.826E-01
  0.500E+08  0.810E-01  0.520E+08  0.778E-01  0.540E+08  0.748E-01
  0.560E+08  0.738E-01  0.580E+08  0.716E-01  0.600E+08  0.760E-01
  0.620E+08  0.786E-01  0.640E+08  0.774E-01  0.660E+08  0.759E-01
  0.680E+08  0.749E-01  0.700E+08  0.739E-01  0.720E+08  0.732E-01
  0.740E+08  0.724E-01  0.760E+08  0.721E-01  0.780E+08  0.719E-01
  0.800E+08  0.716E-01  0.820E+08  0.714E-01  0.840E+08  0.711E-01
  0.860E+08  0.709E-01  0.880E+08  0.704E-01  0.900E+08  0.698E-01
  0.920E+08  0.693E-01  0.940E+08  0.687E-01  0.960E+08  0.684E-01
  0.980E+08  0.680E-01  0.100E+09  0.677E-01
HG200
         155
           0
          53
  0.175E+08  0.000E+00  0.240E+08  0.177E-08  0.250E+08  0.994E-07
  0.260E+08  0.123E-05  0.270E+08  0.930E-05  0.280E+08  0.498E-04
  0.290E+08  0.191E-03  0.300E+08  0.738E-03  0.310E+08  0.167E-02
  0.320E+08  0.326E-02  0.330E+08  0.568E-02  0.340E+08  0.913E-02
  0.350E+08  0.135E-01  0.360E+08  0.190E-01  0.370E+08  0.254E-01
  0.380E+08  0.327E-01  0.390E+08  0.396E-01  0.400E+08  0.482E-01
  0.410E+08  0.560E-01  0.420E+08  0.648E-01  0.430E+08  0.735E-01
  0.440E+08  0.824E-01  0.450E+08  0.878E-01  0.460E+08  0.957E-01
  0.470E+08  0.104E+00  0.480E+08  0.112E+00  0.490E+08  0.130E+00
  0.500E+08  0.137E+00  0.520E+08  0.149E+00  0.540E+08  0.157E+00
  0.560E+08  0.162E+00  0.580E+08  0.166E+00  0.600E+08  0.167E+00
  0.620E+08  0.169E+00  0.640E+08  0.152E+00  0.660E+08  0.149E+00
  0.680E+08  0.144E+00  0.700E+08  0.141E+00  0.720E+08  0.137E+00
  0.740E+08  0.134E+00  0.760E+08  0.128E+00  0.780E+08  0.122E+00
  0.800E+08  0.119E+00  0.820E+08  0.116E+00  0.840E+08  0.113E+00
  0.860E+08  0.111E+00  0.880E+08  0.110E+00  0.900E+08  0.109E+00
  0.920E+08  0.107E+00  0.940E+08  0.106E+00  0.960E+08  0.105E+00
  0.980E+08  0.103E+00  0.100E+09  0.102E+00
HG199
         156
           0
          45
  0.256E+08  0.000E+00  0.320E+08  0.644E-10  0.330E+08  0.665E-08
  0.340E+08  0.114E-06  0.350E+08  0.101E-05  0.360E+08  0.612E-05
  0.370E+08  0.278E-04  0.380E+08  0.976E-04  0.390E+08  0.208E-03
  0.400E+08  0.512E-03  0.410E+08  0.105E-02  0.420E+08  0.201E-02
  0.430E+08  0.349E-02  0.440E+08  0.510E-02  0.450E+08  0.782E-02
  0.460E+08  0.111E-01  0.470E+08  0.153E-01  0.480E+08  0.203E-01
  0.490E+08  0.252E-01  0.500E+08  0.311E-01  0.520E+08  0.432E-01
  0.540E+08  0.550E-01  0.560E+08  0.650E-01  0.580E+08  0.706E-01
  0.600E+08  0.763E-01  0.620E+08  0.820E-01  0.640E+08  0.876E-01
  0.660E+08  0.924E-01  0.680E+08  0.975E-01  0.700E+08  0.979E-01
  0.720E+08  0.983E-01  0.740E+08  0.986E-01  0.760E+08  0.989E-01
  0.780E+08  0.993E-01  0.800E+08  0.997E-01  0.820E+08  0.100E+00
  0.840E+08  0.966E-01  0.860E+08  0.931E-01  0.880E+08  0.900E-01
  0.900E+08  0.844E-01  0.920E+08  0.818E-01  0.940E+08  0.794E-01
  0.960E+08  0.773E-01  0.980E+08  0.774E-01  0.100E+09  0.757E-01
HG198
         157
           0
          38
  0.323E+08  0.000E+00  0.390E+08  0.996E-11  0.400E+08  0.176E-08
  0.410E+08  0.425E-07  0.420E+08  0.428E-06  0.430E+08  0.275E-05
  0.440E+08  0.976E-05  0.450E+08  0.378E-04  0.460E+08  0.998E-04
  0.470E+08  0.237E-03  0.480E+08  0.549E-03  0.490E+08  0.106E-02
  0.500E+08  0.195E-02  0.520E+08  0.511E-02  0.540E+08  0.111E-01
  0.560E+08  0.193E-01  0.580E+08  0.376E-01  0.600E+08  0.512E-01
  0.620E+08  0.707E-01  0.640E+08  0.903E-01  0.660E+08  0.103E+00
  0.680E+08  0.114E+00  0.700E+08  0.121E+00  0.720E+08  0.127E+00
  0.740E+08  0.133E+00  0.760E+08  0.143E+00  0.780E+08  0.149E+00
  0.800E+08  0.155E+00  0.820E+08  0.161E+00  0.840E+08  0.166E+00
  0.860E+08  0.170E+00  0.880E+08  0.174E+00  0.900E+08  0.177E+00
  0.920E+08  0.179E+00  0.940E+08  0.181E+00  0.960E+08  0.181E+00
  0.980E+08  0.181E+00  0.100E+09  0.180E+00
HG197
         158
           0
          30
  0.408E+08  0.000E+00  0.470E+08  0.432E-16  0.480E+08  0.455E-12
  0.490E+08  0.685E-10  0.500E+08  0.168E-08  0.520E+08  0.110E-06
  0.540E+08  0.301E-05  0.560E+08  0.227E-04  0.580E+08  0.239E-03
  0.600E+08  0.657E-03  0.620E+08  0.250E-02  0.640E+08  0.693E-02
  0.660E+08  0.126E-01  0.680E+08  0.201E-01  0.700E+08  0.285E-01
  0.720E+08  0.370E-01  0.740E+08  0.446E-01  0.760E+08  0.488E-01
  0.780E+08  0.538E-01  0.800E+08  0.589E-01  0.820E+08  0.631E-01
  0.840E+08  0.672E-01  0.860E+08  0.686E-01  0.880E+08  0.697E-01
  0.900E+08  0.708E-01  0.920E+08  0.717E-01  0.940E+08  0.730E-01
  0.960E+08  0.748E-01  0.980E+08  0.770E-01  0.100E+09  0.768E-01
HG196
         159
           0
          24
  0.477E+08  0.000E+00  0.560E+08  0.284E-10  0.580E+08  0.301E-07
  0.600E+08  0.600E-06  0.620E+08  0.135E-04  0.640E+08  0.136E-03
  0.660E+08  0.573E-03  0.680E+08  0.175E-02  0.700E+08  0.426E-02
  0.720E+08  0.873E-02  0.740E+08  0.155E-01  0.760E+08  0.217E-01
  0.780E+08  0.322E-01  0.800E+08  0.402E-01  0.820E+08  0.521E-01
  0.840E+08  0.613E-01  0.860E+08  0.731E-01  0.880E+08  0.836E-01
  0.900E+08  0.928E-01  0.920E+08  0.998E-01  0.940E+08  0.107E+00
  0.960E+08  0.110E+00  0.980E+08  0.113E+00  0.100E+09  0.114E+00
HG195
         160
           0
          20
  0.566E+08  0.000E+00  0.640E+08  0.154E-14  0.660E+08  0.643E-11
  0.680E+08  0.865E-09  0.700E+08  0.324E-07  0.720E+08  0.172E-05
  0.740E+08  0.136E-04  0.760E+08  0.473E-04  0.780E+08  0.193E-03
  0.800E+08  0.450E-03  0.820E+08  0.115E-02  0.840E+08  0.262E-02
  0.860E+08  0.513E-02  0.880E+08  0.891E-02  0.900E+08  0.141E-01
  0.920E+08  0.205E-01  0.940E+08  0.257E-01  0.960E+08  0.325E-01
  0.980E+08  0.390E-01  0.100E+09  0.446E-01
HG194
         161
           0
          16
  0.635E+08  0.000E+00  0.720E+08  0.118E-12  0.740E+08  0.659E-10
  0.760E+08  0.194E-08  0.780E+08  0.640E-07  0.800E+08  0.503E-06
  0.820E+08  0.416E-05  0.840E+08  0.261E-04  0.860E+08  0.113E-03
  0.880E+08  0.374E-03  0.900E+08  0.101E-02  0.920E+08  0.210E-02
  0.940E+08  0.420E-02  0.960E+08  0.751E-02  0.980E+08  0.123E-01
  0.100E+09  0.185E-01
HG193
         162
           0
          11
  0.727E+08  0.000E+00  0.820E+08  0.717E-17  0.840E+08  0.215E-13
  0.860E+08  0.420E-11  0.880E+08  0.227E-09  0.900E+08  0.561E-08
  0.920E+08  0.745E-07  0.940E+08  0.617E-06  0.960E+08  0.363E-05
  0.980E+08  0.161E-04  0.100E+09  0.455E-04
HG192
         163
           0
           7
  0.800E+08  0.000E+00  0.900E+08  0.881E-16  0.920E+08  0.111E-12
  0.940E+08  0.159E-10  0.960E+08  0.604E-09  0.980E+08  0.129E-07
  0.100E+09  0.153E-06
HG191
         164
           0
           2
  0.895E+08  0.000E+00  0.100E+09  0.351E-19
AU201
         174
           0
          53
  0.118E+08  0.000E+00  0.240E+08  0.404E-15  0.250E+08  0.964E-14
  0.260E+08  0.951E-12  0.270E+08  0.182E-10  0.280E+08  0.128E-09
  0.290E+08  0.601E-09  0.300E+08  0.211E-08  0.310E+08  0.608E-08
  0.320E+08  0.133E-07  0.330E+08  0.294E-07  0.340E+08  0.589E-07
  0.350E+08  0.107E-06  0.360E+08  0.179E-06  0.370E+08  0.276E-06
  0.380E+08  0.860E-06  0.390E+08  0.468E-05  0.400E+08  0.227E-04
  0.410E+08  0.680E-04  0.420E+08  0.160E-03  0.430E+08  0.311E-03
  0.440E+08  0.522E-03  0.450E+08  0.787E-03  0.460E+08  0.108E-02
  0.470E+08  0.143E-02  0.480E+08  0.180E-02  0.490E+08  0.247E-02
  0.500E+08  0.289E-02  0.520E+08  0.376E-02  0.540E+08  0.458E-02
  0.560E+08  0.528E-02  0.580E+08  0.576E-02  0.600E+08  0.600E-02
  0.620E+08  0.647E-02  0.640E+08  0.649E-02  0.660E+08  0.647E-02
  0.680E+08  0.641E-02  0.700E+08  0.625E-02  0.720E+08  0.615E-02
  0.740E+08  0.612E-02  0.760E+08  0.606E-02  0.780E+08  0.600E-02
  0.800E+08  0.599E-02  0.820E+08  0.594E-02  0.840E+08  0.592E-02
  0.860E+08  0.588E-02  0.880E+08  0.588E-02  0.900E+08  0.586E-02
  0.920E+08  0.617E-02  0.940E+08  0.598E-02  0.960E+08  0.597E-02
  0.980E+08  0.595E-02  0.100E+09  0.597E-02
AU200
         175
           0
          79
  0.100E-04  0.000E+00  0.650E+07  0.117E-07  0.700E+07  0.848E-07
  0.750E+07  0.242E-06  0.800E+07  0.488E-06  0.850E+07  0.106E-05
  0.900E+07  0.215E-05  0.950E+07  0.424E-05  0.100E+08  0.804E-05
  0.105E+08  0.149E-04  0.110E+08  0.271E-04  0.115E+08  0.484E-04
  0.120E+08  0.836E-04  0.125E+08  0.140E-03  0.130E+08  0.226E-03
  0.135E+08  0.354E-03  0.140E+08  0.532E-03  0.145E+08  0.776E-03
  0.150E+08  0.109E-02  0.160E+08  0.198E-02  0.170E+08  0.312E-02
  0.180E+08  0.456E-02  0.190E+08  0.620E-02  0.200E+08  0.780E-02
  0.210E+08  0.916E-02  0.220E+08  0.102E-01  0.230E+08  0.108E-01
  0.240E+08  0.111E-01  0.250E+08  0.113E-01  0.260E+08  0.112E-01
  0.270E+08  0.108E-01  0.280E+08  0.104E-01  0.290E+08  0.984E-02
  0.300E+08  0.932E-02  0.310E+08  0.876E-02  0.320E+08  0.816E-02
  0.330E+08  0.764E-02  0.340E+08  0.712E-02  0.350E+08  0.664E-02
  0.360E+08  0.616E-02  0.370E+08  0.572E-02  0.380E+08  0.532E-02
  0.390E+08  0.470E-02  0.400E+08  0.408E-02  0.410E+08  0.374E-02
  0.420E+08  0.342E-02  0.430E+08  0.314E-02  0.440E+08  0.289E-02
  0.450E+08  0.286E-02  0.460E+08  0.266E-02  0.470E+08  0.247E-02
  0.480E+08  0.230E-02  0.490E+08  0.192E-02  0.500E+08  0.178E-02
  0.520E+08  0.155E-02  0.540E+08  0.105E-02  0.560E+08  0.551E-03
  0.580E+08  0.943E-03  0.600E+08  0.155E-02  0.620E+08  0.197E-02
  0.640E+08  0.282E-02  0.660E+08  0.373E-02  0.680E+08  0.458E-02
  0.700E+08  0.522E-02  0.720E+08  0.570E-02  0.740E+08  0.593E-02
  0.760E+08  0.601E-02  0.780E+08  0.601E-02  0.800E+08  0.594E-02
  0.820E+08  0.583E-02  0.840E+08  0.568E-02  0.860E+08  0.559E-02
  0.880E+08  0.548E-02  0.900E+08  0.535E-02  0.920E+08  0.496E-02
  0.940E+08  0.487E-02  0.960E+08  0.520E-02  0.980E+08  0.513E-02
  0.100E+09  0.505E-02
AU199
         176
           0
          66
  0.100E-04  0.000E+00  0.130E+08  0.351E-07  0.135E+08  0.319E-06
  0.140E+08  0.866E-06  0.145E+08  0.153E-05  0.150E+08  0.283E-05
  0.160E+08  0.951E-05  0.170E+08  0.210E-04  0.180E+08  0.502E-04
  0.190E+08  0.125E-03  0.200E+08  0.290E-03  0.210E+08  0.594E-03
  0.220E+08  0.107E-02  0.230E+08  0.170E-02  0.240E+08  0.245E-02
  0.250E+08  0.326E-02  0.260E+08  0.418E-02  0.270E+08  0.513E-02
  0.280E+08  0.607E-02  0.290E+08  0.691E-02  0.300E+08  0.759E-02
  0.310E+08  0.807E-02  0.320E+08  0.836E-02  0.330E+08  0.845E-02
  0.340E+08  0.839E-02  0.350E+08  0.821E-02  0.360E+08  0.794E-02
  0.370E+08  0.761E-02  0.380E+08  0.724E-02  0.390E+08  0.673E-02
  0.400E+08  0.633E-02  0.410E+08  0.592E-02  0.420E+08  0.553E-02
  0.430E+08  0.515E-02  0.440E+08  0.496E-02  0.450E+08  0.455E-02
  0.460E+08  0.421E-02  0.470E+08  0.389E-02  0.480E+08  0.377E-02
  0.490E+08  0.340E-02  0.500E+08  0.302E-02  0.520E+08  0.255E-02
  0.540E+08  0.217E-02  0.560E+08  0.185E-02  0.580E+08  0.159E-02
  0.600E+08  0.140E-02  0.620E+08  0.119E-02  0.640E+08  0.994E-03
  0.660E+08  0.840E-03  0.680E+08  0.791E-03  0.700E+08  0.933E-03
  0.720E+08  0.133E-02  0.740E+08  0.196E-02  0.760E+08  0.277E-02
  0.780E+08  0.371E-02  0.800E+08  0.470E-02  0.820E+08  0.572E-02
  0.840E+08  0.668E-02  0.860E+08  0.731E-02  0.880E+08  0.786E-02
  0.900E+08  0.827E-02  0.920E+08  0.846E-02  0.940E+08  0.853E-02
  0.960E+08  0.811E-02  0.980E+08  0.803E-02  0.100E+09  0.803E-02
AU198
         177
           0
          56
  0.671E+07  0.000E+00  0.210E+08  0.221E-08  0.220E+08  0.351E-06
  0.230E+08  0.245E-05  0.240E+08  0.121E-04  0.250E+08  0.315E-04
  0.260E+08  0.734E-04  0.270E+08  0.161E-03  0.280E+08  0.314E-03
  0.290E+08  0.613E-03  0.300E+08  0.110E-02  0.310E+08  0.178E-02
  0.320E+08  0.267E-02  0.330E+08  0.371E-02  0.340E+08  0.484E-02
  0.350E+08  0.600E-02  0.360E+08  0.709E-02  0.370E+08  0.804E-02
  0.380E+08  0.878E-02  0.390E+08  0.928E-02  0.400E+08  0.952E-02
  0.410E+08  0.956E-02  0.420E+08  0.944E-02  0.430E+08  0.919E-02
  0.440E+08  0.896E-02  0.450E+08  0.856E-02  0.460E+08  0.830E-02
  0.470E+08  0.815E-02  0.480E+08  0.773E-02  0.490E+08  0.730E-02
  0.500E+08  0.688E-02  0.520E+08  0.603E-02  0.540E+08  0.519E-02
  0.560E+08  0.434E-02  0.580E+08  0.366E-02  0.600E+08  0.305E-02
  0.620E+08  0.259E-02  0.640E+08  0.222E-02  0.660E+08  0.191E-02
  0.680E+08  0.148E-02  0.700E+08  0.126E-02  0.720E+08  0.107E-02
  0.740E+08  0.895E-03  0.760E+08  0.748E-03  0.780E+08  0.595E-03
  0.800E+08  0.456E-03  0.820E+08  0.382E-03  0.840E+08  0.382E-03
  0.860E+08  0.699E-03  0.880E+08  0.111E-02  0.900E+08  0.170E-02
  0.920E+08  0.242E-02  0.940E+08  0.326E-02  0.960E+08  0.410E-02
  0.980E+08  0.496E-02  0.100E+09  0.556E-02
AU197
         178
           0
          46
  0.133E+08  0.000E+00  0.310E+08  0.126E-04  0.320E+08  0.354E-04
  0.330E+08  0.849E-04  0.340E+08  0.186E-03  0.350E+08  0.380E-03
  0.360E+08  0.722E-03  0.370E+08  0.127E-02  0.380E+08  0.205E-02
  0.390E+08  0.322E-02  0.400E+08  0.449E-02  0.410E+08  0.595E-02
  0.420E+08  0.757E-02  0.430E+08  0.920E-02  0.440E+08  0.105E-01
  0.450E+08  0.120E-01  0.460E+08  0.133E-01  0.470E+08  0.143E-01
  0.480E+08  0.154E-01  0.490E+08  0.167E-01  0.500E+08  0.174E-01
  0.520E+08  0.180E-01  0.540E+08  0.177E-01  0.560E+08  0.165E-01
  0.580E+08  0.151E-01  0.600E+08  0.135E-01  0.620E+08  0.126E-01
  0.640E+08  0.110E-01  0.660E+08  0.867E-02  0.680E+08  0.633E-02
  0.700E+08  0.542E-02  0.720E+08  0.466E-02  0.740E+08  0.403E-02
  0.760E+08  0.347E-02  0.780E+08  0.303E-02  0.800E+08  0.265E-02
  0.820E+08  0.241E-02  0.840E+08  0.210E-02  0.860E+08  0.172E-02
  0.880E+08  0.148E-02  0.900E+08  0.134E-02  0.920E+08  0.118E-02
  0.940E+08  0.110E-02  0.960E+08  0.109E-02  0.980E+08  0.120E-02
  0.100E+09  0.144E-02
AU196
         179
           0
          41
  0.214E+08  0.000E+00  0.360E+08  0.528E-10  0.370E+08  0.719E-08
  0.380E+08  0.113E-06  0.390E+08  0.842E-06  0.400E+08  0.343E-05
  0.410E+08  0.121E-04  0.420E+08  0.330E-04  0.430E+08  0.749E-04
  0.440E+08  0.145E-03  0.450E+08  0.385E-03  0.460E+08  0.703E-03
  0.470E+08  0.107E-02  0.480E+08  0.170E-02  0.490E+08  0.203E-02
  0.500E+08  0.260E-02  0.520E+08  0.374E-02  0.540E+08  0.487E-02
  0.560E+08  0.601E-02  0.580E+08  0.715E-02  0.600E+08  0.829E-02
  0.620E+08  0.942E-02  0.640E+08  0.106E-01  0.660E+08  0.117E-01
  0.680E+08  0.101E-01  0.700E+08  0.893E-02  0.720E+08  0.778E-02
  0.740E+08  0.687E-02  0.760E+08  0.587E-02  0.780E+08  0.503E-02
  0.800E+08  0.434E-02  0.820E+08  0.370E-02  0.840E+08  0.327E-02
  0.860E+08  0.280E-02  0.880E+08  0.251E-02  0.900E+08  0.237E-02
  0.920E+08  0.214E-02  0.940E+08  0.199E-02  0.960E+08  0.178E-02
  0.980E+08  0.161E-02  0.100E+09  0.145E-02
AU195
         180
           0
          34
  0.280E+08  0.000E+00  0.430E+08  0.819E-10  0.440E+08  0.452E-08
  0.450E+08  0.104E-06  0.460E+08  0.642E-06  0.470E+08  0.209E-05
  0.480E+08  0.687E-05  0.490E+08  0.879E-05  0.500E+08  0.238E-04
  0.520E+08  0.177E-03  0.540E+08  0.645E-03  0.560E+08  0.175E-02
  0.580E+08  0.374E-02  0.600E+08  0.660E-02  0.620E+08  0.102E-01
  0.640E+08  0.139E-01  0.660E+08  0.185E-01  0.680E+08  0.220E-01
  0.700E+08  0.237E-01  0.720E+08  0.255E-01  0.740E+08  0.254E-01
  0.760E+08  0.250E-01  0.780E+08  0.235E-01  0.800E+08  0.218E-01
  0.820E+08  0.198E-01  0.840E+08  0.179E-01  0.860E+08  0.156E-01
  0.880E+08  0.138E-01  0.900E+08  0.126E-01  0.920E+08  0.114E-01
  0.940E+08  0.102E-01  0.960E+08  0.911E-02  0.980E+08  0.848E-02
  0.100E+09  0.786E-02
AU194
         181
           0
          26
  0.365E+08  0.000E+00  0.520E+08  0.732E-11  0.540E+08  0.526E-08
  0.560E+08  0.934E-07  0.580E+08  0.177E-05  0.600E+08  0.127E-04
  0.620E+08  0.631E-04  0.640E+08  0.237E-03  0.660E+08  0.878E-03
  0.680E+08  0.233E-02  0.700E+08  0.422E-02  0.720E+08  0.599E-02
  0.740E+08  0.885E-02  0.760E+08  0.110E-01  0.780E+08  0.132E-01
  0.800E+08  0.148E-01  0.820E+08  0.156E-01  0.840E+08  0.159E-01
  0.860E+08  0.166E-01  0.880E+08  0.158E-01  0.900E+08  0.150E-01
  0.920E+08  0.138E-01  0.940E+08  0.126E-01  0.960E+08  0.117E-01
  0.980E+08  0.109E-01  0.100E+09  0.977E-02
AU193
         182
           0
          23
  0.434E+08  0.000E+00  0.580E+08  0.160E-12  0.600E+08  0.401E-09
  0.620E+08  0.258E-07  0.640E+08  0.417E-06  0.660E+08  0.540E-05
  0.680E+08  0.388E-04  0.700E+08  0.159E-03  0.720E+08  0.382E-03
  0.740E+08  0.106E-02  0.760E+08  0.233E-02  0.780E+08  0.437E-02
  0.800E+08  0.729E-02  0.820E+08  0.105E-01  0.840E+08  0.147E-01
  0.860E+08  0.185E-01  0.880E+08  0.225E-01  0.900E+08  0.259E-01
  0.920E+08  0.291E-01  0.940E+08  0.312E-01  0.960E+08  0.318E-01
  0.980E+08  0.322E-01  0.100E+09  0.316E-01
AU192
         183
           0
          18
  0.522E+08  0.000E+00  0.680E+08  0.121E-13  0.700E+08  0.118E-10
  0.720E+08  0.265E-09  0.740E+08  0.351E-07  0.760E+08  0.405E-06
  0.780E+08  0.308E-05  0.800E+08  0.166E-04  0.820E+08  0.556E-04
  0.840E+08  0.188E-03  0.860E+08  0.583E-03  0.880E+08  0.130E-02
  0.900E+08  0.241E-02  0.920E+08  0.385E-02  0.940E+08  0.608E-02
  0.960E+08  0.778E-02  0.980E+08  0.106E-01  0.100E+09  0.133E-01
AU191
         184
           0
          14
  0.592E+08  0.000E+00  0.760E+08  0.303E-13  0.780E+08  0.169E-10
  0.800E+08  0.107E-08  0.820E+08  0.134E-07  0.840E+08  0.176E-06
  0.860E+08  0.179E-05  0.880E+08  0.103E-04  0.900E+08  0.409E-04
  0.920E+08  0.139E-03  0.940E+08  0.358E-03  0.960E+08  0.665E-03
  0.980E+08  0.142E-02  0.100E+09  0.264E-02
AU190
         185
           0
           9
  0.683E+08  0.000E+00  0.860E+08  0.240E-15  0.880E+08  0.103E-12
  0.900E+08  0.827E-11  0.920E+08  0.250E-09  0.940E+08  0.361E-08
  0.960E+08  0.218E-07  0.980E+08  0.171E-06  0.100E+09  0.978E-06
AU189
         186
           0
           5
  0.755E+08  0.000E+00  0.940E+08  0.385E-16  0.960E+08  0.748E-14
  0.980E+08  0.111E-11  0.100E+09  0.410E-10
PT201
         219
           0
          43
  0.159E+08  0.000E+00  0.340E+08  0.621E-20  0.350E+08  0.143E-18
  0.360E+08  0.109E-17  0.370E+08  0.522E-17  0.380E+08  0.250E-16
  0.390E+08  0.818E-16  0.400E+08  0.310E-15  0.410E+08  0.103E-14
  0.420E+08  0.336E-14  0.430E+08  0.885E-14  0.440E+08  0.211E-13
  0.450E+08  0.456E-13  0.460E+08  0.904E-13  0.470E+08  0.165E-12
  0.480E+08  0.277E-12  0.490E+08  0.411E-12  0.500E+08  0.596E-12
  0.520E+08  0.114E-11  0.540E+08  0.179E-11  0.560E+08  0.296E-11
  0.580E+08  0.677E-11  0.600E+08  0.191E-10  0.620E+08  0.533E-10
  0.640E+08  0.146E-09  0.660E+08  0.292E-09  0.680E+08  0.406E-09
  0.700E+08  0.591E-09  0.720E+08  0.761E-09  0.740E+08  0.891E-09
  0.760E+08  0.973E-09  0.780E+08  0.102E-08  0.800E+08  0.105E-08
  0.820E+08  0.106E-08  0.840E+08  0.118E-08  0.860E+08  0.170E-08
  0.880E+08  0.143E-08  0.900E+08  0.141E-08  0.920E+08  0.141E-08
  0.940E+08  0.141E-08  0.960E+08  0.141E-08  0.980E+08  0.142E-08
  0.100E+09  0.143E-08
PT200
         220
           0
          40
  0.189E+08  0.000E+00  0.370E+08  0.160E-22  0.380E+08  0.705E-21
  0.390E+08  0.933E-20  0.400E+08  0.495E-18  0.410E+08  0.993E-17
  0.420E+08  0.104E-15  0.430E+08  0.643E-15  0.440E+08  0.302E-14
  0.450E+08  0.115E-13  0.460E+08  0.375E-13  0.470E+08  0.107E-12
  0.480E+08  0.271E-12  0.490E+08  0.648E-12  0.500E+08  0.137E-11
  0.520E+08  0.536E-11  0.540E+08  0.158E-10  0.560E+08  0.385E-10
  0.580E+08  0.796E-10  0.600E+08  0.161E-09  0.620E+08  0.244E-09
  0.640E+08  0.415E-09  0.660E+08  0.588E-09  0.680E+08  0.871E-09
  0.700E+08  0.141E-08  0.720E+08  0.253E-08  0.740E+08  0.451E-08
  0.760E+08  0.775E-08  0.780E+08  0.126E-07  0.800E+08  0.196E-07
  0.820E+08  0.289E-07  0.840E+08  0.437E-07  0.860E+08  0.597E-07
  0.880E+08  0.675E-07  0.900E+08  0.805E-07  0.920E+08  0.924E-07
  0.940E+08  0.101E-06  0.960E+08  0.107E-06  0.980E+08  0.112E-06
  0.100E+09  0.115E-06
PT199
         221
           0
          57
  0.100E-04  0.000E+00  0.200E+08  0.145E-14  0.210E+08  0.255E-13
  0.220E+08  0.185E-12  0.230E+08  0.647E-12  0.240E+08  0.270E-11
  0.250E+08  0.951E-11  0.260E+08  0.281E-10  0.270E+08  0.734E-10
  0.280E+08  0.172E-09  0.290E+08  0.373E-09  0.300E+08  0.726E-09
  0.310E+08  0.130E-08  0.320E+08  0.217E-08  0.330E+08  0.335E-08
  0.340E+08  0.489E-08  0.350E+08  0.663E-08  0.360E+08  0.727E-08
  0.370E+08  0.872E-08  0.380E+08  0.100E-07  0.390E+08  0.110E-07
  0.400E+08  0.120E-07  0.410E+08  0.127E-07  0.420E+08  0.142E-07
  0.430E+08  0.138E-07  0.440E+08  0.133E-07  0.450E+08  0.140E-07
  0.460E+08  0.142E-07  0.470E+08  0.143E-07  0.480E+08  0.144E-07
  0.490E+08  0.118E-07  0.500E+08  0.118E-07  0.520E+08  0.169E-07
  0.540E+08  0.165E-07  0.560E+08  0.173E-07  0.580E+08  0.182E-07
  0.600E+08  0.198E-07  0.620E+08  0.217E-07  0.640E+08  0.243E-07
  0.660E+08  0.277E-07  0.680E+08  0.314E-07  0.700E+08  0.358E-07
  0.720E+08  0.426E-07  0.740E+08  0.456E-07  0.760E+08  0.480E-07
  0.780E+08  0.486E-07  0.800E+08  0.483E-07  0.820E+08  0.484E-07
  0.840E+08  0.515E-07  0.860E+08  0.568E-07  0.880E+08  0.662E-07
  0.900E+08  0.872E-07  0.920E+08  0.120E-06  0.940E+08  0.165E-06
  0.960E+08  0.214E-06  0.980E+08  0.267E-06  0.100E+09  0.316E-06
PT198
         222
           0
          54
  0.336E+07  0.000E+00  0.230E+08  0.144E-17  0.240E+08  0.798E-16
  0.250E+08  0.115E-14  0.260E+08  0.177E-12  0.270E+08  0.260E-11
  0.280E+08  0.160E-10  0.290E+08  0.689E-10  0.300E+08  0.233E-09
  0.310E+08  0.668E-09  0.320E+08  0.169E-08  0.330E+08  0.385E-08
  0.340E+08  0.817E-08  0.350E+08  0.160E-07  0.360E+08  0.306E-07
  0.370E+08  0.527E-07  0.380E+08  0.866E-07  0.390E+08  0.130E-06
  0.400E+08  0.199E-06  0.410E+08  0.291E-06  0.420E+08  0.429E-06
  0.430E+08  0.530E-06  0.440E+08  0.668E-06  0.450E+08  0.862E-06
  0.460E+08  0.105E-05  0.470E+08  0.124E-05  0.480E+08  0.143E-05
  0.490E+08  0.144E-05  0.500E+08  0.157E-05  0.520E+08  0.234E-05
  0.540E+08  0.234E-05  0.560E+08  0.248E-05  0.580E+08  0.251E-05
  0.600E+08  0.247E-05  0.620E+08  0.267E-05  0.640E+08  0.263E-05
  0.660E+08  0.259E-05  0.680E+08  0.255E-05  0.700E+08  0.252E-05
  0.720E+08  0.265E-05  0.740E+08  0.242E-05  0.760E+08  0.244E-05
  0.780E+08  0.245E-05  0.800E+08  0.240E-05  0.820E+08  0.244E-05
  0.840E+08  0.265E-05  0.860E+08  0.262E-05  0.880E+08  0.256E-05
  0.900E+08  0.251E-05  0.920E+08  0.245E-05  0.940E+08  0.237E-05
  0.960E+08  0.233E-05  0.980E+08  0.232E-05  0.100E+09  0.228E-05
PT197
         223
           0
          46
  0.110E+08  0.000E+00  0.310E+08  0.345E-15  0.320E+08  0.953E-14
  0.330E+08  0.143E-12  0.340E+08  0.133E-11  0.350E+08  0.102E-10
  0.360E+08  0.675E-10  0.370E+08  0.302E-09  0.380E+08  0.109E-08
  0.390E+08  0.308E-08  0.400E+08  0.839E-08  0.410E+08  0.204E-07
  0.420E+08  0.608E-07  0.430E+08  0.116E-06  0.440E+08  0.214E-06
  0.450E+08  0.385E-06  0.460E+08  0.638E-06  0.470E+08  0.100E-05
  0.480E+08  0.151E-05  0.490E+08  0.224E-05  0.500E+08  0.301E-05
  0.520E+08  0.498E-05  0.540E+08  0.687E-05  0.560E+08  0.909E-05
  0.580E+08  0.108E-04  0.600E+08  0.117E-04  0.620E+08  0.121E-04
  0.640E+08  0.121E-04  0.660E+08  0.118E-04  0.680E+08  0.115E-04
  0.700E+08  0.111E-04  0.720E+08  0.112E-04  0.740E+08  0.105E-04
  0.760E+08  0.103E-04  0.780E+08  0.101E-04  0.800E+08  0.950E-05
  0.820E+08  0.946E-05  0.840E+08  0.904E-05  0.860E+08  0.878E-05
  0.880E+08  0.854E-05  0.900E+08  0.830E-05  0.920E+08  0.599E-05
  0.940E+08  0.592E-05  0.960E+08  0.576E-05  0.980E+08  0.561E-05
  0.100E+09  0.527E-05
PT196
         224
           0
          40
  0.168E+08  0.000E+00  0.370E+08  0.444E-15  0.380E+08  0.500E-13
  0.390E+08  0.895E-12  0.400E+08  0.798E-11  0.410E+08  0.520E-10
  0.420E+08  0.343E-09  0.430E+08  0.123E-08  0.440E+08  0.404E-08
  0.450E+08  0.120E-07  0.460E+08  0.293E-07  0.470E+08  0.704E-07
  0.480E+08  0.157E-06  0.490E+08  0.304E-06  0.500E+08  0.592E-06
  0.520E+08  0.151E-05  0.540E+08  0.372E-05  0.560E+08  0.823E-05
  0.580E+08  0.159E-04  0.600E+08  0.284E-04  0.620E+08  0.451E-04
  0.640E+08  0.619E-04  0.660E+08  0.785E-04  0.680E+08  0.930E-04
  0.700E+08  0.108E-03  0.720E+08  0.130E-03  0.740E+08  0.131E-03
  0.760E+08  0.136E-03  0.780E+08  0.138E-03  0.800E+08  0.133E-03
  0.820E+08  0.134E-03  0.840E+08  0.132E-03  0.860E+08  0.130E-03
  0.880E+08  0.128E-03  0.900E+08  0.133E-03  0.920E+08  0.123E-03
  0.940E+08  0.121E-03  0.960E+08  0.121E-03  0.980E+08  0.121E-03
  0.100E+09  0.115E-03
PT195
         225
           0
          32
  0.248E+08  0.000E+00  0.450E+08  0.292E-16  0.460E+08  0.313E-14
  0.470E+08  0.876E-13  0.480E+08  0.111E-11  0.490E+08  0.104E-10
  0.500E+08  0.637E-10  0.520E+08  0.109E-08  0.540E+08  0.110E-07
  0.560E+08  0.582E-07  0.580E+08  0.297E-06  0.600E+08  0.123E-05
  0.620E+08  0.458E-05  0.640E+08  0.114E-04  0.660E+08  0.237E-04
  0.680E+08  0.425E-04  0.700E+08  0.634E-04  0.720E+08  0.887E-04
  0.740E+08  0.114E-03  0.760E+08  0.141E-03  0.780E+08  0.160E-03
  0.800E+08  0.169E-03  0.820E+08  0.179E-03  0.840E+08  0.182E-03
  0.860E+08  0.181E-03  0.880E+08  0.210E-03  0.900E+08  0.199E-03
  0.920E+08  0.185E-03  0.940E+08  0.180E-03  0.960E+08  0.179E-03
  0.980E+08  0.177E-03  0.100E+09  0.172E-03
PT194
         226
           0
          26
  0.309E+08  0.000E+00  0.520E+08  0.355E-14  0.540E+08  0.164E-11
  0.560E+08  0.511E-10  0.580E+08  0.105E-08  0.600E+08  0.106E-07
  0.620E+08  0.116E-06  0.640E+08  0.614E-06  0.660E+08  0.238E-05
  0.680E+08  0.717E-05  0.700E+08  0.186E-04  0.720E+08  0.360E-04
  0.740E+08  0.710E-04  0.760E+08  0.128E-03  0.780E+08  0.206E-03
  0.800E+08  0.298E-03  0.820E+08  0.420E-03  0.840E+08  0.549E-03
  0.860E+08  0.684E-03  0.880E+08  0.798E-03  0.900E+08  0.904E-03
  0.920E+08  0.997E-03  0.940E+08  0.109E-02  0.960E+08  0.115E-02
  0.980E+08  0.119E-02  0.100E+09  0.117E-02
PT193
         227
           0
          22
  0.393E+08  0.000E+00  0.600E+08  0.713E-18  0.620E+08  0.418E-14
  0.640E+08  0.830E-12  0.660E+08  0.332E-10  0.680E+08  0.317E-09
  0.700E+08  0.398E-08  0.720E+08  0.248E-07  0.740E+08  0.125E-06
  0.760E+08  0.606E-06  0.780E+08  0.234E-05  0.800E+08  0.711E-05
  0.820E+08  0.185E-04  0.840E+08  0.416E-04  0.860E+08  0.831E-04
  0.880E+08  0.129E-03  0.900E+08  0.201E-03  0.920E+08  0.309E-03
  0.940E+08  0.415E-03  0.960E+08  0.525E-03  0.980E+08  0.629E-03
  0.100E+09  0.697E-03
PT192
         228
           0
          19
  0.456E+08  0.000E+00  0.660E+08  0.115E-17  0.680E+08  0.178E-14
  0.700E+08  0.400E-12  0.720E+08  0.169E-10  0.740E+08  0.330E-09
  0.760E+08  0.415E-08  0.780E+08  0.368E-07  0.800E+08  0.226E-06
  0.820E+08  0.104E-05  0.840E+08  0.369E-05  0.860E+08  0.120E-04
  0.880E+08  0.260E-04  0.900E+08  0.588E-04  0.920E+08  0.133E-03
  0.940E+08  0.210E-03  0.960E+08  0.356E-03  0.980E+08  0.566E-03
  0.100E+09  0.816E-03
PT191
         229
           0
          14
  0.543E+08  0.000E+00  0.760E+08  0.488E-20  0.780E+08  0.221E-16
  0.800E+08  0.508E-14  0.820E+08  0.245E-12  0.840E+08  0.806E-11
  0.860E+08  0.158E-09  0.880E+08  0.133E-08  0.900E+08  0.848E-08
  0.920E+08  0.596E-07  0.940E+08  0.520E-06  0.960E+08  0.194E-05
  0.980E+08  0.625E-05  0.100E+09  0.167E-04
PT190
         230
           0
          11
  0.608E+08  0.000E+00  0.820E+08  0.250E-22  0.840E+08  0.266E-17
  0.860E+08  0.252E-14  0.880E+08  0.174E-12  0.900E+08  0.619E-11
  0.920E+08  0.136E-09  0.940E+08  0.197E-08  0.960E+08  0.161E-07
  0.980E+08  0.102E-06  0.100E+09  0.487E-06
PT189
         231
           0
           6
  0.698E+08  0.000E+00  0.920E+08  0.944E-21  0.940E+08  0.199E-17
  0.960E+08  0.345E-15  0.980E+08  0.223E-13  0.100E+09  0.326E-12
PT188
         232
           0
           3
  0.765E+08  0.000E+00  0.980E+08  0.112E-22  0.100E+09  0.624E-19
IR200
         254
           0
          28
  0.251E+08  0.000E+00  0.490E+08  0.121E-25  0.500E+08  0.338E-24
  0.520E+08  0.381E-22  0.540E+08  0.125E-20  0.560E+08  0.210E-19
  0.580E+08  0.221E-18  0.600E+08  0.251E-17  0.620E+08  0.134E-16
  0.640E+08  0.525E-16  0.660E+08  0.160E-15  0.680E+08  0.299E-15
  0.700E+08  0.599E-15  0.720E+08  0.115E-14  0.740E+08  0.181E-14
  0.760E+08  0.254E-14  0.780E+08  0.325E-14  0.800E+08  0.387E-14
  0.820E+08  0.440E-14  0.840E+08  0.442E-14  0.860E+08  0.578E-14
  0.880E+08  0.630E-14  0.900E+08  0.750E-14  0.920E+08  0.109E-13
  0.940E+08  0.182E-13  0.960E+08  0.306E-13  0.980E+08  0.513E-13
  0.100E+09  0.803E-13
IR199
         255
           0
          26
  0.284E+08  0.000E+00  0.520E+08  0.327E-27  0.540E+08  0.302E-24
  0.560E+08  0.113E-21  0.580E+08  0.738E-20  0.600E+08  0.364E-18
  0.620E+08  0.316E-17  0.640E+08  0.278E-16  0.660E+08  0.168E-15
  0.680E+08  0.508E-15  0.700E+08  0.188E-14  0.720E+08  0.646E-14
  0.740E+08  0.176E-13  0.760E+08  0.412E-13  0.780E+08  0.848E-13
  0.800E+08  0.152E-12  0.820E+08  0.245E-12  0.840E+08  0.342E-12
  0.860E+08  0.495E-12  0.880E+08  0.697E-12  0.900E+08  0.805E-12
  0.920E+08  0.940E-12  0.940E+08  0.110E-11  0.960E+08  0.121E-11
  0.980E+08  0.140E-11  0.100E+09  0.155E-11
IR198
         256
           0
          43
  0.883E+07  0.000E+00  0.340E+08  0.262E-22  0.350E+08  0.902E-20
  0.360E+08  0.215E-18  0.370E+08  0.158E-17  0.380E+08  0.918E-17
  0.390E+08  0.303E-16  0.400E+08  0.123E-15  0.410E+08  0.435E-15
  0.420E+08  0.150E-14  0.430E+08  0.438E-14  0.440E+08  0.111E-13
  0.450E+08  0.245E-13  0.460E+08  0.557E-13  0.470E+08  0.114E-12
  0.480E+08  0.218E-12  0.490E+08  0.435E-12  0.500E+08  0.645E-12
  0.520E+08  0.152E-11  0.540E+08  0.299E-11  0.560E+08  0.474E-11
  0.580E+08  0.708E-11  0.600E+08  0.109E-10  0.620E+08  0.176E-10
  0.640E+08  0.363E-10  0.660E+08  0.729E-10  0.680E+08  0.138E-09
  0.700E+08  0.236E-09  0.720E+08  0.371E-09  0.740E+08  0.531E-09
  0.760E+08  0.761E-09  0.780E+08  0.952E-09  0.800E+08  0.111E-08
  0.820E+08  0.123E-08  0.840E+08  0.145E-08  0.860E+08  0.964E-09
  0.880E+08  0.980E-09  0.900E+08  0.993E-09  0.920E+08  0.100E-08
  0.940E+08  0.103E-08  0.960E+08  0.123E-08  0.980E+08  0.128E-08
  0.100E+09  0.130E-08
IR197
         257
           0
          39
  0.123E+08  0.000E+00  0.380E+08  0.349E-23  0.390E+08  0.257E-21
  0.400E+08  0.263E-19  0.410E+08  0.153E-17  0.420E+08  0.228E-16
  0.430E+08  0.177E-15  0.440E+08  0.937E-15  0.450E+08  0.382E-14
  0.460E+08  0.118E-13  0.470E+08  0.381E-13  0.480E+08  0.109E-12
  0.490E+08  0.338E-12  0.500E+08  0.737E-12  0.520E+08  0.317E-11
  0.540E+08  0.116E-10  0.560E+08  0.339E-10  0.580E+08  0.904E-10
  0.600E+08  0.249E-09  0.620E+08  0.492E-09  0.640E+08  0.884E-09
  0.660E+08  0.109E-08  0.680E+08  0.145E-08  0.700E+08  0.173E-08
  0.720E+08  0.234E-08  0.740E+08  0.315E-08  0.760E+08  0.390E-08
  0.780E+08  0.577E-08  0.800E+08  0.899E-08  0.820E+08  0.138E-07
  0.840E+08  0.224E-07  0.860E+08  0.310E-07  0.880E+08  0.416E-07
  0.900E+08  0.528E-07  0.920E+08  0.638E-07  0.940E+08  0.733E-07
  0.960E+08  0.825E-07  0.980E+08  0.897E-07  0.100E+09  0.997E-07
IR196
         258
           0
          56
  0.100E-04  0.000E+00  0.210E+08  0.298E-15  0.220E+08  0.360E-14
  0.230E+08  0.206E-13  0.240E+08  0.848E-13  0.250E+08  0.335E-12
  0.260E+08  0.102E-11  0.270E+08  0.280E-11  0.280E+08  0.699E-11
  0.290E+08  0.161E-10  0.300E+08  0.346E-10  0.310E+08  0.696E-10
  0.320E+08  0.132E-09  0.330E+08  0.233E-09  0.340E+08  0.387E-09
  0.350E+08  0.602E-09  0.360E+08  0.882E-09  0.370E+08  0.122E-08
  0.380E+08  0.160E-08  0.390E+08  0.204E-08  0.400E+08  0.242E-08
  0.410E+08  0.276E-08  0.420E+08  0.347E-08  0.430E+08  0.365E-08
  0.440E+08  0.386E-08  0.450E+08  0.444E-08  0.460E+08  0.453E-08
  0.470E+08  0.458E-08  0.480E+08  0.458E-08  0.490E+08  0.539E-08
  0.500E+08  0.530E-08  0.520E+08  0.512E-08  0.540E+08  0.468E-08
  0.560E+08  0.512E-08  0.580E+08  0.521E-08  0.600E+08  0.545E-08
  0.620E+08  0.594E-08  0.640E+08  0.687E-08  0.660E+08  0.876E-08
  0.680E+08  0.790E-08  0.700E+08  0.109E-07  0.720E+08  0.155E-07
  0.740E+08  0.203E-07  0.760E+08  0.248E-07  0.780E+08  0.283E-07
  0.800E+08  0.304E-07  0.820E+08  0.317E-07  0.840E+08  0.337E-07
  0.860E+08  0.353E-07  0.880E+08  0.421E-07  0.900E+08  0.553E-07
  0.920E+08  0.796E-07  0.940E+08  0.118E-06  0.960E+08  0.147E-06
  0.980E+08  0.207E-06  0.100E+09  0.271E-06
IR195
         259
           0
          46
  0.100E-04  0.000E+00  0.310E+08  0.202E-10  0.320E+08  0.552E-10
  0.330E+08  0.138E-09  0.340E+08  0.323E-09  0.350E+08  0.706E-09
  0.360E+08  0.145E-08  0.370E+08  0.279E-08  0.380E+08  0.510E-08
  0.390E+08  0.955E-08  0.400E+08  0.158E-07  0.410E+08  0.251E-07
  0.420E+08  0.391E-07  0.430E+08  0.503E-07  0.440E+08  0.718E-07
  0.450E+08  0.108E-06  0.460E+08  0.144E-06  0.470E+08  0.185E-06
  0.480E+08  0.229E-06  0.490E+08  0.255E-06  0.500E+08  0.291E-06
  0.520E+08  0.403E-06  0.540E+08  0.405E-06  0.560E+08  0.457E-06
  0.580E+08  0.453E-06  0.600E+08  0.435E-06  0.620E+08  0.406E-06
  0.640E+08  0.374E-06  0.660E+08  0.406E-06  0.680E+08  0.314E-06
  0.700E+08  0.288E-06  0.720E+08  0.268E-06  0.740E+08  0.236E-06
  0.760E+08  0.252E-06  0.780E+08  0.265E-06  0.800E+08  0.294E-06
  0.820E+08  0.332E-06  0.840E+08  0.381E-06  0.860E+08  0.423E-06
  0.880E+08  0.474E-06  0.900E+08  0.491E-06  0.920E+08  0.510E-06
  0.940E+08  0.517E-06  0.960E+08  0.524E-06  0.980E+08  0.528E-06
  0.100E+09  0.542E-06
IR194
         260
           0
          43
  0.620E+07  0.000E+00  0.340E+08  0.533E-14  0.350E+08  0.239E-12
  0.360E+08  0.141E-11  0.370E+08  0.798E-11  0.380E+08  0.331E-10
  0.390E+08  0.133E-09  0.400E+08  0.388E-09  0.410E+08  0.104E-08
  0.420E+08  0.205E-08  0.430E+08  0.435E-08  0.440E+08  0.931E-08
  0.450E+08  0.205E-07  0.460E+08  0.392E-07  0.470E+08  0.708E-07
  0.480E+08  0.122E-06  0.490E+08  0.226E-06  0.500E+08  0.342E-06
  0.520E+08  0.647E-06  0.540E+08  0.110E-05  0.560E+08  0.169E-05
  0.580E+08  0.223E-05  0.600E+08  0.265E-05  0.620E+08  0.286E-05
  0.640E+08  0.289E-05  0.660E+08  0.277E-05  0.680E+08  0.227E-05
  0.700E+08  0.205E-05  0.720E+08  0.182E-05  0.740E+08  0.151E-05
  0.760E+08  0.139E-05  0.780E+08  0.121E-05  0.800E+08  0.106E-05
  0.820E+08  0.948E-06  0.840E+08  0.879E-06  0.860E+08  0.862E-06
  0.880E+08  0.860E-06  0.900E+08  0.932E-06  0.920E+08  0.103E-05
  0.940E+08  0.113E-05  0.960E+08  0.125E-05  0.980E+08  0.133E-05
  0.100E+09  0.139E-05
IR193
         261
           0
          37
  0.123E+08  0.000E+00  0.400E+08  0.311E-15  0.410E+08  0.628E-13
  0.420E+08  0.572E-12  0.430E+08  0.397E-11  0.440E+08  0.197E-10
  0.450E+08  0.853E-10  0.460E+08  0.298E-09  0.470E+08  0.887E-09
  0.480E+08  0.249E-08  0.490E+08  0.735E-08  0.500E+08  0.171E-07
  0.520E+08  0.581E-07  0.540E+08  0.159E-06  0.560E+08  0.667E-06
  0.580E+08  0.158E-05  0.600E+08  0.321E-05  0.620E+08  0.564E-05
  0.640E+08  0.878E-05  0.660E+08  0.124E-04  0.680E+08  0.157E-04
  0.700E+08  0.186E-04  0.720E+08  0.208E-04  0.740E+08  0.208E-04
  0.760E+08  0.219E-04  0.780E+08  0.213E-04  0.800E+08  0.202E-04
  0.820E+08  0.198E-04  0.840E+08  0.180E-04  0.860E+08  0.161E-04
  0.880E+08  0.141E-04  0.900E+08  0.129E-04  0.920E+08  0.132E-04
  0.940E+08  0.115E-04  0.960E+08  0.110E-04  0.980E+08  0.106E-04
  0.100E+09  0.105E-04
IR192
         262
           0
          29
  0.201E+08  0.000E+00  0.480E+08  0.930E-18  0.490E+08  0.115E-14
  0.500E+08  0.640E-13  0.520E+08  0.292E-11  0.540E+08  0.708E-10
  0.560E+08  0.145E-08  0.580E+08  0.102E-07  0.600E+08  0.546E-07
  0.620E+08  0.210E-06  0.640E+08  0.704E-06  0.660E+08  0.185E-05
  0.680E+08  0.478E-05  0.700E+08  0.925E-05  0.720E+08  0.160E-04
  0.740E+08  0.235E-04  0.760E+08  0.334E-04  0.780E+08  0.415E-04
  0.800E+08  0.486E-04  0.820E+08  0.517E-04  0.840E+08  0.535E-04
  0.860E+08  0.527E-04  0.880E+08  0.491E-04  0.900E+08  0.466E-04
  0.920E+08  0.373E-04  0.940E+08  0.323E-04  0.960E+08  0.295E-04
  0.980E+08  0.264E-04  0.100E+09  0.242E-04
IR191
         263
           0
          24
  0.263E+08  0.000E+00  0.560E+08  0.554E-14  0.580E+08  0.115E-11
  0.600E+08  0.156E-10  0.620E+08  0.257E-09  0.640E+08  0.249E-08
  0.660E+08  0.158E-07  0.680E+08  0.110E-06  0.700E+08  0.445E-06
  0.720E+08  0.153E-05  0.740E+08  0.419E-05  0.760E+08  0.101E-04
  0.780E+08  0.203E-04  0.800E+08  0.352E-04  0.820E+08  0.561E-04
  0.840E+08  0.825E-04  0.860E+08  0.117E-03  0.880E+08  0.143E-03
  0.900E+08  0.164E-03  0.920E+08  0.189E-03  0.940E+08  0.201E-03
  0.960E+08  0.211E-03  0.980E+08  0.216E-03  0.100E+09  0.230E-03
IR190
         264
           0
          20
  0.344E+08  0.000E+00  0.640E+08  0.194E-16  0.660E+08  0.174E-13
  0.680E+08  0.181E-11  0.700E+08  0.357E-10  0.720E+08  0.438E-09
  0.740E+08  0.385E-08  0.760E+08  0.254E-07  0.780E+08  0.128E-06
  0.800E+08  0.520E-06  0.820E+08  0.167E-05  0.840E+08  0.479E-05
  0.860E+08  0.121E-04  0.880E+08  0.244E-04  0.900E+08  0.405E-04
  0.920E+08  0.681E-04  0.940E+08  0.101E-03  0.960E+08  0.137E-03
  0.980E+08  0.177E-03  0.100E+09  0.211E-03
IR189
         265
           0
          17
  0.408E+08  0.000E+00  0.700E+08  0.307E-16  0.720E+08  0.136E-13
  0.740E+08  0.952E-12  0.760E+08  0.231E-10  0.780E+08  0.311E-09
  0.800E+08  0.164E-08  0.820E+08  0.101E-07  0.840E+08  0.615E-07
  0.860E+08  0.243E-06  0.880E+08  0.932E-06  0.900E+08  0.262E-05
  0.920E+08  0.787E-05  0.940E+08  0.185E-04  0.960E+08  0.374E-04
  0.980E+08  0.700E-04  0.100E+09  0.103E-03
IR188
         266
           0
          13
  0.490E+08  0.000E+00  0.780E+08  0.111E-19  0.800E+08  0.725E-16
  0.820E+08  0.577E-14  0.840E+08  0.258E-12  0.860E+08  0.458E-11
  0.880E+08  0.661E-10  0.900E+08  0.581E-09  0.920E+08  0.550E-08
  0.940E+08  0.316E-07  0.960E+08  0.138E-06  0.980E+08  0.543E-06
  0.100E+09  0.136E-05
IR187
         267
           0
           9
  0.557E+08  0.000E+00  0.860E+08  0.653E-19  0.880E+08  0.585E-16
  0.900E+08  0.589E-14  0.920E+08  0.341E-12  0.940E+08  0.683E-11
  0.960E+08  0.726E-10  0.980E+08  0.690E-09  0.100E+09  0.338E-08
IR186
         268
           0
           5
  0.644E+08  0.000E+00  0.940E+08  0.171E-23  0.960E+08  0.184E-19
  0.980E+08  0.928E-17  0.100E+09  0.466E-15
OS199
         275
           0
          21
  0.331E+08  0.000E+00  0.620E+08  0.734E-34  0.640E+08  0.198E-30
  0.660E+08  0.271E-28  0.680E+08  0.560E-27  0.700E+08  0.152E-25
  0.720E+08  0.288E-24  0.740E+08  0.351E-23  0.760E+08  0.307E-22
  0.780E+08  0.163E-21  0.800E+08  0.830E-21  0.820E+08  0.334E-20
  0.840E+08  0.105E-19  0.860E+08  0.253E-19  0.880E+08  0.635E-19
  0.900E+08  0.170E-18  0.920E+08  0.315E-18  0.940E+08  0.549E-18
  0.960E+08  0.829E-18  0.980E+08  0.116E-17  0.100E+09  0.127E-17
OS198
         276
           0
          20
  0.362E+08  0.000E+00  0.640E+08  0.879E-36  0.660E+08  0.445E-32
  0.680E+08  0.453E-30  0.700E+08  0.695E-28  0.720E+08  0.695E-26
  0.740E+08  0.278E-24  0.760E+08  0.604E-23  0.780E+08  0.728E-22
  0.800E+08  0.700E-21  0.820E+08  0.504E-20  0.840E+08  0.279E-19
  0.860E+08  0.102E-18  0.880E+08  0.408E-18  0.900E+08  0.125E-17
  0.920E+08  0.371E-17  0.940E+08  0.100E-16  0.960E+08  0.227E-16
  0.980E+08  0.463E-16  0.100E+09  0.749E-16
OS197
         277
           0
          29
  0.167E+08  0.000E+00  0.480E+08  0.188E-27  0.490E+08  0.158E-25
  0.500E+08  0.225E-24  0.520E+08  0.129E-22  0.540E+08  0.337E-21
  0.560E+08  0.602E-20  0.580E+08  0.673E-19  0.600E+08  0.850E-18
  0.620E+08  0.479E-17  0.640E+08  0.227E-16  0.660E+08  0.652E-16
  0.680E+08  0.161E-15  0.700E+08  0.366E-15  0.720E+08  0.836E-15
  0.740E+08  0.933E-15  0.760E+08  0.151E-14  0.780E+08  0.208E-14
  0.800E+08  0.267E-14  0.820E+08  0.326E-14  0.840E+08  0.404E-14
  0.860E+08  0.404E-14  0.880E+08  0.503E-14  0.900E+08  0.630E-14
  0.920E+08  0.901E-14  0.940E+08  0.155E-13  0.960E+08  0.219E-13
  0.980E+08  0.357E-13  0.100E+09  0.538E-13
OS196
         278
           0
          26
  0.197E+08  0.000E+00  0.520E+08  0.729E-28  0.540E+08  0.641E-25
  0.560E+08  0.458E-22  0.580E+08  0.308E-20  0.600E+08  0.154E-18
  0.620E+08  0.193E-17  0.640E+08  0.180E-16  0.660E+08  0.998E-16
  0.680E+08  0.389E-15  0.700E+08  0.159E-14  0.720E+08  0.611E-14
  0.740E+08  0.196E-13  0.760E+08  0.550E-13  0.780E+08  0.129E-12
  0.800E+08  0.269E-12  0.820E+08  0.496E-12  0.840E+08  0.899E-12
  0.860E+08  0.127E-11  0.880E+08  0.175E-11  0.900E+08  0.215E-11
  0.920E+08  0.269E-11  0.940E+08  0.329E-11  0.960E+08  0.375E-11
  0.980E+08  0.446E-11  0.100E+09  0.502E-11
OS195
         279
           0
          43
  0.152E+06  0.000E+00  0.340E+08  0.213E-21  0.350E+08  0.458E-20
  0.360E+08  0.515E-19  0.370E+08  0.312E-18  0.380E+08  0.150E-17
  0.390E+08  0.542E-17  0.400E+08  0.197E-16  0.410E+08  0.649E-16
  0.420E+08  0.198E-15  0.430E+08  0.576E-15  0.440E+08  0.144E-14
  0.450E+08  0.353E-14  0.460E+08  0.678E-14  0.470E+08  0.141E-13
  0.480E+08  0.277E-13  0.490E+08  0.609E-13  0.500E+08  0.109E-12
  0.520E+08  0.213E-12  0.540E+08  0.472E-12  0.560E+08  0.895E-12
  0.580E+08  0.123E-11  0.600E+08  0.177E-11  0.620E+08  0.220E-11
  0.640E+08  0.258E-11  0.660E+08  0.317E-11  0.680E+08  0.356E-11
  0.700E+08  0.398E-11  0.720E+08  0.499E-11  0.740E+08  0.628E-11
  0.760E+08  0.820E-11  0.780E+08  0.987E-11  0.800E+08  0.133E-10
  0.820E+08  0.183E-10  0.840E+08  0.255E-10  0.860E+08  0.390E-10
  0.880E+08  0.535E-10  0.900E+08  0.691E-10  0.920E+08  0.904E-10
  0.940E+08  0.118E-09  0.960E+08  0.141E-09  0.980E+08  0.155E-09
  0.100E+09  0.169E-09
OS194
         280
           0
          40
  0.327E+07  0.000E+00  0.370E+08  0.733E-24  0.380E+08  0.301E-22
  0.390E+08  0.685E-21  0.400E+08  0.664E-19  0.410E+08  0.111E-17
  0.420E+08  0.877E-17  0.430E+08  0.528E-16  0.440E+08  0.233E-15
  0.450E+08  0.916E-15  0.460E+08  0.271E-14  0.470E+08  0.812E-14
  0.480E+08  0.223E-13  0.490E+08  0.488E-13  0.500E+08  0.120E-12
  0.520E+08  0.592E-12  0.540E+08  0.232E-11  0.560E+08  0.807E-11
  0.580E+08  0.212E-10  0.600E+08  0.598E-10  0.620E+08  0.129E-09
  0.640E+08  0.243E-09  0.660E+08  0.404E-09  0.680E+08  0.608E-09
  0.700E+08  0.877E-09  0.720E+08  0.115E-08  0.740E+08  0.139E-08
  0.760E+08  0.161E-08  0.780E+08  0.163E-08  0.800E+08  0.173E-08
  0.820E+08  0.183E-08  0.840E+08  0.192E-08  0.860E+08  0.235E-08
  0.880E+08  0.245E-08  0.900E+08  0.294E-08  0.920E+08  0.305E-08
  0.940E+08  0.339E-08  0.960E+08  0.370E-08  0.980E+08  0.387E-08
  0.100E+09  0.427E-08
OS193
         281
           0
          33
  0.104E+08  0.000E+00  0.440E+08  0.108E-22  0.450E+08  0.201E-20
  0.460E+08  0.325E-19  0.470E+08  0.390E-18  0.480E+08  0.343E-17
  0.490E+08  0.522E-16  0.500E+08  0.257E-15  0.520E+08  0.521E-14
  0.540E+08  0.560E-13  0.560E+08  0.443E-12  0.580E+08  0.259E-11
  0.600E+08  0.155E-10  0.620E+08  0.623E-10  0.640E+08  0.195E-09
  0.660E+08  0.517E-09  0.680E+08  0.121E-08  0.700E+08  0.227E-08
  0.720E+08  0.436E-08  0.740E+08  0.685E-08  0.760E+08  0.981E-08
  0.780E+08  0.947E-08  0.800E+08  0.109E-07  0.820E+08  0.119E-07
  0.840E+08  0.125E-07  0.860E+08  0.142E-07  0.880E+08  0.141E-07
  0.900E+08  0.132E-07  0.920E+08  0.128E-07  0.940E+08  0.128E-07
  0.960E+08  0.123E-07  0.980E+08  0.111E-07  0.100E+09  0.107E-07
OS192
         282
           0
          27
  0.160E+08  0.000E+00  0.500E+08  0.522E-21  0.520E+08  0.776E-18
  0.540E+08  0.632E-16  0.560E+08  0.128E-14  0.580E+08  0.219E-13
  0.600E+08  0.292E-12  0.620E+08  0.300E-11  0.640E+08  0.176E-10
  0.660E+08  0.826E-10  0.680E+08  0.335E-09  0.700E+08  0.104E-08
  0.720E+08  0.259E-08  0.740E+08  0.664E-08  0.760E+08  0.151E-07
  0.780E+08  0.305E-07  0.800E+08  0.527E-07  0.820E+08  0.841E-07
  0.840E+08  0.125E-06  0.860E+08  0.172E-06  0.880E+08  0.221E-06
  0.900E+08  0.258E-06  0.920E+08  0.289E-06  0.940E+08  0.328E-06
  0.960E+08  0.352E-06  0.980E+08  0.353E-06  0.100E+09  0.381E-06
OS191
         283
           0
          23
  0.236E+08  0.000E+00  0.580E+08  0.453E-22  0.600E+08  0.292E-19
  0.620E+08  0.461E-16  0.640E+08  0.181E-14  0.660E+08  0.353E-13
  0.680E+08  0.458E-12  0.700E+08  0.317E-11  0.720E+08  0.221E-10
  0.740E+08  0.126E-09  0.760E+08  0.588E-09  0.780E+08  0.272E-08
  0.800E+08  0.750E-08  0.820E+08  0.197E-07  0.840E+08  0.450E-07
  0.860E+08  0.863E-07  0.880E+08  0.153E-06  0.900E+08  0.231E-06
  0.920E+08  0.331E-06  0.940E+08  0.455E-06  0.960E+08  0.574E-06
  0.980E+08  0.662E-06  0.100E+09  0.819E-06
OS190
         284
           0
          20
  0.294E+08  0.000E+00  0.640E+08  0.142E-20  0.660E+08  0.136E-17
  0.680E+08  0.142E-15  0.700E+08  0.380E-14  0.720E+08  0.723E-13
  0.740E+08  0.966E-12  0.760E+08  0.933E-11  0.780E+08  0.929E-10
  0.800E+08  0.480E-09  0.820E+08  0.208E-08  0.840E+08  0.746E-08
  0.860E+08  0.224E-07  0.880E+08  0.586E-07  0.900E+08  0.123E-06
  0.920E+08  0.263E-06  0.940E+08  0.507E-06  0.960E+08  0.889E-06
  0.980E+08  0.137E-05  0.100E+09  0.195E-05
OS189
         285
           0
          16
  0.372E+08  0.000E+00  0.720E+08  0.107E-23  0.740E+08  0.703E-20
  0.760E+08  0.189E-17  0.780E+08  0.212E-15  0.800E+08  0.638E-14
  0.820E+08  0.110E-12  0.840E+08  0.131E-11  0.860E+08  0.125E-10
  0.880E+08  0.824E-10  0.900E+08  0.352E-09  0.920E+08  0.189E-08
  0.940E+08  0.722E-08  0.960E+08  0.237E-07  0.980E+08  0.115E-06
  0.100E+09  0.226E-06
OS188
         286
           0
          13
  0.432E+08  0.000E+00  0.780E+08  0.458E-23  0.800E+08  0.216E-19
  0.820E+08  0.407E-17  0.840E+08  0.282E-15  0.860E+08  0.101E-13
  0.880E+08  0.170E-12  0.900E+08  0.102E-11  0.920E+08  0.128E-10
  0.940E+08  0.942E-10  0.960E+08  0.555E-09  0.980E+08  0.389E-08
  0.100E+09  0.114E-07
OS187
         287
           0
           9
  0.512E+08  0.000E+00  0.860E+08  0.823E-25  0.880E+08  0.219E-21
  0.900E+08  0.240E-19  0.920E+08  0.384E-17  0.940E+08  0.181E-15
  0.960E+08  0.480E-14  0.980E+08  0.149E-12  0.100E+09  0.119E-11
OS186
         288
           0
           6
  0.575E+08  0.000E+00  0.920E+08  0.428E-26  0.940E+08  0.370E-22
  0.960E+08  0.222E-19  0.980E+08  0.573E-17  0.100E+09  0.187E-15
RE198
         467
           0
          12
  0.432E+08  0.000E+00  0.800E+08  0.471E-37  0.820E+08  0.169E-34
  0.840E+08  0.152E-32  0.860E+08  0.291E-31  0.880E+08  0.677E-30
  0.900E+08  0.139E-28  0.920E+08  0.186E-27  0.940E+08  0.195E-26
  0.960E+08  0.138E-25  0.980E+08  0.816E-25  0.100E+09  0.358E-24
RE197
         468
           0
          12
  0.461E+08  0.000E+00  0.800E+08  0.291E-41  0.820E+08  0.216E-37
  0.840E+08  0.547E-35  0.860E+08  0.600E-33  0.880E+08  0.151E-31
  0.900E+08  0.619E-30  0.920E+08  0.169E-28  0.940E+08  0.362E-27
  0.960E+08  0.663E-26  0.980E+08  0.690E-25  0.100E+09  0.509E-24
RE196
         469
           0
          20
  0.264E+08  0.000E+00  0.640E+08  0.157E-31  0.660E+08  0.204E-29
  0.680E+08  0.804E-28  0.700E+08  0.333E-26  0.720E+08  0.954E-25
  0.740E+08  0.232E-23  0.760E+08  0.243E-22  0.780E+08  0.186E-21
  0.800E+08  0.111E-20  0.820E+08  0.530E-20  0.840E+08  0.213E-19
  0.860E+08  0.584E-19  0.880E+08  0.156E-18  0.900E+08  0.337E-18
  0.920E+08  0.681E-18  0.940E+08  0.142E-17  0.960E+08  0.219E-17
  0.980E+08  0.341E-17  0.100E+09  0.471E-17
RE195
         470
           0
          19
  0.294E+08  0.000E+00  0.660E+08  0.119E-34  0.680E+08  0.836E-32
  0.700E+08  0.457E-29  0.720E+08  0.110E-26  0.740E+08  0.134E-24
  0.760E+08  0.355E-23  0.780E+08  0.565E-22  0.800E+08  0.627E-21
  0.820E+08  0.519E-20  0.840E+08  0.354E-19  0.860E+08  0.181E-18
  0.880E+08  0.804E-18  0.900E+08  0.288E-17  0.920E+08  0.961E-17
  0.940E+08  0.318E-16  0.960E+08  0.757E-16  0.980E+08  0.186E-15
  0.100E+09  0.389E-15
RE194
         471
           0
          28
  0.963E+07  0.000E+00  0.490E+08  0.526E-28  0.500E+08  0.489E-26
  0.520E+08  0.134E-23  0.540E+08  0.410E-22  0.560E+08  0.881E-21
  0.580E+08  0.872E-20  0.600E+08  0.120E-18  0.620E+08  0.784E-18
  0.640E+08  0.410E-17  0.660E+08  0.182E-16  0.680E+08  0.748E-16
  0.700E+08  0.212E-15  0.720E+08  0.558E-15  0.740E+08  0.120E-14
  0.760E+08  0.231E-14  0.780E+08  0.432E-14  0.800E+08  0.647E-14
  0.820E+08  0.883E-14  0.840E+08  0.114E-13  0.860E+08  0.144E-13
  0.880E+08  0.178E-13  0.900E+08  0.201E-13  0.920E+08  0.242E-13
  0.940E+08  0.317E-13  0.960E+08  0.400E-13  0.980E+08  0.480E-13
  0.100E+09  0.670E-13
RE193
         472
           0
          26
  0.126E+08  0.000E+00  0.520E+08  0.268E-28  0.540E+08  0.137E-25
  0.560E+08  0.824E-23  0.580E+08  0.462E-21  0.600E+08  0.216E-19
  0.620E+08  0.304E-18  0.640E+08  0.300E-17  0.660E+08  0.232E-16
  0.680E+08  0.112E-15  0.700E+08  0.541E-15  0.720E+08  0.242E-14
  0.740E+08  0.887E-14  0.760E+08  0.287E-13  0.780E+08  0.683E-13
  0.800E+08  0.169E-12  0.820E+08  0.368E-12  0.840E+08  0.718E-12
  0.860E+08  0.133E-11  0.880E+08  0.204E-11  0.900E+08  0.275E-11
  0.920E+08  0.364E-11  0.940E+08  0.476E-11  0.960E+08  0.561E-11
  0.980E+08  0.582E-11  0.100E+09  0.709E-11
RE192
         473
           0
          42
  0.100E-04  0.000E+00  0.350E+08  0.645E-22  0.360E+08  0.107E-20
  0.370E+08  0.824E-20  0.380E+08  0.448E-19  0.390E+08  0.246E-18
  0.400E+08  0.921E-18  0.410E+08  0.310E-17  0.420E+08  0.831E-17
  0.430E+08  0.248E-16  0.440E+08  0.663E-16  0.450E+08  0.180E-15
  0.460E+08  0.425E-15  0.470E+08  0.902E-15  0.480E+08  0.189E-14
  0.490E+08  0.300E-14  0.500E+08  0.578E-14  0.520E+08  0.186E-13
  0.540E+08  0.517E-13  0.560E+08  0.124E-12  0.580E+08  0.234E-12
  0.600E+08  0.317E-12  0.620E+08  0.457E-12  0.640E+08  0.627E-12
  0.660E+08  0.769E-12  0.680E+08  0.875E-12  0.700E+08  0.101E-11
  0.720E+08  0.120E-11  0.740E+08  0.148E-11  0.760E+08  0.198E-11
  0.780E+08  0.258E-11  0.800E+08  0.313E-11  0.820E+08  0.442E-11
  0.840E+08  0.716E-11  0.860E+08  0.109E-10  0.880E+08  0.166E-10
  0.900E+08  0.235E-10  0.920E+08  0.350E-10  0.940E+08  0.511E-10
  0.960E+08  0.701E-10  0.980E+08  0.935E-10  0.100E+09  0.115E-09
RE191
         474
           0
          37
  0.100E-04  0.000E+00  0.400E+08  0.306E-21  0.410E+08  0.195E-19
  0.420E+08  0.156E-18  0.430E+08  0.113E-17  0.440E+08  0.572E-17
  0.450E+08  0.255E-16  0.460E+08  0.912E-16  0.470E+08  0.337E-15
  0.480E+08  0.973E-15  0.490E+08  0.179E-14  0.500E+08  0.465E-14
  0.520E+08  0.264E-13  0.540E+08  0.129E-12  0.560E+08  0.538E-12
  0.580E+08  0.180E-11  0.600E+08  0.461E-11  0.620E+08  0.120E-10
  0.640E+08  0.276E-10  0.660E+08  0.578E-10  0.680E+08  0.117E-09
  0.700E+08  0.190E-09  0.720E+08  0.282E-09  0.740E+08  0.385E-09
  0.760E+08  0.507E-09  0.780E+08  0.590E-09  0.800E+08  0.585E-09
  0.820E+08  0.623E-09  0.840E+08  0.643E-09  0.860E+08  0.656E-09
  0.880E+08  0.750E-09  0.900E+08  0.759E-09  0.920E+08  0.777E-09
  0.940E+08  0.450E-09  0.960E+08  0.529E-09  0.980E+08  0.621E-09
  0.100E+09  0.833E-09
RE190
         475
           0
          30
  0.562E+07  0.000E+00  0.470E+08  0.247E-25  0.480E+08  0.268E-20
  0.490E+08  0.971E-20  0.500E+08  0.288E-18  0.520E+08  0.175E-16
  0.540E+08  0.396E-15  0.560E+08  0.519E-14  0.580E+08  0.447E-13
  0.600E+08  0.265E-12  0.620E+08  0.139E-11  0.640E+08  0.601E-11
  0.660E+08  0.205E-10  0.680E+08  0.783E-10  0.700E+08  0.197E-09
  0.720E+08  0.441E-09  0.740E+08  0.852E-09  0.760E+08  0.151E-08
  0.780E+08  0.223E-08  0.800E+08  0.268E-08  0.820E+08  0.329E-08
  0.840E+08  0.370E-08  0.860E+08  0.479E-08  0.880E+08  0.485E-08
  0.900E+08  0.479E-08  0.920E+08  0.459E-08  0.940E+08  0.370E-08
  0.960E+08  0.356E-08  0.980E+08  0.324E-08  0.100E+09  0.353E-08
RE189
         476
           0
          25
  0.113E+08  0.000E+00  0.540E+08  0.343E-21  0.560E+08  0.152E-17
  0.580E+08  0.793E-16  0.600E+08  0.145E-14  0.620E+08  0.172E-13
  0.640E+08  0.150E-12  0.660E+08  0.981E-12  0.680E+08  0.769E-11
  0.700E+08  0.336E-10  0.720E+08  0.129E-09  0.740E+08  0.417E-09
  0.760E+08  0.120E-08  0.780E+08  0.283E-08  0.800E+08  0.543E-08
  0.820E+08  0.997E-08  0.840E+08  0.167E-07  0.860E+08  0.260E-07
  0.880E+08  0.375E-07  0.900E+08  0.464E-07  0.920E+08  0.581E-07
  0.940E+08  0.643E-07  0.960E+08  0.768E-07  0.980E+08  0.816E-07
  0.100E+09  0.916E-07
RE188
         477
           0
          21
  0.183E+08  0.000E+00  0.620E+08  0.630E-20  0.640E+08  0.184E-17
  0.660E+08  0.650E-16  0.680E+08  0.236E-14  0.700E+08  0.290E-13
  0.720E+08  0.297E-12  0.740E+08  0.237E-11  0.760E+08  0.143E-10
  0.780E+08  0.713E-10  0.800E+08  0.282E-09  0.820E+08  0.962E-09
  0.840E+08  0.288E-08  0.860E+08  0.684E-08  0.880E+08  0.156E-07
  0.900E+08  0.270E-07  0.920E+08  0.492E-07  0.940E+08  0.844E-07
  0.960E+08  0.125E-06  0.980E+08  0.170E-06  0.100E+09  0.219E-06
RE187
         478
           0
          19
  0.242E+08  0.000E+00  0.660E+08  0.300E-25  0.680E+08  0.354E-20
  0.700E+08  0.989E-18  0.720E+08  0.541E-16  0.740E+08  0.136E-14
  0.760E+08  0.210E-13  0.780E+08  0.220E-12  0.800E+08  0.181E-11
  0.820E+08  0.109E-10  0.840E+08  0.616E-10  0.860E+08  0.290E-09
  0.880E+08  0.111E-08  0.900E+08  0.294E-08  0.920E+08  0.839E-08
  0.940E+08  0.240E-07  0.960E+08  0.541E-07  0.980E+08  0.109E-06
  0.100E+09  0.189E-06
RE186
         479
           0
          15
  0.316E+08  0.000E+00  0.740E+08  0.433E-24  0.760E+08  0.909E-20
  0.780E+08  0.187E-17  0.800E+08  0.731E-16  0.820E+08  0.114E-14
  0.840E+08  0.177E-13  0.860E+08  0.275E-12  0.880E+08  0.203E-11
  0.900E+08  0.107E-10  0.920E+08  0.629E-10  0.940E+08  0.295E-09
  0.960E+08  0.103E-08  0.980E+08  0.357E-08  0.100E+09  0.977E-08
RE185
         480
           0
          11
  0.378E+08  0.000E+00  0.820E+08  0.106E-20  0.840E+08  0.473E-18
  0.860E+08  0.494E-16  0.880E+08  0.139E-14  0.900E+08  0.194E-13
  0.920E+08  0.298E-12  0.940E+08  0.242E-11  0.960E+08  0.142E-10
  0.980E+08  0.802E-10  0.100E+09  0.302E-09
RE184
         481
           0
           8
  0.456E+08  0.000E+00  0.880E+08  0.802E-26  0.900E+08  0.470E-22
  0.920E+08  0.384E-19  0.940E+08  0.306E-17  0.960E+08  0.847E-16
  0.980E+08  0.882E-15  0.100E+09  0.830E-14
W197 
         573
           0
           4
  0.523E+08  0.000E+00  0.960E+08  0.813E-43  0.980E+08  0.212E-40
  0.100E+09  0.185E-38
W196 
         574
           0
           3
  0.549E+08  0.000E+00  0.980E+08  0.701E-44  0.100E+09  0.288E-41
W195 
         575
           0
          13
  0.349E+08  0.000E+00  0.780E+08  0.197E-39  0.800E+08  0.274E-36
  0.820E+08  0.508E-34  0.840E+08  0.322E-32  0.860E+08  0.134E-30
  0.880E+08  0.208E-29  0.900E+08  0.297E-28  0.920E+08  0.327E-27
  0.940E+08  0.317E-26  0.960E+08  0.184E-25  0.980E+08  0.110E-24
  0.100E+09  0.519E-24
W194 
         576
           0
          12
  0.377E+08  0.000E+00  0.800E+08  0.827E-42  0.820E+08  0.524E-38
  0.840E+08  0.132E-34  0.860E+08  0.460E-32  0.880E+08  0.216E-30
  0.900E+08  0.422E-29  0.920E+08  0.932E-28  0.940E+08  0.162E-26
  0.960E+08  0.151E-25  0.980E+08  0.147E-24  0.100E+09  0.111E-23
W193 
         577
           0
          20
  0.180E+08  0.000E+00  0.640E+08  0.565E-32  0.660E+08  0.115E-29
  0.680E+08  0.562E-28  0.700E+08  0.160E-26  0.720E+08  0.335E-25
  0.740E+08  0.432E-24  0.760E+08  0.460E-23  0.780E+08  0.265E-22
  0.800E+08  0.174E-21  0.820E+08  0.933E-21  0.840E+08  0.422E-20
  0.860E+08  0.180E-19  0.880E+08  0.606E-19  0.900E+08  0.149E-18
  0.920E+08  0.348E-18  0.940E+08  0.657E-18  0.960E+08  0.117E-17
  0.980E+08  0.192E-17  0.100E+09  0.303E-17
W192 
         578
           0
          19
  0.207E+08  0.000E+00  0.660E+08  0.157E-34  0.680E+08  0.354E-31
  0.700E+08  0.164E-28  0.720E+08  0.162E-26  0.740E+08  0.391E-25
  0.760E+08  0.977E-24  0.780E+08  0.103E-22  0.800E+08  0.123E-21
  0.820E+08  0.111E-20  0.840E+08  0.831E-20  0.860E+08  0.611E-19
  0.880E+08  0.324E-18  0.900E+08  0.128E-17  0.920E+08  0.488E-17
  0.940E+08  0.153E-16  0.960E+08  0.420E-16  0.980E+08  0.110E-15
  0.100E+09  0.266E-15
W191 
         579
           0
          29
  0.914E+06  0.000E+00  0.480E+08  0.195E-29  0.490E+08  0.420E-28
  0.500E+08  0.105E-26  0.520E+08  0.990E-25  0.540E+08  0.258E-23
  0.560E+08  0.488E-22  0.580E+08  0.577E-21  0.600E+08  0.679E-20
  0.620E+08  0.481E-19  0.640E+08  0.282E-18  0.660E+08  0.146E-17
  0.680E+08  0.647E-17  0.700E+08  0.208E-16  0.720E+08  0.499E-16
  0.740E+08  0.123E-15  0.760E+08  0.271E-15  0.780E+08  0.484E-15
  0.800E+08  0.788E-15  0.820E+08  0.121E-14  0.840E+08  0.179E-14
  0.860E+08  0.295E-14  0.880E+08  0.401E-14  0.900E+08  0.517E-14
  0.920E+08  0.615E-14  0.940E+08  0.897E-14  0.960E+08  0.130E-13
  0.980E+08  0.182E-13  0.100E+09  0.265E-13
W190 
         580
           0
          26
  0.402E+07  0.000E+00  0.520E+08  0.124E-29  0.540E+08  0.388E-27
  0.560E+08  0.348E-24  0.580E+08  0.259E-22  0.600E+08  0.102E-20
  0.620E+08  0.157E-19  0.640E+08  0.171E-18  0.660E+08  0.149E-17
  0.680E+08  0.113E-16  0.700E+08  0.595E-16  0.720E+08  0.250E-15
  0.740E+08  0.102E-14  0.760E+08  0.371E-14  0.780E+08  0.111E-13
  0.800E+08  0.299E-13  0.820E+08  0.725E-13  0.840E+08  0.161E-12
  0.860E+08  0.372E-12  0.880E+08  0.664E-12  0.900E+08  0.101E-11
  0.920E+08  0.135E-11  0.940E+08  0.197E-11  0.960E+08  0.263E-11
  0.980E+08  0.352E-11  0.100E+09  0.425E-11
W189 
         581
           0
          23
  0.110E+08  0.000E+00  0.580E+08  0.102E-28  0.600E+08  0.163E-25
  0.620E+08  0.299E-23  0.640E+08  0.147E-21  0.660E+08  0.381E-20
  0.680E+08  0.813E-19  0.700E+08  0.965E-18  0.720E+08  0.947E-17
  0.740E+08  0.773E-16  0.760E+08  0.516E-15  0.780E+08  0.250E-14
  0.800E+08  0.111E-13  0.820E+08  0.427E-13  0.840E+08  0.143E-12
  0.860E+08  0.394E-12  0.880E+08  0.102E-11  0.900E+08  0.210E-11
  0.920E+08  0.394E-11  0.940E+08  0.746E-11  0.960E+08  0.125E-10
  0.980E+08  0.177E-10  0.100E+09  0.244E-10
W188 
         582
           0
          20
  0.157E+08  0.000E+00  0.640E+08  0.126E-26  0.660E+08  0.792E-24
  0.680E+08  0.822E-22  0.700E+08  0.191E-20  0.720E+08  0.494E-19
  0.740E+08  0.874E-18  0.760E+08  0.707E-17  0.780E+08  0.713E-16
  0.800E+08  0.552E-15  0.820E+08  0.357E-14  0.840E+08  0.193E-13
  0.860E+08  0.687E-13  0.880E+08  0.277E-12  0.900E+08  0.866E-12
  0.920E+08  0.251E-11  0.940E+08  0.713E-11  0.960E+08  0.177E-10
  0.980E+08  0.378E-10  0.100E+09  0.731E-10
W187 
         583
           0
          17
  0.225E+08  0.000E+00  0.700E+08  0.137E-30  0.720E+08  0.122E-25
  0.740E+08  0.432E-23  0.760E+08  0.187E-21  0.780E+08  0.105E-19
  0.800E+08  0.265E-18  0.820E+08  0.438E-17  0.840E+08  0.499E-16
  0.860E+08  0.313E-15  0.880E+08  0.231E-14  0.900E+08  0.929E-14
  0.920E+08  0.548E-13  0.940E+08  0.265E-12  0.960E+08  0.109E-11
  0.980E+08  0.376E-11  0.100E+09  0.112E-10
W186 
         584
           0
          14
  0.280E+08  0.000E+00  0.760E+08  0.153E-28  0.780E+08  0.186E-24
  0.800E+08  0.445E-22  0.820E+08  0.285E-20  0.840E+08  0.827E-19
  0.860E+08  0.175E-17  0.880E+08  0.235E-16  0.900E+08  0.201E-15
  0.920E+08  0.203E-14  0.940E+08  0.137E-13  0.960E+08  0.783E-13
  0.980E+08  0.357E-12  0.100E+09  0.138E-11
W185 
         585
           0
          10
  0.353E+08  0.000E+00  0.840E+08  0.869E-27  0.860E+08  0.158E-23
  0.880E+08  0.200E-21  0.900E+08  0.108E-19  0.920E+08  0.398E-18
  0.940E+08  0.754E-17  0.960E+08  0.101E-15  0.980E+08  0.104E-14
  0.100E+09  0.624E-14
W184 
         586
           0
           8
  0.410E+08  0.000E+00  0.880E+08  0.212E-36  0.900E+08  0.333E-28
  0.920E+08  0.218E-24  0.940E+08  0.543E-22  0.960E+08  0.416E-20
  0.980E+08  0.205E-18  0.100E+09  0.299E-17
W183 
         587
           0
           4
  0.485E+08  0.000E+00  0.960E+08  0.129E-34  0.980E+08  0.190E-27
  0.100E+09  0.219E-25
TA194
         873
           0
           5
  0.455E+08  0.000E+00  0.940E+08  0.140E-44  0.960E+08  0.516E-42
  0.980E+08  0.835E-40  0.100E+09  0.667E-38
TA193
         874
           0
           3
  0.481E+08  0.000E+00  0.980E+08  0.420E-44  0.100E+09  0.564E-41
TA192
         875
           0
          12
  0.281E+08  0.000E+00  0.800E+08  0.486E-38  0.820E+08  0.214E-35
  0.840E+08  0.215E-33  0.860E+08  0.147E-31  0.880E+08  0.388E-30
  0.900E+08  0.649E-29  0.920E+08  0.882E-28  0.940E+08  0.105E-26
  0.960E+08  0.738E-26  0.980E+08  0.430E-25  0.100E+09  0.255E-24
TA191
         876
           0
          11
  0.309E+08  0.000E+00  0.820E+08  0.207E-40  0.840E+08  0.185E-37
  0.860E+08  0.306E-34  0.880E+08  0.481E-32  0.900E+08  0.269E-30
  0.920E+08  0.885E-29  0.940E+08  0.210E-27  0.960E+08  0.249E-26
  0.980E+08  0.259E-25  0.100E+09  0.245E-24
TA190
         877
           0
          20
  0.109E+08  0.000E+00  0.640E+08  0.525E-34  0.660E+08  0.394E-31
  0.680E+08  0.365E-29  0.700E+08  0.102E-27  0.720E+08  0.246E-26
  0.740E+08  0.411E-25  0.760E+08  0.518E-24  0.780E+08  0.356E-23
  0.800E+08  0.257E-22  0.820E+08  0.162E-21  0.840E+08  0.866E-21
  0.860E+08  0.463E-20  0.880E+08  0.182E-19  0.900E+08  0.517E-19
  0.920E+08  0.113E-18  0.940E+08  0.290E-18  0.960E+08  0.620E-18
  0.980E+08  0.114E-17  0.100E+09  0.197E-17
TA189
         878
           0
          19
  0.136E+08  0.000E+00  0.660E+08  0.219E-36  0.680E+08  0.314E-33
  0.700E+08  0.107E-30  0.720E+08  0.281E-28  0.740E+08  0.103E-26
  0.760E+08  0.382E-25  0.780E+08  0.513E-24  0.800E+08  0.105E-22
  0.820E+08  0.114E-21  0.840E+08  0.986E-21  0.860E+08  0.849E-20
  0.880E+08  0.520E-19  0.900E+08  0.225E-18  0.920E+08  0.815E-18
  0.940E+08  0.320E-17  0.960E+08  0.103E-16  0.980E+08  0.292E-16
  0.100E+09  0.763E-16
TA188
         879
           0
          27
  0.100E-04  0.000E+00  0.500E+08  0.827E-29  0.520E+08  0.162E-26
  0.540E+08  0.650E-25  0.560E+08  0.136E-23  0.580E+08  0.179E-22
  0.600E+08  0.158E-21  0.620E+08  0.122E-20  0.640E+08  0.872E-20
  0.660E+08  0.455E-19  0.680E+08  0.228E-18  0.700E+08  0.837E-18
  0.720E+08  0.276E-17  0.740E+08  0.784E-17  0.760E+08  0.205E-16
  0.780E+08  0.271E-16  0.800E+08  0.442E-16  0.820E+08  0.704E-16
  0.840E+08  0.114E-15  0.860E+08  0.153E-15  0.880E+08  0.196E-15
  0.900E+08  0.194E-15  0.920E+08  0.252E-15  0.940E+08  0.343E-15
  0.960E+08  0.696E-15  0.980E+08  0.100E-14  0.100E+09  0.147E-14
TA187
         880
           0
          24
  0.100E-04  0.000E+00  0.560E+08  0.747E-26  0.580E+08  0.738E-24
  0.600E+08  0.195E-22  0.620E+08  0.321E-21  0.640E+08  0.413E-20
  0.660E+08  0.374E-19  0.680E+08  0.384E-18  0.700E+08  0.233E-17
  0.720E+08  0.131E-16  0.740E+08  0.632E-16  0.760E+08  0.270E-15
  0.780E+08  0.981E-15  0.800E+08  0.288E-14  0.820E+08  0.808E-14
  0.840E+08  0.213E-13  0.860E+08  0.363E-13  0.880E+08  0.709E-13
  0.900E+08  0.976E-13  0.920E+08  0.153E-12  0.940E+08  0.221E-12
  0.960E+08  0.299E-12  0.980E+08  0.374E-12  0.100E+09  0.459E-12
TA186
         881
           0
          21
  0.496E+07  0.000E+00  0.620E+08  0.261E-26  0.640E+08  0.154E-23
  0.660E+08  0.755E-22  0.680E+08  0.345E-20  0.700E+08  0.508E-19
  0.720E+08  0.642E-18  0.740E+08  0.614E-17  0.760E+08  0.345E-16
  0.780E+08  0.241E-15  0.800E+08  0.118E-14  0.820E+08  0.524E-14
  0.840E+08  0.205E-13  0.860E+08  0.759E-13  0.880E+08  0.219E-12
  0.900E+08  0.410E-12  0.920E+08  0.889E-12  0.940E+08  0.182E-11
  0.960E+08  0.295E-11  0.980E+08  0.456E-11  0.100E+09  0.634E-11
TA185
         882
           0
          19
  0.103E+08  0.000E+00  0.660E+08  0.126E-31  0.680E+08  0.358E-24
  0.700E+08  0.380E-22  0.720E+08  0.163E-20  0.740E+08  0.392E-19
  0.760E+08  0.618E-18  0.780E+08  0.742E-17  0.800E+08  0.639E-16
  0.820E+08  0.472E-15  0.840E+08  0.292E-14  0.860E+08  0.190E-13
  0.880E+08  0.840E-13  0.900E+08  0.224E-12  0.920E+08  0.727E-12
  0.940E+08  0.241E-11  0.960E+08  0.589E-11  0.980E+08  0.129E-10
  0.100E+09  0.236E-10
TA184
         883
           0
          15
  0.169E+08  0.000E+00  0.740E+08  0.851E-25  0.760E+08  0.192E-22
  0.780E+08  0.953E-21  0.800E+08  0.248E-19  0.820E+08  0.395E-18
  0.840E+08  0.537E-17  0.860E+08  0.750E-16  0.880E+08  0.603E-15
  0.900E+08  0.188E-14  0.920E+08  0.108E-13  0.940E+08  0.638E-13
  0.960E+08  0.197E-12  0.980E+08  0.708E-12  0.100E+09  0.201E-11
TA183
         884
           0
          12
  0.226E+08  0.000E+00  0.800E+08  0.464E-25  0.820E+08  0.760E-23
  0.840E+08  0.573E-21  0.860E+08  0.280E-19  0.880E+08  0.534E-18
  0.900E+08  0.567E-17  0.920E+08  0.584E-16  0.940E+08  0.569E-15
  0.960E+08  0.274E-14  0.980E+08  0.162E-13  0.100E+09  0.754E-13
TA182
         885
           0
           9
  0.295E+08  0.000E+00  0.860E+08  0.100E-27  0.880E+08  0.125E-24
  0.900E+08  0.130E-22  0.920E+08  0.654E-21  0.940E+08  0.203E-19
  0.960E+08  0.210E-18  0.980E+08  0.311E-17  0.100E+09  0.300E-16
