         123
PB206
          16
           0
          78
  0.677E+07  0.000E+00  0.700E+07  0.136E-02  0.750E+07  0.106E+00
  0.800E+07  0.437E+00  0.850E+07  0.830E+00  0.900E+07  0.117E+01
  0.950E+07  0.143E+01  0.100E+08  0.161E+01  0.105E+08  0.170E+01
  0.110E+08  0.178E+01  0.115E+08  0.184E+01  0.120E+08  0.187E+01
  0.125E+08  0.189E+01  0.130E+08  0.190E+01  0.135E+08  0.190E+01
  0.140E+08  0.191E+01  0.145E+08  0.191E+01  0.150E+08  0.191E+01
  0.160E+08  0.188E+01  0.170E+08  0.177E+01  0.180E+08  0.150E+01
  0.190E+08  0.119E+01  0.200E+08  0.911E+00  0.210E+08  0.733E+00
  0.220E+08  0.571E+00  0.230E+08  0.460E+00  0.240E+08  0.384E+00
  0.250E+08  0.333E+00  0.260E+08  0.296E+00  0.270E+08  0.270E+00
  0.280E+08  0.249E+00  0.290E+08  0.233E+00  0.300E+08  0.220E+00
  0.310E+08  0.210E+00  0.320E+08  0.201E+00  0.330E+08  0.193E+00
  0.340E+08  0.190E+00  0.350E+08  0.181E+00  0.360E+08  0.175E+00
  0.370E+08  0.170E+00  0.380E+08  0.168E+00  0.390E+08  0.165E+00
  0.400E+08  0.162E+00  0.410E+08  0.157E+00  0.420E+08  0.154E+00
  0.430E+08  0.151E+00  0.440E+08  0.148E+00  0.450E+08  0.145E+00
  0.460E+08  0.143E+00  0.470E+08  0.140E+00  0.480E+08  0.138E+00
  0.490E+08  0.137E+00  0.500E+08  0.135E+00  0.520E+08  0.133E+00
  0.540E+08  0.129E+00  0.560E+08  0.119E+00  0.580E+08  0.109E+00
  0.600E+08  0.105E+00  0.620E+08  0.102E+00  0.640E+08  0.993E-01
  0.660E+08  0.933E-01  0.680E+08  0.904E-01  0.700E+08  0.884E-01
  0.720E+08  0.864E-01  0.740E+08  0.844E-01  0.760E+08  0.822E-01
  0.780E+08  0.800E-01  0.800E+08  0.785E-01  0.820E+08  0.763E-01
  0.840E+08  0.741E-01  0.860E+08  0.723E-01  0.880E+08  0.703E-01
  0.900E+08  0.690E-01  0.920E+08  0.676E-01  0.940E+08  0.663E-01
  0.960E+08  0.649E-01  0.980E+08  0.633E-01  0.100E+09  0.618E-01
PB205
          17
           0
          61
  0.149E+08  0.000E+00  0.160E+08  0.263E-01  0.170E+08  0.155E+00
  0.180E+08  0.485E+00  0.190E+08  0.891E+00  0.200E+08  0.125E+01
  0.210E+08  0.146E+01  0.220E+08  0.167E+01  0.230E+08  0.180E+01
  0.240E+08  0.186E+01  0.250E+08  0.181E+01  0.260E+08  0.165E+01
  0.270E+08  0.142E+01  0.280E+08  0.117E+01  0.290E+08  0.953E+00
  0.300E+08  0.773E+00  0.310E+08  0.678E+00  0.320E+08  0.566E+00
  0.330E+08  0.482E+00  0.340E+08  0.431E+00  0.350E+08  0.381E+00
  0.360E+08  0.342E+00  0.370E+08  0.288E+00  0.380E+08  0.262E+00
  0.390E+08  0.244E+00  0.400E+08  0.229E+00  0.410E+08  0.216E+00
  0.420E+08  0.204E+00  0.430E+08  0.194E+00  0.440E+08  0.186E+00
  0.450E+08  0.179E+00  0.460E+08  0.173E+00  0.470E+08  0.167E+00
  0.480E+08  0.162E+00  0.490E+08  0.146E+00  0.500E+08  0.142E+00
  0.520E+08  0.135E+00  0.540E+08  0.130E+00  0.560E+08  0.127E+00
  0.580E+08  0.124E+00  0.600E+08  0.122E+00  0.620E+08  0.119E+00
  0.640E+08  0.115E+00  0.660E+08  0.112E+00  0.680E+08  0.108E+00
  0.700E+08  0.103E+00  0.720E+08  0.100E+00  0.740E+08  0.973E-01
  0.760E+08  0.947E-01  0.780E+08  0.923E-01  0.800E+08  0.898E-01
  0.820E+08  0.875E-01  0.840E+08  0.860E-01  0.860E+08  0.845E-01
  0.880E+08  0.822E-01  0.900E+08  0.846E-01  0.920E+08  0.825E-01
  0.940E+08  0.807E-01  0.960E+08  0.787E-01  0.980E+08  0.770E-01
  0.100E+09  0.753E-01
PB204
          37
           0
          54
  0.217E+08  0.000E+00  0.230E+08  0.845E-03  0.240E+08  0.233E-01
  0.250E+08  0.119E+00  0.260E+08  0.307E+00  0.270E+08  0.551E+00
  0.280E+08  0.803E+00  0.290E+08  0.102E+01  0.300E+08  0.120E+01
  0.310E+08  0.128E+01  0.320E+08  0.139E+01  0.330E+08  0.146E+01
  0.340E+08  0.149E+01  0.350E+08  0.151E+01  0.360E+08  0.151E+01
  0.370E+08  0.147E+01  0.380E+08  0.139E+01  0.390E+08  0.129E+01
  0.400E+08  0.118E+01  0.410E+08  0.106E+01  0.420E+08  0.936E+00
  0.430E+08  0.838E+00  0.440E+08  0.752E+00  0.450E+08  0.678E+00
  0.460E+08  0.614E+00  0.470E+08  0.559E+00  0.480E+08  0.512E+00
  0.490E+08  0.464E+00  0.500E+08  0.431E+00  0.520E+08  0.376E+00
  0.540E+08  0.342E+00  0.560E+08  0.304E+00  0.580E+08  0.278E+00
  0.600E+08  0.258E+00  0.620E+08  0.239E+00  0.640E+08  0.231E+00
  0.660E+08  0.219E+00  0.680E+08  0.208E+00  0.700E+08  0.198E+00
  0.720E+08  0.190E+00  0.740E+08  0.182E+00  0.760E+08  0.176E+00
  0.780E+08  0.169E+00  0.800E+08  0.163E+00  0.820E+08  0.158E+00
  0.840E+08  0.152E+00  0.860E+08  0.149E+00  0.880E+08  0.145E+00
  0.900E+08  0.142E+00  0.920E+08  0.136E+00  0.940E+08  0.130E+00
  0.960E+08  0.123E+00  0.980E+08  0.117E+00  0.100E+09  0.111E+00
TL207
         103
           0
          79
  0.649E+06  0.000E+00  0.650E+07  0.344E-05  0.700E+07  0.291E-04
  0.750E+07  0.744E-04  0.800E+07  0.147E-03  0.850E+07  0.257E-03
  0.900E+07  0.429E-03  0.950E+07  0.678E-03  0.100E+08  0.101E-02
  0.105E+08  0.146E-02  0.110E+08  0.204E-02  0.115E+08  0.246E-02
  0.120E+08  0.336E-02  0.125E+08  0.444E-02  0.130E+08  0.571E-02
  0.135E+08  0.713E-02  0.140E+08  0.870E-02  0.145E+08  0.104E-01
  0.150E+08  0.119E-01  0.160E+08  0.148E-01  0.170E+08  0.192E-01
  0.180E+08  0.235E-01  0.190E+08  0.254E-01  0.200E+08  0.292E-01
  0.210E+08  0.325E-01  0.220E+08  0.351E-01  0.230E+08  0.361E-01
  0.240E+08  0.378E-01  0.250E+08  0.392E-01  0.260E+08  0.404E-01
  0.270E+08  0.414E-01  0.280E+08  0.417E-01  0.290E+08  0.423E-01
  0.300E+08  0.427E-01  0.310E+08  0.428E-01  0.320E+08  0.427E-01
  0.330E+08  0.415E-01  0.340E+08  0.410E-01  0.350E+08  0.407E-01
  0.360E+08  0.405E-01  0.370E+08  0.402E-01  0.380E+08  0.400E-01
  0.390E+08  0.397E-01  0.400E+08  0.393E-01  0.410E+08  0.388E-01
  0.420E+08  0.384E-01  0.430E+08  0.380E-01  0.440E+08  0.376E-01
  0.450E+08  0.371E-01  0.460E+08  0.369E-01  0.470E+08  0.367E-01
  0.480E+08  0.365E-01  0.490E+08  0.363E-01  0.500E+08  0.361E-01
  0.520E+08  0.356E-01  0.540E+08  0.352E-01  0.560E+08  0.348E-01
  0.580E+08  0.344E-01  0.600E+08  0.340E-01  0.620E+08  0.331E-01
  0.640E+08  0.322E-01  0.660E+08  0.314E-01  0.680E+08  0.305E-01
  0.700E+08  0.297E-01  0.720E+08  0.289E-01  0.740E+08  0.276E-01
  0.760E+08  0.264E-01  0.780E+08  0.251E-01  0.800E+08  0.244E-01
  0.820E+08  0.238E-01  0.840E+08  0.232E-01  0.860E+08  0.227E-01
  0.880E+08  0.221E-01  0.900E+08  0.216E-01  0.920E+08  0.210E-01
  0.940E+08  0.206E-01  0.960E+08  0.201E-01  0.980E+08  0.197E-01
  0.100E+09  0.192E-01
HG206
         111
           0
          57
  0.805E+07  0.000E+00  0.200E+08  0.345E-06  0.210E+08  0.317E-05
  0.220E+08  0.134E-04  0.230E+08  0.357E-04  0.240E+08  0.876E-04
  0.250E+08  0.176E-03  0.260E+08  0.305E-03  0.270E+08  0.470E-03
  0.280E+08  0.615E-03  0.290E+08  0.837E-03  0.300E+08  0.108E-02
  0.310E+08  0.135E-02  0.320E+08  0.163E-02  0.330E+08  0.192E-02
  0.340E+08  0.214E-02  0.350E+08  0.247E-02  0.360E+08  0.281E-02
  0.370E+08  0.317E-02  0.380E+08  0.353E-02  0.390E+08  0.376E-02
  0.400E+08  0.414E-02  0.410E+08  0.452E-02  0.420E+08  0.490E-02
  0.430E+08  0.529E-02  0.440E+08  0.568E-02  0.450E+08  0.604E-02
  0.460E+08  0.627E-02  0.470E+08  0.653E-02  0.480E+08  0.674E-02
  0.490E+08  0.673E-02  0.500E+08  0.671E-02  0.520E+08  0.668E-02
  0.540E+08  0.675E-02  0.560E+08  0.710E-02  0.580E+08  0.713E-02
  0.600E+08  0.715E-02  0.620E+08  0.716E-02  0.640E+08  0.717E-02
  0.660E+08  0.717E-02  0.680E+08  0.717E-02  0.700E+08  0.717E-02
  0.720E+08  0.717E-02  0.740E+08  0.716E-02  0.760E+08  0.720E-02
  0.780E+08  0.719E-02  0.800E+08  0.718E-02  0.820E+08  0.728E-02
  0.840E+08  0.729E-02  0.860E+08  0.729E-02  0.880E+08  0.727E-02
  0.900E+08  0.725E-02  0.920E+08  0.722E-02  0.940E+08  0.720E-02
  0.960E+08  0.724E-02  0.980E+08  0.722E-02  0.100E+09  0.720E-02
PB203
         121
           0
          46
  0.301E+08  0.000E+00  0.310E+08  0.119E-07  0.320E+08  0.267E-04
  0.330E+08  0.441E-03  0.340E+08  0.286E-02  0.350E+08  0.143E-01
  0.360E+08  0.438E-01  0.370E+08  0.114E+00  0.380E+08  0.200E+00
  0.390E+08  0.303E+00  0.400E+08  0.414E+00  0.410E+08  0.524E+00
  0.420E+08  0.646E+00  0.430E+08  0.723E+00  0.440E+08  0.776E+00
  0.450E+08  0.800E+00  0.460E+08  0.800E+00  0.470E+08  0.777E+00
  0.480E+08  0.762E+00  0.490E+08  0.659E+00  0.500E+08  0.605E+00
  0.520E+08  0.505E+00  0.540E+08  0.439E+00  0.560E+08  0.355E+00
  0.580E+08  0.303E+00  0.600E+08  0.269E+00  0.620E+08  0.236E+00
  0.640E+08  0.225E+00  0.660E+08  0.202E+00  0.680E+08  0.184E+00
  0.700E+08  0.169E+00  0.720E+08  0.156E+00  0.740E+08  0.146E+00
  0.760E+08  0.137E+00  0.780E+08  0.130E+00  0.800E+08  0.126E+00
  0.820E+08  0.120E+00  0.840E+08  0.115E+00  0.860E+08  0.107E+00
  0.880E+08  0.103E+00  0.900E+08  0.995E-01  0.920E+08  0.104E+00
  0.940E+08  0.100E+00  0.960E+08  0.969E-01  0.980E+08  0.940E-01
  0.100E+09  0.933E-01
PB202
         122
           0
          38
  0.371E+08  0.000E+00  0.390E+08  0.573E-06  0.400E+08  0.462E-04
  0.410E+08  0.642E-03  0.420E+08  0.508E-02  0.430E+08  0.167E-01
  0.440E+08  0.405E-01  0.450E+08  0.794E-01  0.460E+08  0.133E+00
  0.470E+08  0.199E+00  0.480E+08  0.248E+00  0.490E+08  0.396E+00
  0.500E+08  0.470E+00  0.520E+08  0.596E+00  0.540E+08  0.655E+00
  0.560E+08  0.735E+00  0.580E+08  0.742E+00  0.600E+08  0.709E+00
  0.620E+08  0.661E+00  0.640E+08  0.610E+00  0.660E+08  0.553E+00
  0.680E+08  0.500E+00  0.700E+08  0.452E+00  0.720E+08  0.411E+00
  0.740E+08  0.385E+00  0.760E+08  0.351E+00  0.780E+08  0.340E+00
  0.800E+08  0.309E+00  0.820E+08  0.286E+00  0.840E+08  0.265E+00
  0.860E+08  0.247E+00  0.880E+08  0.231E+00  0.900E+08  0.220E+00
  0.920E+08  0.206E+00  0.940E+08  0.199E+00  0.960E+08  0.192E+00
  0.980E+08  0.183E+00  0.100E+09  0.173E+00
PB201
         123
           0
          30
  0.458E+08  0.000E+00  0.470E+08  0.227E-12  0.480E+08  0.248E-08
  0.490E+08  0.761E-05  0.500E+08  0.739E-04  0.520E+08  0.148E-02
  0.540E+08  0.541E-02  0.560E+08  0.300E-01  0.580E+08  0.717E-01
  0.600E+08  0.132E+00  0.620E+08  0.199E+00  0.640E+08  0.237E+00
  0.660E+08  0.286E+00  0.680E+08  0.317E+00  0.700E+08  0.331E+00
  0.720E+08  0.335E+00  0.740E+08  0.330E+00  0.760E+08  0.314E+00
  0.780E+08  0.296E+00  0.800E+08  0.276E+00  0.820E+08  0.257E+00
  0.840E+08  0.203E+00  0.860E+08  0.189E+00  0.880E+08  0.176E+00
  0.900E+08  0.167E+00  0.920E+08  0.154E+00  0.940E+08  0.142E+00
  0.960E+08  0.133E+00  0.980E+08  0.125E+00  0.100E+09  0.118E+00
PB200
         124
           0
          24
  0.530E+08  0.000E+00  0.560E+08  0.145E-06  0.580E+08  0.229E-04
  0.600E+08  0.448E-03  0.620E+08  0.315E-02  0.640E+08  0.849E-02
  0.660E+08  0.240E-01  0.680E+08  0.507E-01  0.700E+08  0.888E-01
  0.720E+08  0.139E+00  0.740E+08  0.179E+00  0.760E+08  0.232E+00
  0.780E+08  0.261E+00  0.800E+08  0.303E+00  0.820E+08  0.332E+00
  0.840E+08  0.378E+00  0.860E+08  0.379E+00  0.880E+08  0.372E+00
  0.900E+08  0.359E+00  0.920E+08  0.344E+00  0.940E+08  0.322E+00
  0.960E+08  0.305E+00  0.980E+08  0.288E+00  0.100E+09  0.279E+00
PB199
         125
           0
          19
  0.621E+08  0.000E+00  0.660E+08  0.788E-09  0.680E+08  0.230E-06
  0.700E+08  0.797E-05  0.720E+08  0.979E-04  0.740E+08  0.622E-03
  0.760E+08  0.251E-02  0.780E+08  0.550E-02  0.800E+08  0.120E-01
  0.820E+08  0.243E-01  0.840E+08  0.491E-01  0.860E+08  0.722E-01
  0.880E+08  0.959E-01  0.900E+08  0.111E+00  0.920E+08  0.134E+00
  0.940E+08  0.145E+00  0.960E+08  0.154E+00  0.980E+08  0.155E+00
  0.100E+09  0.156E+00
PB198
         126
           0
          16
  0.693E+08  0.000E+00  0.720E+08  0.869E-12  0.740E+08  0.430E-08
  0.760E+08  0.375E-06  0.780E+08  0.421E-05  0.800E+08  0.504E-04
  0.820E+08  0.321E-03  0.840E+08  0.190E-02  0.860E+08  0.536E-02
  0.880E+08  0.122E-01  0.900E+08  0.197E-01  0.920E+08  0.393E-01
  0.940E+08  0.596E-01  0.960E+08  0.795E-01  0.980E+08  0.104E+00
  0.100E+09  0.119E+00
PB197
         127
           0
          10
  0.787E+08  0.000E+00  0.840E+08  0.426E-11  0.860E+08  0.832E-09
  0.880E+08  0.343E-07  0.900E+08  0.295E-06  0.920E+08  0.528E-05
  0.940E+08  0.314E-04  0.960E+08  0.135E-03  0.980E+08  0.448E-03
  0.100E+09  0.904E-03
PB196
         128
           0
           6
  0.862E+08  0.000E+00  0.920E+08  0.142E-11  0.940E+08  0.266E-09
  0.960E+08  0.131E-07  0.980E+08  0.250E-06  0.100E+09  0.138E-05
TL206
         153
           0
          69
  0.529E+07  0.000E+00  0.115E+08  0.121E-07  0.120E+08  0.680E-07
  0.125E+08  0.274E-06  0.130E+08  0.921E-06  0.135E+08  0.806E-03
  0.140E+08  0.172E-02  0.145E+08  0.230E-02  0.150E+08  0.276E-02
  0.160E+08  0.367E-02  0.170E+08  0.563E-02  0.180E+08  0.792E-02
  0.190E+08  0.100E-01  0.200E+08  0.121E-01  0.210E+08  0.155E-01
  0.220E+08  0.190E-01  0.230E+08  0.235E-01  0.240E+08  0.305E-01
  0.250E+08  0.381E-01  0.260E+08  0.458E-01  0.270E+08  0.535E-01
  0.280E+08  0.601E-01  0.290E+08  0.668E-01  0.300E+08  0.730E-01
  0.310E+08  0.783E-01  0.320E+08  0.829E-01  0.330E+08  0.871E-01
  0.340E+08  0.881E-01  0.350E+08  0.891E-01  0.360E+08  0.896E-01
  0.370E+08  0.897E-01  0.380E+08  0.896E-01  0.390E+08  0.895E-01
  0.400E+08  0.894E-01  0.410E+08  0.892E-01  0.420E+08  0.891E-01
  0.430E+08  0.890E-01  0.440E+08  0.889E-01  0.450E+08  0.888E-01
  0.460E+08  0.884E-01  0.470E+08  0.881E-01  0.480E+08  0.877E-01
  0.490E+08  0.873E-01  0.500E+08  0.869E-01  0.520E+08  0.862E-01
  0.540E+08  0.855E-01  0.560E+08  0.847E-01  0.580E+08  0.840E-01
  0.600E+08  0.832E-01  0.620E+08  0.825E-01  0.640E+08  0.817E-01
  0.660E+08  0.810E-01  0.680E+08  0.806E-01  0.700E+08  0.801E-01
  0.720E+08  0.797E-01  0.740E+08  0.793E-01  0.760E+08  0.788E-01
  0.780E+08  0.784E-01  0.800E+08  0.778E-01  0.820E+08  0.772E-01
  0.840E+08  0.765E-01  0.860E+08  0.759E-01  0.880E+08  0.753E-01
  0.900E+08  0.747E-01  0.920E+08  0.740E-01  0.940E+08  0.734E-01
  0.960E+08  0.728E-01  0.980E+08  0.732E-01  0.100E+09  0.731E-01
TL205
         154
           0
          59
  0.118E+08  0.000E+00  0.180E+08  0.336E-08  0.190E+08  0.185E-06
  0.200E+08  0.212E-05  0.210E+08  0.148E-04  0.220E+08  0.698E-04
  0.230E+08  0.237E-03  0.240E+08  0.634E-03  0.250E+08  0.137E-02
  0.260E+08  0.264E-02  0.270E+08  0.463E-02  0.280E+08  0.769E-02
  0.290E+08  0.117E-01  0.300E+08  0.166E-01  0.310E+08  0.226E-01
  0.320E+08  0.293E-01  0.330E+08  0.374E-01  0.340E+08  0.467E-01
  0.350E+08  0.568E-01  0.360E+08  0.664E-01  0.370E+08  0.758E-01
  0.380E+08  0.845E-01  0.390E+08  0.921E-01  0.400E+08  0.990E-01
  0.410E+08  0.105E+00  0.420E+08  0.111E+00  0.430E+08  0.115E+00
  0.440E+08  0.117E+00  0.450E+08  0.119E+00  0.460E+08  0.121E+00
  0.470E+08  0.124E+00  0.480E+08  0.126E+00  0.490E+08  0.123E+00
  0.500E+08  0.122E+00  0.520E+08  0.119E+00  0.540E+08  0.117E+00
  0.560E+08  0.115E+00  0.580E+08  0.114E+00  0.600E+08  0.112E+00
  0.620E+08  0.110E+00  0.640E+08  0.108E+00  0.660E+08  0.106E+00
  0.680E+08  0.105E+00  0.700E+08  0.104E+00  0.720E+08  0.103E+00
  0.740E+08  0.101E+00  0.760E+08  0.100E+00  0.780E+08  0.982E-01
  0.800E+08  0.972E-01  0.820E+08  0.963E-01  0.840E+08  0.955E-01
  0.860E+08  0.948E-01  0.880E+08  0.944E-01  0.900E+08  0.941E-01
  0.920E+08  0.937E-01  0.940E+08  0.931E-01  0.960E+08  0.926E-01
  0.980E+08  0.908E-01  0.100E+09  0.897E-01
TL204
         155
           0
          51
  0.194E+08  0.000E+00  0.260E+08  0.296E-08  0.270E+08  0.111E-06
  0.280E+08  0.121E-05  0.290E+08  0.830E-05  0.300E+08  0.410E-04
  0.310E+08  0.150E-03  0.320E+08  0.423E-03  0.330E+08  0.103E-02
  0.340E+08  0.209E-02  0.350E+08  0.334E-02  0.360E+08  0.560E-02
  0.370E+08  0.867E-02  0.380E+08  0.126E-01  0.390E+08  0.174E-01
  0.400E+08  0.230E-01  0.410E+08  0.290E-01  0.420E+08  0.354E-01
  0.430E+08  0.419E-01  0.440E+08  0.507E-01  0.450E+08  0.560E-01
  0.460E+08  0.616E-01  0.470E+08  0.667E-01  0.480E+08  0.714E-01
  0.490E+08  0.791E-01  0.500E+08  0.846E-01  0.520E+08  0.949E-01
  0.540E+08  0.100E+00  0.560E+08  0.109E+00  0.580E+08  0.115E+00
  0.600E+08  0.119E+00  0.620E+08  0.122E+00  0.640E+08  0.122E+00
  0.660E+08  0.118E+00  0.680E+08  0.114E+00  0.700E+08  0.110E+00
  0.720E+08  0.106E+00  0.740E+08  0.102E+00  0.760E+08  0.106E+00
  0.780E+08  0.102E+00  0.800E+08  0.996E-01  0.820E+08  0.971E-01
  0.840E+08  0.952E-01  0.860E+08  0.933E-01  0.880E+08  0.904E-01
  0.900E+08  0.874E-01  0.920E+08  0.843E-01  0.940E+08  0.813E-01
  0.960E+08  0.783E-01  0.980E+08  0.775E-01  0.100E+09  0.766E-01
TL203
         156
           0
          44
  0.261E+08  0.000E+00  0.330E+08  0.913E-09  0.340E+08  0.208E-07
  0.350E+08  0.298E-06  0.360E+08  0.235E-05  0.370E+08  0.131E-04
  0.380E+08  0.549E-04  0.390E+08  0.177E-03  0.400E+08  0.465E-03
  0.410E+08  0.104E-02  0.420E+08  0.206E-02  0.430E+08  0.364E-02
  0.440E+08  0.628E-02  0.450E+08  0.899E-02  0.460E+08  0.128E-01
  0.470E+08  0.175E-01  0.480E+08  0.228E-01  0.490E+08  0.305E-01
  0.500E+08  0.374E-01  0.520E+08  0.520E-01  0.540E+08  0.626E-01
  0.560E+08  0.734E-01  0.580E+08  0.855E-01  0.600E+08  0.951E-01
  0.620E+08  0.103E+00  0.640E+08  0.108E+00  0.660E+08  0.112E+00
  0.680E+08  0.119E+00  0.700E+08  0.126E+00  0.720E+08  0.131E+00
  0.740E+08  0.136E+00  0.760E+08  0.132E+00  0.780E+08  0.135E+00
  0.800E+08  0.135E+00  0.820E+08  0.134E+00  0.840E+08  0.131E+00
  0.860E+08  0.128E+00  0.880E+08  0.126E+00  0.900E+08  0.122E+00
  0.920E+08  0.118E+00  0.940E+08  0.114E+00  0.960E+08  0.111E+00
  0.980E+08  0.108E+00  0.100E+09  0.106E+00
TL202
         157
           0
          36
  0.340E+08  0.000E+00  0.410E+08  0.318E-11  0.420E+08  0.802E-09
  0.430E+08  0.384E-07  0.440E+08  0.515E-06  0.450E+08  0.300E-05
  0.460E+08  0.133E-04  0.470E+08  0.466E-04  0.480E+08  0.134E-03
  0.490E+08  0.213E-03  0.500E+08  0.485E-03  0.520E+08  0.179E-02
  0.540E+08  0.374E-02  0.560E+08  0.765E-02  0.580E+08  0.143E-01
  0.600E+08  0.232E-01  0.620E+08  0.336E-01  0.640E+08  0.502E-01
  0.660E+08  0.606E-01  0.680E+08  0.693E-01  0.700E+08  0.765E-01
  0.720E+08  0.826E-01  0.740E+08  0.868E-01  0.760E+08  0.897E-01
  0.780E+08  0.924E-01  0.800E+08  0.960E-01  0.820E+08  0.100E+00
  0.840E+08  0.105E+00  0.860E+08  0.108E+00  0.880E+08  0.113E+00
  0.900E+08  0.118E+00  0.920E+08  0.123E+00  0.940E+08  0.125E+00
  0.960E+08  0.115E+00  0.980E+08  0.113E+00  0.100E+09  0.111E+00
TL201
         158
           0
          29
  0.409E+08  0.000E+00  0.480E+08  0.422E-11  0.490E+08  0.163E-10
  0.500E+08  0.883E-09  0.520E+08  0.129E-06  0.540E+08  0.179E-05
  0.560E+08  0.271E-04  0.580E+08  0.180E-03  0.600E+08  0.741E-03
  0.620E+08  0.219E-02  0.640E+08  0.631E-02  0.660E+08  0.119E-01
  0.680E+08  0.198E-01  0.700E+08  0.297E-01  0.720E+08  0.403E-01
  0.740E+08  0.540E-01  0.760E+08  0.650E-01  0.780E+08  0.747E-01
  0.800E+08  0.829E-01  0.820E+08  0.893E-01  0.840E+08  0.944E-01
  0.860E+08  0.981E-01  0.880E+08  0.101E+00  0.900E+08  0.103E+00
  0.920E+08  0.108E+00  0.940E+08  0.116E+00  0.960E+08  0.124E+00
  0.980E+08  0.129E+00  0.100E+09  0.134E+00
TL200
         159
           0
          23
  0.491E+08  0.000E+00  0.580E+08  0.226E-10  0.600E+08  0.374E-08
  0.620E+08  0.172E-06  0.640E+08  0.550E-05  0.660E+08  0.425E-04
  0.680E+08  0.203E-03  0.700E+08  0.504E-03  0.720E+08  0.134E-02
  0.740E+08  0.340E-02  0.760E+08  0.683E-02  0.780E+08  0.119E-01
  0.800E+08  0.184E-01  0.820E+08  0.261E-01  0.840E+08  0.342E-01
  0.860E+08  0.420E-01  0.880E+08  0.488E-01  0.900E+08  0.542E-01
  0.920E+08  0.549E-01  0.940E+08  0.576E-01  0.960E+08  0.616E-01
  0.980E+08  0.623E-01  0.100E+09  0.629E-01
TL199
         160
           0
          20
  0.562E+08  0.000E+00  0.640E+08  0.783E-14  0.660E+08  0.340E-10
  0.680E+08  0.422E-08  0.700E+08  0.620E-07  0.720E+08  0.112E-05
  0.740E+08  0.108E-04  0.760E+08  0.426E-04  0.780E+08  0.186E-03
  0.800E+08  0.968E-03  0.820E+08  0.235E-02  0.840E+08  0.490E-02
  0.860E+08  0.894E-02  0.880E+08  0.146E-01  0.900E+08  0.217E-01
  0.920E+08  0.304E-01  0.940E+08  0.399E-01  0.960E+08  0.540E-01
  0.980E+08  0.625E-01  0.100E+09  0.701E-01
TL198
         161
           0
          15
  0.649E+08  0.000E+00  0.740E+08  0.317E-14  0.760E+08  0.433E-11
  0.780E+08  0.518E-09  0.800E+08  0.424E-07  0.820E+08  0.594E-06
  0.840E+08  0.498E-05  0.860E+08  0.275E-04  0.880E+08  0.110E-03
  0.900E+08  0.326E-03  0.920E+08  0.790E-03  0.940E+08  0.178E-02
  0.960E+08  0.471E-02  0.980E+08  0.791E-02  0.100E+09  0.122E-01
TL197
         162
           0
          12
  0.721E+08  0.000E+00  0.800E+08  0.179E-16  0.820E+08  0.161E-12
  0.840E+08  0.372E-10  0.860E+08  0.203E-08  0.880E+08  0.458E-07
  0.900E+08  0.458E-06  0.920E+08  0.202E-05  0.940E+08  0.120E-04
  0.960E+08  0.913E-04  0.980E+08  0.258E-03  0.100E+09  0.663E-03
TL196
         163
           0
           7
  0.811E+08  0.000E+00  0.900E+08  0.399E-18  0.920E+08  0.218E-15
  0.940E+08  0.108E-12  0.960E+08  0.488E-10  0.980E+08  0.136E-08
  0.100E+09  0.204E-07
TL195
         164
           0
           3
  0.885E+08  0.000E+00  0.980E+08  0.164E-18  0.100E+09  0.726E-15
HG205
         174
           0
          52
  0.126E+08  0.000E+00  0.250E+08  0.845E-15  0.260E+08  0.168E-13
  0.270E+08  0.168E-12  0.280E+08  0.126E-11  0.290E+08  0.791E-11
  0.300E+08  0.390E-10  0.310E+08  0.155E-09  0.320E+08  0.516E-09
  0.330E+08  0.169E-08  0.340E+08  0.390E-08  0.350E+08  0.846E-08
  0.360E+08  0.165E-07  0.370E+08  0.294E-07  0.380E+08  0.483E-07
  0.390E+08  0.773E-07  0.400E+08  0.116E-06  0.410E+08  0.899E-06
  0.420E+08  0.485E-05  0.430E+08  0.190E-04  0.440E+08  0.370E-04
  0.450E+08  0.954E-04  0.460E+08  0.197E-03  0.470E+08  0.353E-03
  0.480E+08  0.563E-03  0.490E+08  0.104E-02  0.500E+08  0.151E-02
  0.520E+08  0.224E-02  0.540E+08  0.303E-02  0.560E+08  0.344E-02
  0.580E+08  0.395E-02  0.600E+08  0.422E-02  0.620E+08  0.439E-02
  0.640E+08  0.446E-02  0.660E+08  0.446E-02  0.680E+08  0.441E-02
  0.700E+08  0.438E-02  0.720E+08  0.432E-02  0.740E+08  0.432E-02
  0.760E+08  0.420E-02  0.780E+08  0.418E-02  0.800E+08  0.419E-02
  0.820E+08  0.406E-02  0.840E+08  0.403E-02  0.860E+08  0.399E-02
  0.880E+08  0.398E-02  0.900E+08  0.398E-02  0.920E+08  0.401E-02
  0.940E+08  0.398E-02  0.960E+08  0.428E-02  0.980E+08  0.425E-02
  0.100E+09  0.428E-02
HG204
         175
           0
          80
  0.100E-04  0.000E+00  0.600E+07  0.142E-08  0.650E+07  0.955E-08
  0.700E+07  0.319E-07  0.750E+07  0.851E-07  0.800E+07  0.192E-06
  0.850E+07  0.424E-06  0.900E+07  0.877E-06  0.950E+07  0.176E-05
  0.100E+08  0.339E-05  0.105E+08  0.630E-05  0.110E+08  0.114E-04
  0.115E+08  0.199E-04  0.120E+08  0.337E-04  0.125E+08  0.550E-04
  0.130E+08  0.866E-04  0.135E+08  0.131E-03  0.140E+08  0.192E-03
  0.145E+08  0.270E-03  0.150E+08  0.367E-03  0.160E+08  0.626E-03
  0.170E+08  0.965E-03  0.180E+08  0.138E-02  0.190E+08  0.186E-02
  0.200E+08  0.238E-02  0.210E+08  0.288E-02  0.220E+08  0.332E-02
  0.230E+08  0.365E-02  0.240E+08  0.385E-02  0.250E+08  0.395E-02
  0.260E+08  0.396E-02  0.270E+08  0.391E-02  0.280E+08  0.380E-02
  0.290E+08  0.350E-02  0.300E+08  0.319E-02  0.310E+08  0.310E-02
  0.320E+08  0.300E-02  0.330E+08  0.281E-02  0.340E+08  0.263E-02
  0.350E+08  0.246E-02  0.360E+08  0.229E-02  0.370E+08  0.213E-02
  0.380E+08  0.198E-02  0.390E+08  0.191E-02  0.400E+08  0.177E-02
  0.410E+08  0.163E-02  0.420E+08  0.149E-02  0.430E+08  0.137E-02
  0.440E+08  0.126E-02  0.450E+08  0.116E-02  0.460E+08  0.108E-02
  0.470E+08  0.999E-03  0.480E+08  0.929E-03  0.490E+08  0.907E-03
  0.500E+08  0.842E-03  0.520E+08  0.721E-03  0.540E+08  0.637E-03
  0.560E+08  0.670E-03  0.580E+08  0.944E-03  0.600E+08  0.142E-02
  0.620E+08  0.209E-02  0.640E+08  0.286E-02  0.660E+08  0.371E-02
  0.680E+08  0.461E-02  0.700E+08  0.552E-02  0.720E+08  0.619E-02
  0.740E+08  0.671E-02  0.760E+08  0.708E-02  0.780E+08  0.727E-02
  0.800E+08  0.730E-02  0.820E+08  0.728E-02  0.840E+08  0.755E-02
  0.860E+08  0.747E-02  0.880E+08  0.738E-02  0.900E+08  0.725E-02
  0.920E+08  0.709E-02  0.940E+08  0.701E-02  0.960E+08  0.693E-02
  0.980E+08  0.688E-02  0.100E+09  0.678E-02
HG203
         176
           0
          64
  0.100E-04  0.000E+00  0.140E+08  0.357E-07  0.145E+08  0.177E-06
  0.150E+08  0.474E-06  0.160E+08  0.179E-05  0.170E+08  0.570E-05
  0.180E+08  0.166E-04  0.190E+08  0.460E-04  0.200E+08  0.118E-03
  0.210E+08  0.278E-03  0.220E+08  0.576E-03  0.230E+08  0.103E-02
  0.240E+08  0.164E-02  0.250E+08  0.237E-02  0.260E+08  0.317E-02
  0.270E+08  0.397E-02  0.280E+08  0.469E-02  0.290E+08  0.543E-02
  0.300E+08  0.594E-02  0.310E+08  0.598E-02  0.320E+08  0.603E-02
  0.330E+08  0.623E-02  0.340E+08  0.608E-02  0.350E+08  0.586E-02
  0.360E+08  0.559E-02  0.370E+08  0.530E-02  0.380E+08  0.499E-02
  0.390E+08  0.479E-02  0.400E+08  0.448E-02  0.410E+08  0.418E-02
  0.420E+08  0.389E-02  0.430E+08  0.362E-02  0.440E+08  0.336E-02
  0.450E+08  0.310E-02  0.460E+08  0.286E-02  0.470E+08  0.263E-02
  0.480E+08  0.240E-02  0.490E+08  0.230E-02  0.500E+08  0.210E-02
  0.520E+08  0.177E-02  0.540E+08  0.150E-02  0.560E+08  0.129E-02
  0.580E+08  0.109E-02  0.600E+08  0.920E-03  0.620E+08  0.751E-03
  0.640E+08  0.624E-03  0.660E+08  0.493E-03  0.680E+08  0.377E-03
  0.700E+08  0.295E-03  0.720E+08  0.404E-03  0.740E+08  0.747E-03
  0.760E+08  0.129E-02  0.780E+08  0.201E-02  0.800E+08  0.283E-02
  0.820E+08  0.366E-02  0.840E+08  0.402E-02  0.860E+08  0.482E-02
  0.880E+08  0.530E-02  0.900E+08  0.563E-02  0.920E+08  0.579E-02
  0.940E+08  0.586E-02  0.960E+08  0.589E-02  0.980E+08  0.585E-02
  0.100E+09  0.575E-02
HG202
         177
           0
          57
  0.563E+07  0.000E+00  0.200E+08  0.215E-07  0.210E+08  0.553E-06
  0.220E+08  0.296E-05  0.230E+08  0.942E-05  0.240E+08  0.253E-04
  0.250E+08  0.630E-04  0.260E+08  0.150E-03  0.270E+08  0.336E-03
  0.280E+08  0.682E-03  0.290E+08  0.134E-02  0.300E+08  0.200E-02
  0.310E+08  0.296E-02  0.320E+08  0.408E-02  0.330E+08  0.506E-02
  0.340E+08  0.635E-02  0.350E+08  0.769E-02  0.360E+08  0.898E-02
  0.370E+08  0.102E-01  0.380E+08  0.112E-01  0.390E+08  0.120E-01
  0.400E+08  0.126E-01  0.410E+08  0.129E-01  0.420E+08  0.133E-01
  0.430E+08  0.133E-01  0.440E+08  0.131E-01  0.450E+08  0.127E-01
  0.460E+08  0.123E-01  0.470E+08  0.117E-01  0.480E+08  0.111E-01
  0.490E+08  0.107E-01  0.500E+08  0.101E-01  0.520E+08  0.905E-02
  0.540E+08  0.784E-02  0.560E+08  0.673E-02  0.580E+08  0.574E-02
  0.600E+08  0.488E-02  0.620E+08  0.414E-02  0.640E+08  0.351E-02
  0.660E+08  0.300E-02  0.680E+08  0.255E-02  0.700E+08  0.216E-02
  0.720E+08  0.160E-02  0.740E+08  0.106E-02  0.760E+08  0.826E-03
  0.780E+08  0.628E-03  0.800E+08  0.494E-03  0.820E+08  0.481E-03
  0.840E+08  0.630E-03  0.860E+08  0.769E-03  0.880E+08  0.123E-02
  0.900E+08  0.186E-02  0.920E+08  0.263E-02  0.940E+08  0.351E-02
  0.960E+08  0.402E-02  0.980E+08  0.494E-02  0.100E+09  0.586E-02
HG201
         178
           0
          46
  0.134E+08  0.000E+00  0.310E+08  0.279E-05  0.320E+08  0.746E-05
  0.330E+08  0.210E-04  0.340E+08  0.516E-04  0.350E+08  0.120E-03
  0.360E+08  0.256E-03  0.370E+08  0.503E-03  0.380E+08  0.914E-03
  0.390E+08  0.140E-02  0.400E+08  0.216E-02  0.410E+08  0.312E-02
  0.420E+08  0.396E-02  0.430E+08  0.518E-02  0.440E+08  0.643E-02
  0.450E+08  0.764E-02  0.460E+08  0.872E-02  0.470E+08  0.960E-02
  0.480E+08  0.103E-01  0.490E+08  0.101E-01  0.500E+08  0.100E-01
  0.520E+08  0.985E-02  0.540E+08  0.925E-02  0.560E+08  0.838E-02
  0.580E+08  0.744E-02  0.600E+08  0.652E-02  0.620E+08  0.565E-02
  0.640E+08  0.483E-02  0.660E+08  0.411E-02  0.680E+08  0.357E-02
  0.700E+08  0.303E-02  0.720E+08  0.264E-02  0.740E+08  0.223E-02
  0.760E+08  0.191E-02  0.780E+08  0.162E-02  0.800E+08  0.136E-02
  0.820E+08  0.113E-02  0.840E+08  0.913E-03  0.860E+08  0.716E-03
  0.880E+08  0.632E-03  0.900E+08  0.501E-03  0.920E+08  0.410E-03
  0.940E+08  0.348E-03  0.960E+08  0.329E-03  0.980E+08  0.355E-03
  0.100E+09  0.429E-03
HG200
         179
           0
          43
  0.197E+08  0.000E+00  0.340E+08  0.286E-11  0.350E+08  0.479E-08
  0.360E+08  0.671E-07  0.370E+08  0.608E-06  0.380E+08  0.293E-05
  0.390E+08  0.904E-05  0.400E+08  0.248E-04  0.410E+08  0.495E-04
  0.420E+08  0.122E-03  0.430E+08  0.253E-03  0.440E+08  0.488E-03
  0.450E+08  0.878E-03  0.460E+08  0.147E-02  0.470E+08  0.229E-02
  0.480E+08  0.334E-02  0.490E+08  0.484E-02  0.500E+08  0.634E-02
  0.520E+08  0.958E-02  0.540E+08  0.129E-01  0.560E+08  0.161E-01
  0.580E+08  0.186E-01  0.600E+08  0.200E-01  0.620E+08  0.208E-01
  0.640E+08  0.204E-01  0.660E+08  0.194E-01  0.680E+08  0.178E-01
  0.700E+08  0.161E-01  0.720E+08  0.140E-01  0.740E+08  0.117E-01
  0.760E+08  0.102E-01  0.780E+08  0.821E-02  0.800E+08  0.623E-02
  0.820E+08  0.567E-02  0.840E+08  0.491E-02  0.860E+08  0.427E-02
  0.880E+08  0.366E-02  0.900E+08  0.320E-02  0.920E+08  0.277E-02
  0.940E+08  0.236E-02  0.960E+08  0.203E-02  0.980E+08  0.176E-02
  0.100E+09  0.154E-02
HG199
         180
           0
          34
  0.277E+08  0.000E+00  0.430E+08  0.118E-11  0.440E+08  0.278E-09
  0.450E+08  0.704E-08  0.460E+08  0.664E-07  0.470E+08  0.368E-06
  0.480E+08  0.147E-05  0.490E+08  0.567E-05  0.500E+08  0.149E-04
  0.520E+08  0.741E-04  0.540E+08  0.233E-03  0.560E+08  0.783E-03
  0.580E+08  0.189E-02  0.600E+08  0.372E-02  0.620E+08  0.587E-02
  0.640E+08  0.859E-02  0.660E+08  0.113E-01  0.680E+08  0.135E-01
  0.700E+08  0.135E-01  0.720E+08  0.138E-01  0.740E+08  0.131E-01
  0.760E+08  0.122E-01  0.780E+08  0.116E-01  0.800E+08  0.104E-01
  0.820E+08  0.917E-02  0.840E+08  0.795E-02  0.860E+08  0.673E-02
  0.880E+08  0.589E-02  0.900E+08  0.535E-02  0.920E+08  0.470E-02
  0.940E+08  0.413E-02  0.960E+08  0.366E-02  0.980E+08  0.327E-02
  0.100E+09  0.293E-02
HG198
         181
           0
          27
  0.344E+08  0.000E+00  0.500E+08  0.439E-13  0.520E+08  0.136E-08
  0.540E+08  0.437E-07  0.560E+08  0.143E-05  0.580E+08  0.112E-04
  0.600E+08  0.583E-04  0.620E+08  0.230E-03  0.640E+08  0.683E-03
  0.660E+08  0.167E-02  0.680E+08  0.337E-02  0.700E+08  0.592E-02
  0.720E+08  0.847E-02  0.740E+08  0.110E-01  0.760E+08  0.136E-01
  0.780E+08  0.161E-01  0.800E+08  0.187E-01  0.820E+08  0.212E-01
  0.840E+08  0.238E-01  0.860E+08  0.263E-01  0.880E+08  0.265E-01
  0.900E+08  0.248E-01  0.920E+08  0.229E-01  0.940E+08  0.215E-01
  0.960E+08  0.194E-01  0.980E+08  0.175E-01  0.100E+09  0.158E-01
HG197
         182
           0
          22
  0.430E+08  0.000E+00  0.600E+08  0.628E-11  0.620E+08  0.130E-08
  0.640E+08  0.337E-07  0.660E+08  0.455E-06  0.680E+08  0.348E-05
  0.700E+08  0.289E-04  0.720E+08  0.103E-03  0.740E+08  0.400E-03
  0.760E+08  0.102E-02  0.780E+08  0.252E-02  0.800E+08  0.440E-02
  0.820E+08  0.671E-02  0.840E+08  0.930E-02  0.860E+08  0.118E-01
  0.880E+08  0.134E-01  0.900E+08  0.151E-01  0.920E+08  0.173E-01
  0.940E+08  0.171E-01  0.960E+08  0.173E-01  0.980E+08  0.175E-01
  0.100E+09  0.167E-01
HG196
         183
           0
          19
  0.498E+08  0.000E+00  0.660E+08  0.101E-12  0.680E+08  0.947E-10
  0.700E+08  0.129E-07  0.720E+08  0.200E-06  0.740E+08  0.229E-05
  0.760E+08  0.128E-04  0.780E+08  0.808E-04  0.800E+08  0.274E-03
  0.820E+08  0.720E-03  0.840E+08  0.164E-02  0.860E+08  0.321E-02
  0.880E+08  0.481E-02  0.900E+08  0.745E-02  0.920E+08  0.994E-02
  0.940E+08  0.138E-01  0.960E+08  0.167E-01  0.980E+08  0.207E-01
  0.100E+09  0.246E-01
HG195
         184
           0
          14
  0.587E+08  0.000E+00  0.760E+08  0.812E-14  0.780E+08  0.763E-11
  0.800E+08  0.347E-09  0.820E+08  0.575E-08  0.840E+08  0.256E-06
  0.860E+08  0.151E-05  0.880E+08  0.540E-05  0.900E+08  0.201E-04
  0.920E+08  0.566E-04  0.940E+08  0.172E-03  0.960E+08  0.434E-03
  0.980E+08  0.946E-03  0.100E+09  0.181E-02
HG194
         185
           0
          11
  0.656E+08  0.000E+00  0.820E+08  0.878E-17  0.840E+08  0.209E-12
  0.860E+08  0.257E-10  0.880E+08  0.446E-09  0.900E+08  0.588E-08
  0.920E+08  0.552E-07  0.940E+08  0.460E-06  0.960E+08  0.274E-05
  0.980E+08  0.126E-04  0.100E+09  0.452E-04
HG193
         186
           0
           6
  0.748E+08  0.000E+00  0.920E+08  0.200E-19  0.940E+08  0.101E-15
  0.960E+08  0.298E-13  0.980E+08  0.191E-11  0.100E+09  0.426E-10
HG192
         187
           0
           2
  0.821E+08  0.000E+00  0.100E+09  0.140E-20
AU205
         219
           0
          42
  0.170E+08  0.000E+00  0.350E+08  0.796E-21  0.360E+08  0.273E-19
  0.370E+08  0.332E-18  0.380E+08  0.248E-17  0.390E+08  0.184E-16
  0.400E+08  0.712E-16  0.410E+08  0.259E-15  0.420E+08  0.824E-15
  0.430E+08  0.236E-14  0.440E+08  0.690E-14  0.450E+08  0.164E-13
  0.460E+08  0.394E-13  0.470E+08  0.675E-13  0.480E+08  0.130E-12
  0.490E+08  0.201E-12  0.500E+08  0.281E-12  0.520E+08  0.646E-12
  0.540E+08  0.130E-11  0.560E+08  0.270E-11  0.580E+08  0.434E-11
  0.600E+08  0.118E-10  0.620E+08  0.354E-10  0.640E+08  0.103E-09
  0.660E+08  0.261E-09  0.680E+08  0.590E-09  0.700E+08  0.116E-08
  0.720E+08  0.203E-08  0.740E+08  0.314E-08  0.760E+08  0.476E-08
  0.780E+08  0.595E-08  0.800E+08  0.704E-08  0.820E+08  0.784E-08
  0.840E+08  0.836E-08  0.860E+08  0.886E-08  0.880E+08  0.896E-08
  0.900E+08  0.904E-08  0.920E+08  0.901E-08  0.940E+08  0.899E-08
  0.960E+08  0.993E-08  0.980E+08  0.989E-08  0.100E+09  0.851E-08
AU204
         220
           0
          37
  0.220E+08  0.000E+00  0.400E+08  0.110E-21  0.410E+08  0.457E-20
  0.420E+08  0.125E-18  0.430E+08  0.272E-17  0.440E+08  0.321E-16
  0.450E+08  0.225E-15  0.460E+08  0.101E-14  0.470E+08  0.384E-14
  0.480E+08  0.135E-13  0.490E+08  0.409E-13  0.500E+08  0.741E-13
  0.520E+08  0.396E-12  0.540E+08  0.161E-11  0.560E+08  0.574E-11
  0.580E+08  0.125E-10  0.600E+08  0.245E-10  0.620E+08  0.417E-10
  0.640E+08  0.611E-10  0.660E+08  0.905E-10  0.680E+08  0.115E-09
  0.700E+08  0.175E-09  0.720E+08  0.402E-09  0.740E+08  0.113E-08
  0.760E+08  0.303E-08  0.780E+08  0.491E-08  0.800E+08  0.971E-08
  0.820E+08  0.172E-07  0.840E+08  0.270E-07  0.860E+08  0.387E-07
  0.880E+08  0.514E-07  0.900E+08  0.635E-07  0.920E+08  0.736E-07
  0.940E+08  0.813E-07  0.960E+08  0.944E-07  0.980E+08  0.976E-07
  0.100E+09  0.883E-07
AU203
         221
           0
          56
  0.970E+06  0.000E+00  0.210E+08  0.161E-15  0.220E+08  0.489E-14
  0.230E+08  0.439E-13  0.240E+08  0.252E-12  0.250E+08  0.120E-11
  0.260E+08  0.447E-11  0.270E+08  0.145E-10  0.280E+08  0.430E-10
  0.290E+08  0.103E-09  0.300E+08  0.245E-09  0.310E+08  0.561E-09
  0.320E+08  0.115E-08  0.330E+08  0.232E-08  0.340E+08  0.408E-08
  0.350E+08  0.665E-08  0.360E+08  0.102E-07  0.370E+08  0.146E-07
  0.380E+08  0.199E-07  0.390E+08  0.260E-07  0.400E+08  0.303E-07
  0.410E+08  0.359E-07  0.420E+08  0.410E-07  0.430E+08  0.456E-07
  0.440E+08  0.494E-07  0.450E+08  0.525E-07  0.460E+08  0.589E-07
  0.470E+08  0.610E-07  0.480E+08  0.627E-07  0.490E+08  0.404E-07
  0.500E+08  0.442E-07  0.520E+08  0.426E-07  0.540E+08  0.430E-07
  0.560E+08  0.469E-07  0.580E+08  0.482E-07  0.600E+08  0.590E-07
  0.620E+08  0.559E-07  0.640E+08  0.634E-07  0.660E+08  0.675E-07
  0.680E+08  0.726E-07  0.700E+08  0.787E-07  0.720E+08  0.841E-07
  0.740E+08  0.913E-07  0.760E+08  0.950E-07  0.780E+08  0.102E-06
  0.800E+08  0.102E-06  0.820E+08  0.916E-07  0.840E+08  0.975E-07
  0.860E+08  0.969E-07  0.880E+08  0.101E-06  0.900E+08  0.111E-06
  0.920E+08  0.131E-06  0.940E+08  0.163E-06  0.960E+08  0.216E-06
  0.980E+08  0.283E-06  0.100E+09  0.330E-06
AU202
         222
           0
          51
  0.562E+07  0.000E+00  0.260E+08  0.142E-15  0.270E+08  0.323E-14
  0.280E+08  0.356E-13  0.290E+08  0.619E-12  0.300E+08  0.472E-11
  0.310E+08  0.249E-10  0.320E+08  0.826E-10  0.330E+08  0.317E-09
  0.340E+08  0.913E-09  0.350E+08  0.233E-08  0.360E+08  0.535E-08
  0.370E+08  0.112E-07  0.380E+08  0.218E-07  0.390E+08  0.372E-07
  0.400E+08  0.614E-07  0.410E+08  0.984E-07  0.420E+08  0.149E-06
  0.430E+08  0.215E-06  0.440E+08  0.295E-06  0.450E+08  0.388E-06
  0.460E+08  0.517E-06  0.470E+08  0.629E-06  0.480E+08  0.733E-06
  0.490E+08  0.711E-06  0.500E+08  0.800E-06  0.520E+08  0.876E-06
  0.540E+08  0.925E-06  0.560E+08  0.100E-05  0.580E+08  0.101E-05
  0.600E+08  0.109E-05  0.620E+08  0.100E-05  0.640E+08  0.971E-06
  0.660E+08  0.944E-06  0.680E+08  0.917E-06  0.700E+08  0.865E-06
  0.720E+08  0.829E-06  0.740E+08  0.810E-06  0.760E+08  0.811E-06
  0.780E+08  0.876E-06  0.800E+08  0.868E-06  0.820E+08  0.799E-06
  0.840E+08  0.791E-06  0.860E+08  0.783E-06  0.880E+08  0.770E-06
  0.900E+08  0.799E-06  0.920E+08  0.750E-06  0.940E+08  0.619E-06
  0.960E+08  0.606E-06  0.980E+08  0.645E-06  0.100E+09  0.656E-06
AU201
         223
           0
          45
  0.117E+08  0.000E+00  0.320E+08  0.321E-14  0.330E+08  0.842E-13
  0.340E+08  0.905E-12  0.350E+08  0.663E-11  0.360E+08  0.375E-10
  0.370E+08  0.165E-09  0.380E+08  0.593E-09  0.390E+08  0.160E-08
  0.400E+08  0.432E-08  0.410E+08  0.106E-07  0.420E+08  0.242E-07
  0.430E+08  0.511E-07  0.440E+08  0.100E-06  0.450E+08  0.187E-06
  0.460E+08  0.336E-06  0.470E+08  0.544E-06  0.480E+08  0.850E-06
  0.490E+08  0.114E-05  0.500E+08  0.160E-05  0.520E+08  0.291E-05
  0.540E+08  0.468E-05  0.560E+08  0.701E-05  0.580E+08  0.908E-05
  0.600E+08  0.110E-04  0.620E+08  0.120E-04  0.640E+08  0.129E-04
  0.660E+08  0.148E-04  0.680E+08  0.150E-04  0.700E+08  0.145E-04
  0.720E+08  0.141E-04  0.740E+08  0.139E-04  0.760E+08  0.142E-04
  0.780E+08  0.146E-04  0.800E+08  0.146E-04  0.820E+08  0.140E-04
  0.840E+08  0.140E-04  0.860E+08  0.143E-04  0.880E+08  0.109E-04
  0.900E+08  0.115E-04  0.920E+08  0.105E-04  0.940E+08  0.902E-05
  0.960E+08  0.876E-05  0.980E+08  0.915E-05  0.100E+09  0.887E-05
AU200
         224
           0
          38
  0.189E+08  0.000E+00  0.390E+08  0.208E-16  0.400E+08  0.117E-13
  0.410E+08  0.279E-12  0.420E+08  0.302E-11  0.430E+08  0.220E-10
  0.440E+08  0.122E-09  0.450E+08  0.541E-09  0.460E+08  0.254E-08
  0.470E+08  0.745E-08  0.480E+08  0.194E-07  0.490E+08  0.377E-07
  0.500E+08  0.824E-07  0.520E+08  0.326E-06  0.540E+08  0.997E-06
  0.560E+08  0.259E-05  0.580E+08  0.565E-05  0.600E+08  0.101E-04
  0.620E+08  0.162E-04  0.640E+08  0.235E-04  0.660E+08  0.293E-04
  0.680E+08  0.356E-04  0.700E+08  0.392E-04  0.720E+08  0.423E-04
  0.740E+08  0.443E-04  0.760E+08  0.461E-04  0.780E+08  0.471E-04
  0.800E+08  0.467E-04  0.820E+08  0.447E-04  0.840E+08  0.447E-04
  0.860E+08  0.438E-04  0.880E+08  0.420E-04  0.900E+08  0.439E-04
  0.920E+08  0.427E-04  0.940E+08  0.403E-04  0.960E+08  0.404E-04
  0.980E+08  0.428E-04  0.100E+09  0.421E-04
AU199
         225
           0
          32
  0.252E+08  0.000E+00  0.450E+08  0.105E-21  0.460E+08  0.197E-14
  0.470E+08  0.852E-13  0.480E+08  0.124E-11  0.490E+08  0.430E-11
  0.500E+08  0.268E-10  0.520E+08  0.629E-09  0.540E+08  0.111E-07
  0.560E+08  0.714E-07  0.580E+08  0.331E-06  0.600E+08  0.113E-05
  0.620E+08  0.328E-05  0.640E+08  0.796E-05  0.660E+08  0.168E-04
  0.680E+08  0.309E-04  0.700E+08  0.493E-04  0.720E+08  0.751E-04
  0.740E+08  0.109E-03  0.760E+08  0.142E-03  0.780E+08  0.172E-03
  0.800E+08  0.196E-03  0.820E+08  0.208E-03  0.840E+08  0.222E-03
  0.860E+08  0.228E-03  0.880E+08  0.223E-03  0.900E+08  0.227E-03
  0.920E+08  0.218E-03  0.940E+08  0.208E-03  0.960E+08  0.224E-03
  0.980E+08  0.234E-03  0.100E+09  0.235E-03
AU198
         226
           0
          25
  0.328E+08  0.000E+00  0.540E+08  0.617E-16  0.560E+08  0.133E-12
  0.580E+08  0.115E-10  0.600E+08  0.310E-09  0.620E+08  0.402E-08
  0.640E+08  0.318E-07  0.660E+08  0.180E-06  0.680E+08  0.759E-06
  0.700E+08  0.248E-05  0.720E+08  0.742E-05  0.740E+08  0.182E-04
  0.760E+08  0.382E-04  0.780E+08  0.691E-04  0.800E+08  0.110E-03
  0.820E+08  0.159E-03  0.840E+08  0.207E-03  0.860E+08  0.256E-03
  0.880E+08  0.304E-03  0.900E+08  0.337E-03  0.920E+08  0.356E-03
  0.940E+08  0.361E-03  0.960E+08  0.353E-03  0.980E+08  0.363E-03
  0.100E+09  0.360E-03
AU197
         227
           0
          21
  0.393E+08  0.000E+00  0.620E+08  0.140E-14  0.640E+08  0.495E-12
  0.660E+08  0.264E-10  0.680E+08  0.557E-09  0.700E+08  0.635E-08
  0.720E+08  0.493E-07  0.740E+08  0.295E-06  0.760E+08  0.129E-05
  0.780E+08  0.439E-05  0.800E+08  0.121E-04  0.820E+08  0.284E-04
  0.840E+08  0.647E-04  0.860E+08  0.117E-03  0.880E+08  0.209E-03
  0.900E+08  0.304E-03  0.920E+08  0.411E-03  0.940E+08  0.545E-03
  0.960E+08  0.682E-03  0.980E+08  0.822E-03  0.100E+09  0.926E-03
AU196
         228
           0
          17
  0.475E+08  0.000E+00  0.700E+08  0.993E-17  0.720E+08  0.813E-14
  0.740E+08  0.875E-12  0.760E+08  0.293E-10  0.780E+08  0.277E-09
  0.800E+08  0.310E-08  0.820E+08  0.590E-07  0.840E+08  0.445E-06
  0.860E+08  0.177E-05  0.880E+08  0.663E-05  0.900E+08  0.166E-04
  0.920E+08  0.379E-04  0.940E+08  0.811E-04  0.960E+08  0.153E-03
  0.980E+08  0.238E-03  0.100E+09  0.355E-03
AU195
         229
           0
          14
  0.541E+08  0.000E+00  0.760E+08  0.709E-19  0.780E+08  0.408E-15
  0.800E+08  0.653E-13  0.820E+08  0.832E-11  0.840E+08  0.327E-09
  0.860E+08  0.380E-08  0.880E+08  0.360E-07  0.900E+08  0.180E-06
  0.920E+08  0.813E-06  0.940E+08  0.324E-05  0.960E+08  0.110E-04
  0.980E+08  0.273E-04  0.100E+09  0.606E-04
AU194
         230
           0
          10
  0.626E+08  0.000E+00  0.840E+08  0.973E-20  0.860E+08  0.237E-16
  0.880E+08  0.149E-14  0.900E+08  0.925E-13  0.920E+08  0.251E-11
  0.940E+08  0.551E-10  0.960E+08  0.101E-08  0.980E+08  0.783E-08
  0.100E+09  0.487E-07
AU193
         231
           0
           7
  0.695E+08  0.000E+00  0.900E+08  0.241E-23  0.920E+08  0.114E-18
  0.940E+08  0.881E-16  0.960E+08  0.216E-13  0.980E+08  0.842E-12
  0.100E+09  0.888E-11
AU192
         232
           0
           2
  0.783E+08  0.000E+00  0.100E+09  0.146E-22
PT204
         254
           0
          29
  0.248E+08  0.000E+00  0.480E+08  0.228E-30  0.490E+08  0.949E-27
  0.500E+08  0.478E-26  0.520E+08  0.612E-24  0.540E+08  0.256E-22
  0.560E+08  0.630E-21  0.580E+08  0.749E-20  0.600E+08  0.557E-19
  0.620E+08  0.381E-18  0.640E+08  0.198E-17  0.660E+08  0.899E-17
  0.680E+08  0.242E-16  0.700E+08  0.597E-16  0.720E+08  0.115E-15
  0.740E+08  0.238E-15  0.760E+08  0.390E-15  0.780E+08  0.534E-15
  0.800E+08  0.593E-15  0.820E+08  0.731E-15  0.840E+08  0.869E-15
  0.860E+08  0.113E-14  0.880E+08  0.134E-14  0.900E+08  0.170E-14
  0.920E+08  0.232E-14  0.940E+08  0.406E-14  0.960E+08  0.783E-14
  0.980E+08  0.147E-13  0.100E+09  0.202E-13
PT203
         255
           0
          25
  0.296E+08  0.000E+00  0.540E+08  0.278E-27  0.560E+08  0.122E-24
  0.580E+08  0.177E-22  0.600E+08  0.923E-21  0.620E+08  0.232E-19
  0.640E+08  0.324E-18  0.660E+08  0.312E-17  0.680E+08  0.245E-16
  0.700E+08  0.110E-15  0.720E+08  0.370E-15  0.740E+08  0.135E-14
  0.760E+08  0.340E-14  0.780E+08  0.621E-14  0.800E+08  0.101E-13
  0.820E+08  0.166E-13  0.840E+08  0.242E-13  0.860E+08  0.347E-13
  0.880E+08  0.429E-13  0.900E+08  0.499E-13  0.920E+08  0.525E-13
  0.940E+08  0.549E-13  0.960E+08  0.631E-13  0.980E+08  0.708E-13
  0.100E+09  0.667E-13
PT202
         256
           0
          43
  0.864E+07  0.000E+00  0.340E+08  0.183E-22  0.350E+08  0.110E-20
  0.360E+08  0.160E-19  0.370E+08  0.134E-18  0.380E+08  0.826E-18
  0.390E+08  0.387E-17  0.400E+08  0.160E-16  0.410E+08  0.603E-16
  0.420E+08  0.204E-15  0.430E+08  0.506E-15  0.440E+08  0.147E-14
  0.450E+08  0.384E-14  0.460E+08  0.100E-13  0.470E+08  0.225E-13
  0.480E+08  0.473E-13  0.490E+08  0.104E-12  0.500E+08  0.177E-12
  0.520E+08  0.511E-12  0.540E+08  0.105E-11  0.560E+08  0.230E-11
  0.580E+08  0.398E-11  0.600E+08  0.616E-11  0.620E+08  0.913E-11
  0.640E+08  0.169E-10  0.660E+08  0.306E-10  0.680E+08  0.622E-10
  0.700E+08  0.126E-09  0.720E+08  0.248E-09  0.740E+08  0.378E-09
  0.760E+08  0.686E-09  0.780E+08  0.105E-08  0.800E+08  0.147E-08
  0.820E+08  0.191E-08  0.840E+08  0.184E-08  0.860E+08  0.207E-08
  0.880E+08  0.225E-08  0.900E+08  0.239E-08  0.920E+08  0.248E-08
  0.940E+08  0.257E-08  0.960E+08  0.250E-08  0.980E+08  0.258E-08
  0.100E+09  0.264E-08
PT201
         257
           0
          38
  0.134E+08  0.000E+00  0.390E+08  0.210E-24  0.400E+08  0.566E-22
  0.410E+08  0.148E-20  0.420E+08  0.172E-18  0.430E+08  0.260E-17
  0.440E+08  0.234E-16  0.450E+08  0.142E-15  0.460E+08  0.718E-15
  0.470E+08  0.281E-14  0.480E+08  0.946E-14  0.490E+08  0.242E-13
  0.500E+08  0.575E-13  0.520E+08  0.334E-12  0.540E+08  0.131E-11
  0.560E+08  0.500E-11  0.580E+08  0.142E-10  0.600E+08  0.331E-10
  0.620E+08  0.665E-10  0.640E+08  0.125E-09  0.660E+08  0.194E-09
  0.680E+08  0.268E-09  0.700E+08  0.339E-09  0.720E+08  0.320E-09
  0.740E+08  0.391E-09  0.760E+08  0.662E-09  0.780E+08  0.125E-08
  0.800E+08  0.240E-08  0.820E+08  0.449E-08  0.840E+08  0.787E-08
  0.860E+08  0.122E-07  0.880E+08  0.175E-07  0.900E+08  0.234E-07
  0.920E+08  0.291E-07  0.940E+08  0.341E-07  0.960E+08  0.368E-07
  0.980E+08  0.397E-07  0.100E+09  0.414E-07
PT200
         258
           0
          56
  0.100E-04  0.000E+00  0.210E+08  0.163E-16  0.220E+08  0.242E-15
  0.230E+08  0.159E-14  0.240E+08  0.756E-14  0.250E+08  0.301E-13
  0.260E+08  0.105E-12  0.270E+08  0.261E-12  0.280E+08  0.772E-12
  0.290E+08  0.253E-11  0.300E+08  0.630E-11  0.310E+08  0.166E-10
  0.320E+08  0.365E-10  0.330E+08  0.753E-10  0.340E+08  0.147E-09
  0.350E+08  0.269E-09  0.360E+08  0.465E-09  0.370E+08  0.757E-09
  0.380E+08  0.117E-08  0.390E+08  0.159E-08  0.400E+08  0.222E-08
  0.410E+08  0.297E-08  0.420E+08  0.380E-08  0.430E+08  0.470E-08
  0.440E+08  0.557E-08  0.450E+08  0.640E-08  0.460E+08  0.716E-08
  0.470E+08  0.783E-08  0.480E+08  0.556E-08  0.490E+08  0.659E-08
  0.500E+08  0.685E-08  0.520E+08  0.723E-08  0.540E+08  0.752E-08
  0.560E+08  0.780E-08  0.580E+08  0.718E-08  0.600E+08  0.763E-08
  0.620E+08  0.892E-08  0.640E+08  0.113E-07  0.660E+08  0.125E-07
  0.680E+08  0.143E-07  0.700E+08  0.166E-07  0.720E+08  0.201E-07
  0.740E+08  0.235E-07  0.760E+08  0.267E-07  0.780E+08  0.292E-07
  0.800E+08  0.288E-07  0.820E+08  0.287E-07  0.840E+08  0.316E-07
  0.860E+08  0.318E-07  0.880E+08  0.336E-07  0.900E+08  0.390E-07
  0.920E+08  0.492E-07  0.940E+08  0.674E-07  0.960E+08  0.926E-07
  0.980E+08  0.132E-06  0.100E+09  0.185E-06
PT199
         259
           0
          46
  0.100E-04  0.000E+00  0.310E+08  0.898E-12  0.320E+08  0.301E-11
  0.330E+08  0.964E-11  0.340E+08  0.276E-10  0.350E+08  0.732E-10
  0.360E+08  0.180E-09  0.370E+08  0.409E-09  0.380E+08  0.870E-09
  0.390E+08  0.152E-08  0.400E+08  0.280E-08  0.410E+08  0.496E-08
  0.420E+08  0.829E-08  0.430E+08  0.132E-07  0.440E+08  0.196E-07
  0.450E+08  0.278E-07  0.460E+08  0.374E-07  0.470E+08  0.479E-07
  0.480E+08  0.509E-07  0.490E+08  0.795E-07  0.500E+08  0.927E-07
  0.520E+08  0.899E-07  0.540E+08  0.955E-07  0.560E+08  0.943E-07
  0.580E+08  0.787E-07  0.600E+08  0.717E-07  0.620E+08  0.696E-07
  0.640E+08  0.614E-07  0.660E+08  0.536E-07  0.680E+08  0.468E-07
  0.700E+08  0.422E-07  0.720E+08  0.365E-07  0.740E+08  0.342E-07
  0.760E+08  0.340E-07  0.780E+08  0.362E-07  0.800E+08  0.381E-07
  0.820E+08  0.434E-07  0.840E+08  0.509E-07  0.860E+08  0.563E-07
  0.880E+08  0.606E-07  0.900E+08  0.651E-07  0.920E+08  0.645E-07
  0.940E+08  0.634E-07  0.960E+08  0.608E-07  0.980E+08  0.628E-07
  0.100E+09  0.669E-07
PT198
         260
           0
          43
  0.549E+07  0.000E+00  0.340E+08  0.113E-13  0.350E+08  0.232E-12
  0.360E+08  0.160E-11  0.370E+08  0.726E-11  0.380E+08  0.252E-10
  0.390E+08  0.644E-10  0.400E+08  0.178E-09  0.410E+08  0.474E-09
  0.420E+08  0.118E-08  0.430E+08  0.277E-08  0.440E+08  0.589E-08
  0.450E+08  0.117E-07  0.460E+08  0.220E-07  0.470E+08  0.389E-07
  0.480E+08  0.620E-07  0.490E+08  0.776E-07  0.500E+08  0.123E-06
  0.520E+08  0.290E-06  0.540E+08  0.532E-06  0.560E+08  0.856E-06
  0.580E+08  0.115E-05  0.600E+08  0.149E-05  0.620E+08  0.188E-05
  0.640E+08  0.213E-05  0.660E+08  0.216E-05  0.680E+08  0.213E-05
  0.700E+08  0.202E-05  0.720E+08  0.183E-05  0.740E+08  0.166E-05
  0.760E+08  0.149E-05  0.780E+08  0.133E-05  0.800E+08  0.121E-05
  0.820E+08  0.108E-05  0.840E+08  0.104E-05  0.860E+08  0.957E-06
  0.880E+08  0.914E-06  0.900E+08  0.992E-06  0.920E+08  0.970E-06
  0.940E+08  0.976E-06  0.960E+08  0.972E-06  0.980E+08  0.994E-06
  0.100E+09  0.105E-05
PT197
         261
           0
          35
  0.131E+08  0.000E+00  0.420E+08  0.163E-14  0.430E+08  0.583E-13
  0.440E+08  0.610E-12  0.450E+08  0.371E-11  0.460E+08  0.167E-10
  0.470E+08  0.617E-10  0.480E+08  0.187E-09  0.490E+08  0.467E-09
  0.500E+08  0.126E-08  0.520E+08  0.101E-07  0.540E+08  0.423E-07
  0.560E+08  0.146E-06  0.580E+08  0.357E-06  0.600E+08  0.810E-06
  0.620E+08  0.161E-05  0.640E+08  0.263E-05  0.660E+08  0.364E-05
  0.680E+08  0.456E-05  0.700E+08  0.582E-05  0.720E+08  0.630E-05
  0.740E+08  0.630E-05  0.760E+08  0.602E-05  0.780E+08  0.653E-05
  0.800E+08  0.554E-05  0.820E+08  0.496E-05  0.840E+08  0.456E-05
  0.860E+08  0.396E-05  0.880E+08  0.345E-05  0.900E+08  0.347E-05
  0.920E+08  0.302E-05  0.940E+08  0.270E-05  0.960E+08  0.245E-05
  0.980E+08  0.229E-05  0.100E+09  0.206E-05
PT196
         262
           0
          30
  0.190E+08  0.000E+00  0.470E+08  0.335E-17  0.480E+08  0.315E-14
  0.490E+08  0.102E-12  0.500E+08  0.951E-12  0.520E+08  0.425E-10
  0.540E+08  0.379E-09  0.560E+08  0.306E-08  0.580E+08  0.173E-07
  0.600E+08  0.775E-07  0.620E+08  0.286E-06  0.640E+08  0.799E-06
  0.660E+08  0.189E-05  0.680E+08  0.389E-05  0.700E+08  0.640E-05
  0.720E+08  0.122E-04  0.740E+08  0.181E-04  0.760E+08  0.242E-04
  0.780E+08  0.303E-04  0.800E+08  0.345E-04  0.820E+08  0.385E-04
  0.840E+08  0.421E-04  0.860E+08  0.452E-04  0.880E+08  0.450E-04
  0.900E+08  0.454E-04  0.920E+08  0.423E-04  0.940E+08  0.393E-04
  0.960E+08  0.358E-04  0.980E+08  0.323E-04  0.100E+09  0.281E-04
PT195
         263
           0
          24
  0.269E+08  0.000E+00  0.560E+08  0.627E-17  0.580E+08  0.745E-13
  0.600E+08  0.302E-11  0.620E+08  0.522E-10  0.640E+08  0.450E-09
  0.660E+08  0.298E-08  0.680E+08  0.178E-07  0.700E+08  0.852E-07
  0.720E+08  0.473E-06  0.740E+08  0.151E-05  0.760E+08  0.370E-05
  0.780E+08  0.671E-05  0.800E+08  0.121E-04  0.820E+08  0.198E-04
  0.840E+08  0.296E-04  0.860E+08  0.366E-04  0.880E+08  0.454E-04
  0.900E+08  0.521E-04  0.920E+08  0.559E-04  0.940E+08  0.584E-04
  0.960E+08  0.581E-04  0.980E+08  0.561E-04  0.100E+09  0.517E-04
PT194
         264
           0
          21
  0.331E+08  0.000E+00  0.620E+08  0.372E-17  0.640E+08  0.113E-14
  0.660E+08  0.166E-12  0.680E+08  0.535E-11  0.700E+08  0.817E-10
  0.720E+08  0.138E-08  0.740E+08  0.238E-07  0.760E+08  0.121E-06
  0.780E+08  0.374E-06  0.800E+08  0.123E-05  0.820E+08  0.344E-05
  0.840E+08  0.809E-05  0.860E+08  0.166E-04  0.880E+08  0.305E-04
  0.900E+08  0.473E-04  0.920E+08  0.707E-04  0.940E+08  0.101E-03
  0.960E+08  0.133E-03  0.980E+08  0.167E-03  0.100E+09  0.197E-03
PT193
         265
           0
          16
  0.415E+08  0.000E+00  0.720E+08  0.186E-16  0.740E+08  0.174E-13
  0.760E+08  0.645E-12  0.780E+08  0.972E-11  0.800E+08  0.117E-09
  0.820E+08  0.969E-09  0.840E+08  0.670E-08  0.860E+08  0.355E-07
  0.880E+08  0.158E-06  0.900E+08  0.395E-06  0.920E+08  0.124E-05
  0.940E+08  0.337E-05  0.960E+08  0.779E-05  0.980E+08  0.158E-04
  0.100E+09  0.284E-04
PT192
         266
           0
          13
  0.477E+08  0.000E+00  0.780E+08  0.295E-17  0.800E+08  0.659E-14
  0.820E+08  0.247E-12  0.840E+08  0.594E-11  0.860E+08  0.760E-10
  0.880E+08  0.751E-09  0.900E+08  0.470E-08  0.920E+08  0.278E-07
  0.940E+08  0.132E-06  0.960E+08  0.508E-06  0.980E+08  0.164E-05
  0.100E+09  0.452E-05
PT191
         267
           0
           9
  0.565E+08  0.000E+00  0.860E+08  0.121E-21  0.880E+08  0.334E-18
  0.900E+08  0.532E-16  0.920E+08  0.365E-14  0.940E+08  0.107E-12
  0.960E+08  0.184E-11  0.980E+08  0.220E-10  0.100E+09  0.195E-09
PT190
         268
           0
           5
  0.629E+08  0.000E+00  0.940E+08  0.392E-20  0.960E+08  0.281E-16
  0.980E+08  0.217E-14  0.100E+09  0.773E-13
IR203
         275
           0
          19
  0.346E+08  0.000E+00  0.660E+08  0.570E-32  0.680E+08  0.363E-29
  0.700E+08  0.185E-27  0.720E+08  0.465E-26  0.740E+08  0.170E-24
  0.760E+08  0.196E-23  0.780E+08  0.989E-23  0.800E+08  0.606E-22
  0.820E+08  0.270E-21  0.840E+08  0.117E-20  0.860E+08  0.451E-20
  0.880E+08  0.134E-19  0.900E+08  0.339E-19  0.920E+08  0.699E-19
  0.940E+08  0.149E-18  0.960E+08  0.270E-18  0.980E+08  0.441E-18
  0.100E+09  0.718E-18
IR202
         276
           0
          17
  0.392E+08  0.000E+00  0.700E+08  0.211E-32  0.720E+08  0.113E-29
  0.740E+08  0.542E-27  0.760E+08  0.296E-25  0.780E+08  0.411E-24
  0.800E+08  0.615E-23  0.820E+08  0.662E-22  0.840E+08  0.554E-21
  0.860E+08  0.372E-20  0.880E+08  0.181E-19  0.900E+08  0.733E-19
  0.920E+08  0.234E-18  0.940E+08  0.712E-18  0.960E+08  0.188E-17
  0.980E+08  0.423E-17  0.100E+09  0.673E-17
IR201
         277
           0
          27
  0.180E+08  0.000E+00  0.500E+08  0.225E-27  0.520E+08  0.963E-25
  0.540E+08  0.557E-23  0.560E+08  0.164E-21  0.580E+08  0.260E-20
  0.600E+08  0.213E-19  0.620E+08  0.177E-18  0.640E+08  0.137E-17
  0.660E+08  0.614E-17  0.680E+08  0.263E-16  0.700E+08  0.925E-16
  0.720E+08  0.270E-15  0.740E+08  0.731E-15  0.760E+08  0.152E-14
  0.780E+08  0.273E-14  0.800E+08  0.444E-14  0.820E+08  0.619E-14
  0.840E+08  0.906E-14  0.860E+08  0.989E-14  0.880E+08  0.120E-13
  0.900E+08  0.143E-13  0.920E+08  0.166E-13  0.940E+08  0.204E-13
  0.960E+08  0.254E-13  0.980E+08  0.356E-13  0.100E+09  0.493E-13
IR200
         278
           0
          25
  0.228E+08  0.000E+00  0.540E+08  0.588E-29  0.560E+08  0.167E-25
  0.580E+08  0.681E-23  0.600E+08  0.144E-21  0.620E+08  0.548E-20
  0.640E+08  0.785E-19  0.660E+08  0.915E-18  0.680E+08  0.805E-17
  0.700E+08  0.523E-16  0.720E+08  0.274E-15  0.740E+08  0.137E-14
  0.760E+08  0.445E-14  0.780E+08  0.118E-13  0.800E+08  0.261E-13
  0.820E+08  0.503E-13  0.840E+08  0.117E-12  0.860E+08  0.164E-12
  0.880E+08  0.229E-12  0.900E+08  0.295E-12  0.920E+08  0.343E-12
  0.940E+08  0.391E-12  0.960E+08  0.417E-12  0.980E+08  0.463E-12
  0.100E+09  0.614E-12
IR199
         279
           0
          42
  0.156E+07  0.000E+00  0.350E+08  0.193E-23  0.360E+08  0.238E-21
  0.370E+08  0.365E-20  0.380E+08  0.300E-19  0.390E+08  0.145E-18
  0.400E+08  0.697E-18  0.410E+08  0.296E-17  0.420E+08  0.111E-16
  0.430E+08  0.385E-16  0.440E+08  0.119E-15  0.450E+08  0.343E-15
  0.460E+08  0.969E-15  0.470E+08  0.242E-14  0.480E+08  0.576E-14
  0.490E+08  0.113E-13  0.500E+08  0.223E-13  0.520E+08  0.813E-13
  0.540E+08  0.246E-12  0.560E+08  0.640E-12  0.580E+08  0.131E-11
  0.600E+08  0.225E-11  0.620E+08  0.350E-11  0.640E+08  0.465E-11
  0.660E+08  0.601E-11  0.680E+08  0.734E-11  0.700E+08  0.866E-11
  0.720E+08  0.101E-10  0.740E+08  0.137E-10  0.760E+08  0.163E-10
  0.780E+08  0.206E-10  0.800E+08  0.250E-10  0.820E+08  0.300E-10
  0.840E+08  0.417E-10  0.860E+08  0.524E-10  0.880E+08  0.664E-10
  0.900E+08  0.842E-10  0.920E+08  0.105E-09  0.940E+08  0.141E-09
  0.960E+08  0.168E-09  0.980E+08  0.200E-09  0.100E+09  0.221E-09
IR198
         280
           0
          37
  0.654E+07  0.000E+00  0.400E+08  0.505E-25  0.410E+08  0.154E-22
  0.420E+08  0.358E-21  0.430E+08  0.172E-19  0.440E+08  0.380E-18
  0.450E+08  0.374E-17  0.460E+08  0.254E-16  0.470E+08  0.126E-15
  0.480E+08  0.529E-15  0.490E+08  0.211E-14  0.500E+08  0.599E-14
  0.520E+08  0.416E-13  0.540E+08  0.227E-12  0.560E+08  0.101E-11
  0.580E+08  0.347E-11  0.600E+08  0.879E-11  0.620E+08  0.214E-10
  0.640E+08  0.433E-10  0.660E+08  0.778E-10  0.680E+08  0.122E-09
  0.700E+08  0.171E-09  0.720E+08  0.265E-09  0.740E+08  0.315E-09
  0.760E+08  0.343E-09  0.780E+08  0.372E-09  0.800E+08  0.369E-09
  0.820E+08  0.348E-09  0.840E+08  0.414E-09  0.860E+08  0.402E-09
  0.880E+08  0.391E-09  0.900E+08  0.383E-09  0.920E+08  0.373E-09
  0.940E+08  0.395E-09  0.960E+08  0.412E-09  0.980E+08  0.461E-09
  0.100E+09  0.509E-09
IR197
         281
           0
          31
  0.122E+08  0.000E+00  0.460E+08  0.348E-22  0.470E+08  0.439E-20
  0.480E+08  0.844E-19  0.490E+08  0.165E-17  0.500E+08  0.123E-16
  0.520E+08  0.407E-15  0.540E+08  0.647E-14  0.560E+08  0.671E-13
  0.580E+08  0.480E-12  0.600E+08  0.207E-11  0.620E+08  0.907E-11
  0.640E+08  0.326E-10  0.660E+08  0.100E-09  0.680E+08  0.266E-09
  0.700E+08  0.614E-09  0.720E+08  0.130E-08  0.740E+08  0.263E-08
  0.760E+08  0.444E-08  0.780E+08  0.703E-08  0.800E+08  0.962E-08
  0.820E+08  0.119E-07  0.840E+08  0.153E-07  0.860E+08  0.176E-07
  0.880E+08  0.192E-07  0.900E+08  0.203E-07  0.920E+08  0.200E-07
  0.940E+08  0.200E-07  0.960E+08  0.211E-07  0.980E+08  0.216E-07
  0.100E+09  0.215E-07
IR196
         282
           0
          25
  0.192E+08  0.000E+00  0.540E+08  0.246E-20  0.560E+08  0.370E-18
  0.580E+08  0.364E-16  0.600E+08  0.105E-14  0.620E+08  0.167E-13
  0.640E+08  0.173E-12  0.660E+08  0.131E-11  0.680E+08  0.769E-11
  0.700E+08  0.322E-10  0.720E+08  0.127E-09  0.740E+08  0.501E-09
  0.760E+08  0.141E-08  0.780E+08  0.361E-08  0.800E+08  0.752E-08
  0.820E+08  0.135E-07  0.840E+08  0.220E-07  0.860E+08  0.329E-07
  0.880E+08  0.448E-07  0.900E+08  0.629E-07  0.920E+08  0.718E-07
  0.940E+08  0.810E-07  0.960E+08  0.987E-07  0.980E+08  0.107E-06
  0.100E+09  0.110E-06
IR195
         283
           0
          22
  0.250E+08  0.000E+00  0.600E+08  0.256E-20  0.620E+08  0.144E-17
  0.640E+08  0.106E-15  0.660E+08  0.306E-14  0.680E+08  0.468E-13
  0.700E+08  0.335E-12  0.720E+08  0.281E-11  0.740E+08  0.200E-10
  0.760E+08  0.105E-09  0.780E+08  0.454E-09  0.800E+08  0.154E-08
  0.820E+08  0.445E-08  0.840E+08  0.107E-07  0.860E+08  0.239E-07
  0.880E+08  0.483E-07  0.900E+08  0.764E-07  0.920E+08  0.121E-06
  0.940E+08  0.192E-06  0.960E+08  0.267E-06  0.980E+08  0.364E-06
  0.100E+09  0.463E-06
IR194
         284
           0
          18
  0.323E+08  0.000E+00  0.680E+08  0.246E-21  0.700E+08  0.135E-18
  0.720E+08  0.218E-16  0.740E+08  0.953E-15  0.760E+08  0.206E-13
  0.780E+08  0.279E-12  0.800E+08  0.533E-11  0.820E+08  0.348E-10
  0.840E+08  0.163E-09  0.860E+08  0.712E-09  0.880E+08  0.283E-08
  0.900E+08  0.765E-08  0.920E+08  0.199E-07  0.940E+08  0.515E-07
  0.960E+08  0.958E-07  0.980E+08  0.185E-06  0.100E+09  0.323E-06
IR193
         285
           0
          15
  0.384E+08  0.000E+00  0.740E+08  0.319E-21  0.760E+08  0.211E-18
  0.780E+08  0.221E-16  0.800E+08  0.199E-14  0.820E+08  0.181E-13
  0.840E+08  0.236E-12  0.860E+08  0.240E-11  0.880E+08  0.225E-10
  0.900E+08  0.105E-09  0.920E+08  0.508E-09  0.940E+08  0.242E-08
  0.960E+08  0.712E-08  0.980E+08  0.214E-07  0.100E+09  0.562E-07
IR192
         286
           0
          12
  0.462E+08  0.000E+00  0.800E+08  0.165E-30  0.820E+08  0.144E-23
  0.840E+08  0.416E-20  0.860E+08  0.774E-18  0.880E+08  0.620E-16
  0.900E+08  0.147E-14  0.920E+08  0.269E-13  0.940E+08  0.416E-12
  0.960E+08  0.382E-11  0.980E+08  0.268E-10  0.100E+09  0.140E-09
IR191
         287
           0
           9
  0.524E+08  0.000E+00  0.860E+08  0.151E-30  0.880E+08  0.251E-23
  0.900E+08  0.293E-20  0.920E+08  0.532E-18  0.940E+08  0.425E-16
  0.960E+08  0.161E-14  0.980E+08  0.282E-13  0.100E+09  0.360E-12
IR190
         288
           0
           4
  0.605E+08  0.000E+00  0.960E+08  0.865E-26  0.980E+08  0.302E-22
  0.100E+09  0.988E-20
OS202
         467
           0
          12
  0.434E+08  0.000E+00  0.800E+08  0.612E-40  0.820E+08  0.412E-37
  0.840E+08  0.571E-35  0.860E+08  0.356E-33  0.880E+08  0.117E-31
  0.900E+08  0.251E-30  0.920E+08  0.362E-29  0.940E+08  0.443E-28
  0.960E+08  0.405E-27  0.980E+08  0.237E-26  0.100E+09  0.130E-25
OS201
         468
           0
          10
  0.477E+08  0.000E+00  0.840E+08  0.524E-40  0.860E+08  0.988E-37
  0.880E+08  0.549E-34  0.900E+08  0.477E-32  0.920E+08  0.199E-30
  0.940E+08  0.542E-29  0.960E+08  0.999E-28  0.980E+08  0.115E-26
  0.100E+09  0.101E-25
OS200
         469
           0
          20
  0.263E+08  0.000E+00  0.640E+08  0.768E-36  0.660E+08  0.228E-32
  0.680E+08  0.482E-30  0.700E+08  0.260E-28  0.720E+08  0.779E-27
  0.740E+08  0.224E-25  0.760E+08  0.309E-24  0.780E+08  0.247E-23
  0.800E+08  0.212E-22  0.820E+08  0.130E-21  0.840E+08  0.911E-21
  0.860E+08  0.346E-20  0.880E+08  0.117E-19  0.900E+08  0.335E-19
  0.920E+08  0.799E-19  0.940E+08  0.175E-18  0.960E+08  0.294E-18
  0.980E+08  0.540E-18  0.100E+09  0.843E-18
OS199
         470
           0
          18
  0.309E+08  0.000E+00  0.680E+08  0.228E-36  0.700E+08  0.187E-32
  0.720E+08  0.139E-29  0.740E+08  0.298E-27  0.760E+08  0.143E-25
  0.780E+08  0.263E-24  0.800E+08  0.452E-23  0.820E+08  0.526E-22
  0.840E+08  0.663E-21  0.860E+08  0.413E-20  0.880E+08  0.217E-19
  0.900E+08  0.938E-19  0.920E+08  0.330E-18  0.940E+08  0.115E-17
  0.960E+08  0.267E-17  0.980E+08  0.666E-17  0.100E+09  0.136E-16
OS198
         471
           0
          28
  0.969E+07  0.000E+00  0.490E+08  0.637E-29  0.500E+08  0.165E-27
  0.520E+08  0.258E-25  0.540E+08  0.109E-23  0.560E+08  0.266E-22
  0.580E+08  0.406E-21  0.600E+08  0.298E-20  0.620E+08  0.263E-19
  0.640E+08  0.200E-18  0.660E+08  0.952E-18  0.680E+08  0.456E-17
  0.700E+08  0.182E-16  0.720E+08  0.660E-16  0.740E+08  0.155E-15
  0.760E+08  0.344E-15  0.780E+08  0.693E-15  0.800E+08  0.118E-14
  0.820E+08  0.197E-14  0.840E+08  0.315E-14  0.860E+08  0.378E-14
  0.880E+08  0.515E-14  0.900E+08  0.690E-14  0.920E+08  0.906E-14
  0.940E+08  0.128E-13  0.960E+08  0.170E-13  0.980E+08  0.243E-13
  0.100E+09  0.338E-13
OS197
         472
           0
          25
  0.142E+08  0.000E+00  0.540E+08  0.295E-29  0.560E+08  0.277E-26
  0.580E+08  0.115E-23  0.600E+08  0.412E-22  0.620E+08  0.118E-20
  0.640E+08  0.223E-19  0.660E+08  0.233E-18  0.680E+08  0.203E-17
  0.700E+08  0.137E-16  0.720E+08  0.829E-16  0.740E+08  0.548E-15
  0.760E+08  0.190E-14  0.780E+08  0.580E-14  0.800E+08  0.145E-13
  0.820E+08  0.302E-13  0.840E+08  0.620E-13  0.860E+08  0.938E-13
  0.880E+08  0.144E-12  0.900E+08  0.206E-12  0.920E+08  0.261E-12
  0.940E+08  0.333E-12  0.960E+08  0.375E-12  0.980E+08  0.430E-12
  0.100E+09  0.460E-12
OS196
         473
           0
          42
  0.100E-04  0.000E+00  0.350E+08  0.161E-24  0.360E+08  0.632E-23
  0.370E+08  0.481E-22  0.380E+08  0.369E-21  0.390E+08  0.151E-20
  0.400E+08  0.699E-20  0.410E+08  0.299E-19  0.420E+08  0.115E-18
  0.430E+08  0.422E-18  0.440E+08  0.137E-17  0.450E+08  0.415E-17
  0.460E+08  0.118E-16  0.470E+08  0.316E-16  0.480E+08  0.860E-16
  0.490E+08  0.155E-15  0.500E+08  0.356E-15  0.520E+08  0.160E-14
  0.540E+08  0.615E-14  0.560E+08  0.195E-13  0.580E+08  0.510E-13
  0.600E+08  0.119E-12  0.620E+08  0.257E-12  0.640E+08  0.505E-12
  0.660E+08  0.802E-12  0.680E+08  0.999E-12  0.700E+08  0.136E-11
  0.720E+08  0.189E-11  0.740E+08  0.239E-11  0.760E+08  0.298E-11
  0.780E+08  0.372E-11  0.800E+08  0.505E-11  0.820E+08  0.639E-11
  0.840E+08  0.930E-11  0.860E+08  0.120E-10  0.880E+08  0.157E-10
  0.900E+08  0.192E-10  0.920E+08  0.256E-10  0.940E+08  0.342E-10
  0.960E+08  0.442E-10  0.980E+08  0.387E-10  0.100E+09  0.489E-10
OS195
         474
           0
          35
  0.510E+05  0.000E+00  0.420E+08  0.716E-25  0.430E+08  0.322E-21
  0.440E+08  0.757E-20  0.450E+08  0.700E-19  0.460E+08  0.425E-18
  0.470E+08  0.201E-17  0.480E+08  0.866E-17  0.490E+08  0.224E-16
  0.500E+08  0.733E-16  0.520E+08  0.612E-15  0.540E+08  0.411E-14
  0.560E+08  0.216E-13  0.580E+08  0.832E-13  0.600E+08  0.301E-12
  0.620E+08  0.988E-12  0.640E+08  0.281E-11  0.660E+08  0.623E-11
  0.680E+08  0.105E-10  0.700E+08  0.177E-10  0.720E+08  0.289E-10
  0.740E+08  0.372E-10  0.760E+08  0.440E-10  0.780E+08  0.485E-10
  0.800E+08  0.468E-10  0.820E+08  0.607E-10  0.840E+08  0.681E-10
  0.860E+08  0.657E-10  0.880E+08  0.377E-10  0.900E+08  0.325E-10
  0.920E+08  0.322E-10  0.940E+08  0.335E-10  0.960E+08  0.384E-10
  0.980E+08  0.465E-10  0.100E+09  0.622E-10
OS194
         475
           0
          30
  0.541E+07  0.000E+00  0.470E+08  0.510E-28  0.480E+08  0.291E-21
  0.490E+08  0.265E-20  0.500E+08  0.531E-19  0.520E+08  0.359E-17
  0.540E+08  0.636E-16  0.560E+08  0.773E-15  0.580E+08  0.642E-14
  0.600E+08  0.439E-13  0.620E+08  0.250E-12  0.640E+08  0.119E-11
  0.660E+08  0.449E-11  0.680E+08  0.131E-10  0.700E+08  0.369E-10
  0.720E+08  0.113E-09  0.740E+08  0.234E-09  0.760E+08  0.440E-09
  0.780E+08  0.741E-09  0.800E+08  0.106E-08  0.820E+08  0.146E-08
  0.840E+08  0.208E-08  0.860E+08  0.260E-08  0.880E+08  0.257E-08
  0.900E+08  0.258E-08  0.920E+08  0.264E-08  0.940E+08  0.256E-08
  0.960E+08  0.249E-08  0.980E+08  0.214E-08  0.100E+09  0.194E-08
OS193
         476
           0
          24
  0.125E+08  0.000E+00  0.560E+08  0.141E-21  0.580E+08  0.988E-19
  0.600E+08  0.535E-17  0.620E+08  0.120E-15  0.640E+08  0.135E-14
  0.660E+08  0.121E-13  0.680E+08  0.926E-13  0.700E+08  0.122E-11
  0.720E+08  0.854E-11  0.740E+08  0.331E-10  0.760E+08  0.111E-09
  0.780E+08  0.315E-09  0.800E+08  0.733E-09  0.820E+08  0.155E-08
  0.840E+08  0.312E-08  0.860E+08  0.496E-08  0.880E+08  0.710E-08
  0.900E+08  0.918E-08  0.920E+08  0.112E-07  0.940E+08  0.123E-07
  0.960E+08  0.133E-07  0.980E+08  0.128E-07  0.100E+09  0.121E-07
OS192
         477
           0
          21
  0.182E+08  0.000E+00  0.620E+08  0.358E-20  0.640E+08  0.165E-18
  0.660E+08  0.894E-17  0.680E+08  0.195E-15  0.700E+08  0.534E-14
  0.720E+08  0.858E-13  0.740E+08  0.683E-12  0.760E+08  0.421E-11
  0.780E+08  0.210E-10  0.800E+08  0.863E-10  0.820E+08  0.304E-09
  0.840E+08  0.969E-09  0.860E+08  0.251E-08  0.880E+08  0.624E-08
  0.900E+08  0.120E-07  0.920E+08  0.217E-07  0.940E+08  0.348E-07
  0.960E+08  0.535E-07  0.980E+08  0.723E-07  0.100E+09  0.923E-07
OS191
         478
           0
          17
  0.258E+08  0.000E+00  0.700E+08  0.191E-21  0.720E+08  0.137E-18
  0.740E+08  0.995E-17  0.760E+08  0.199E-15  0.780E+08  0.268E-14
  0.800E+08  0.316E-13  0.820E+08  0.277E-12  0.840E+08  0.201E-11
  0.860E+08  0.110E-10  0.880E+08  0.619E-10  0.900E+08  0.237E-09
  0.920E+08  0.817E-09  0.940E+08  0.238E-08  0.960E+08  0.615E-08
  0.980E+08  0.187E-07  0.100E+09  0.356E-07
OS190
         479
           0
          15
  0.315E+08  0.000E+00  0.740E+08  0.340E-26  0.760E+08  0.324E-21
  0.780E+08  0.717E-19  0.800E+08  0.532E-17  0.820E+08  0.151E-15
  0.840E+08  0.282E-14  0.860E+08  0.636E-13  0.880E+08  0.642E-12
  0.900E+08  0.408E-11  0.920E+08  0.239E-10  0.940E+08  0.116E-09
  0.960E+08  0.479E-09  0.980E+08  0.235E-08  0.100E+09  0.687E-08
OS189
         480
           0
          11
  0.394E+08  0.000E+00  0.820E+08  0.997E-26  0.840E+08  0.234E-22
  0.860E+08  0.306E-20  0.880E+08  0.305E-18  0.900E+08  0.938E-17
  0.920E+08  0.222E-15  0.940E+08  0.342E-14  0.960E+08  0.387E-13
  0.980E+08  0.545E-12  0.100E+09  0.385E-11
OS188
         481
           0
           8
  0.453E+08  0.000E+00  0.880E+08  0.844E-26  0.900E+08  0.392E-22
  0.920E+08  0.131E-19  0.940E+08  0.957E-18  0.960E+08  0.315E-16
  0.980E+08  0.931E-15  0.100E+09  0.129E-13
RE201
         573
           0
           3
  0.542E+08  0.000E+00  0.980E+08  0.280E-43  0.100E+09  0.547E-41
RE199
         575
           0
          12
  0.367E+08  0.000E+00  0.800E+08  0.627E-41  0.820E+08  0.107E-37
  0.840E+08  0.447E-35  0.860E+08  0.258E-33  0.880E+08  0.889E-32
  0.900E+08  0.203E-30  0.920E+08  0.326E-29  0.940E+08  0.421E-28
  0.960E+08  0.429E-27  0.980E+08  0.297E-26  0.100E+09  0.193E-25
RE198
         576
           0
          10
  0.410E+08  0.000E+00  0.840E+08  0.809E-40  0.860E+08  0.911E-37
  0.880E+08  0.175E-34  0.900E+08  0.148E-32  0.920E+08  0.713E-31
  0.940E+08  0.180E-29  0.960E+08  0.395E-28  0.980E+08  0.572E-27
  0.100E+09  0.620E-26
RE197
         577
           0
          19
  0.196E+08  0.000E+00  0.660E+08  0.567E-34  0.680E+08  0.234E-31
  0.700E+08  0.198E-29  0.720E+08  0.889E-28  0.740E+08  0.621E-26
  0.760E+08  0.903E-25  0.780E+08  0.101E-23  0.800E+08  0.735E-23
  0.820E+08  0.561E-22  0.840E+08  0.396E-21  0.860E+08  0.178E-20
  0.880E+08  0.740E-20  0.900E+08  0.262E-19  0.920E+08  0.785E-19
  0.940E+08  0.214E-18  0.960E+08  0.490E-18  0.980E+08  0.106E-17
  0.100E+09  0.198E-17
RE196
         578
           0
          17
  0.241E+08  0.000E+00  0.700E+08  0.194E-34  0.720E+08  0.342E-31
  0.740E+08  0.189E-28  0.760E+08  0.129E-26  0.780E+08  0.435E-25
  0.800E+08  0.787E-24  0.820E+08  0.117E-22  0.840E+08  0.145E-21
  0.860E+08  0.110E-20  0.880E+08  0.723E-20  0.900E+08  0.396E-19
  0.920E+08  0.171E-18  0.940E+08  0.683E-18  0.960E+08  0.224E-17
  0.980E+08  0.678E-17  0.100E+09  0.172E-16
RE195
         579
           0
          27
  0.260E+07  0.000E+00  0.500E+08  0.338E-30  0.520E+08  0.458E-27
  0.540E+08  0.355E-25  0.560E+08  0.893E-24  0.580E+08  0.164E-22
  0.600E+08  0.137E-21  0.620E+08  0.137E-20  0.640E+08  0.110E-19
  0.660E+08  0.709E-19  0.680E+08  0.372E-18  0.700E+08  0.167E-17
  0.720E+08  0.750E-17  0.740E+08  0.360E-16  0.760E+08  0.122E-15
  0.780E+08  0.263E-15  0.800E+08  0.573E-15  0.820E+08  0.107E-14
  0.840E+08  0.187E-14  0.860E+08  0.299E-14  0.880E+08  0.443E-14
  0.900E+08  0.607E-14  0.920E+08  0.812E-14  0.940E+08  0.130E-13
  0.960E+08  0.171E-13  0.980E+08  0.204E-13  0.100E+09  0.273E-13
RE194
         580
           0
          24
  0.734E+07  0.000E+00  0.560E+08  0.208E-28  0.580E+08  0.481E-25
  0.600E+08  0.220E-23  0.620E+08  0.794E-22  0.640E+08  0.153E-20
  0.660E+08  0.195E-19  0.680E+08  0.181E-18  0.700E+08  0.132E-17
  0.720E+08  0.964E-17  0.740E+08  0.572E-16  0.760E+08  0.225E-15
  0.780E+08  0.745E-15  0.800E+08  0.233E-14  0.820E+08  0.612E-14
  0.840E+08  0.135E-13  0.860E+08  0.286E-13  0.880E+08  0.534E-13
  0.900E+08  0.871E-13  0.920E+08  0.129E-12  0.940E+08  0.185E-12
  0.960E+08  0.234E-12  0.980E+08  0.248E-12  0.100E+09  0.278E-12
RE193
         581
           0
          21
  0.125E+08  0.000E+00  0.620E+08  0.166E-25  0.640E+08  0.206E-23
  0.660E+08  0.101E-21  0.680E+08  0.256E-20  0.700E+08  0.351E-19
  0.720E+08  0.527E-18  0.740E+08  0.681E-17  0.760E+08  0.383E-16
  0.780E+08  0.219E-15  0.800E+08  0.109E-14  0.820E+08  0.453E-14
  0.840E+08  0.142E-13  0.860E+08  0.468E-13  0.880E+08  0.137E-12
  0.900E+08  0.346E-12  0.920E+08  0.789E-12  0.940E+08  0.163E-11
  0.960E+08  0.308E-11  0.980E+08  0.502E-11  0.100E+09  0.779E-11
RE192
         582
           0
          18
  0.193E+08  0.000E+00  0.680E+08  0.354E-27  0.700E+08  0.742E-25
  0.720E+08  0.158E-22  0.740E+08  0.920E-21  0.760E+08  0.198E-19
  0.780E+08  0.357E-18  0.800E+08  0.437E-17  0.820E+08  0.406E-16
  0.840E+08  0.257E-15  0.860E+08  0.158E-14  0.880E+08  0.853E-14
  0.900E+08  0.351E-13  0.920E+08  0.132E-12  0.940E+08  0.558E-12
  0.960E+08  0.153E-11  0.980E+08  0.385E-11  0.100E+09  0.856E-11
RE191
         583
           0
          16
  0.248E+08  0.000E+00  0.720E+08  0.923E-37  0.740E+08  0.316E-27
  0.760E+08  0.207E-24  0.780E+08  0.335E-22  0.800E+08  0.784E-21
  0.820E+08  0.261E-19  0.840E+08  0.908E-18  0.860E+08  0.116E-16
  0.880E+08  0.121E-15  0.900E+08  0.773E-15  0.920E+08  0.487E-14
  0.940E+08  0.426E-13  0.960E+08  0.188E-12  0.980E+08  0.734E-12
  0.100E+09  0.245E-11
RE190
         584
           0
          12
  0.317E+08  0.000E+00  0.800E+08  0.125E-30  0.820E+08  0.148E-26
  0.840E+08  0.169E-23  0.860E+08  0.156E-21  0.880E+08  0.834E-20
  0.900E+08  0.150E-18  0.920E+08  0.246E-17  0.940E+08  0.612E-16
  0.960E+08  0.556E-15  0.980E+08  0.421E-14  0.100E+09  0.263E-13
RE189
         585
           0
           9
  0.374E+08  0.000E+00  0.860E+08  0.169E-29  0.880E+08  0.915E-26
  0.900E+08  0.216E-23  0.920E+08  0.186E-21  0.940E+08  0.147E-19
  0.960E+08  0.357E-18  0.980E+08  0.586E-17  0.100E+09  0.407E-16
RE188
         586
           0
           6
  0.444E+08  0.000E+00  0.920E+08  0.626E-36  0.940E+08  0.130E-28
  0.960E+08  0.237E-25  0.980E+08  0.360E-23  0.100E+09  0.292E-21
RE187
         587
           0
           3
  0.503E+08  0.000E+00  0.980E+08  0.780E-34  0.100E+09  0.197E-28
W198 
         873
           0
           3
  0.459E+08  0.000E+00  0.980E+08  0.981E-44  0.100E+09  0.163E-41
W196 
         875
           0
          12
  0.283E+08  0.000E+00  0.800E+08  0.222E-41  0.820E+08  0.196E-38
  0.840E+08  0.522E-36  0.860E+08  0.308E-34  0.880E+08  0.112E-32
  0.900E+08  0.274E-31  0.920E+08  0.474E-30  0.940E+08  0.648E-29
  0.960E+08  0.542E-28  0.980E+08  0.487E-27  0.100E+09  0.341E-26
W195 
         876
           0
          10
  0.327E+08  0.000E+00  0.840E+08  0.145E-40  0.860E+08  0.154E-37
  0.880E+08  0.528E-35  0.900E+08  0.585E-33  0.920E+08  0.314E-31
  0.940E+08  0.918E-30  0.960E+08  0.156E-28  0.980E+08  0.236E-27
  0.100E+09  0.255E-26
W194 
         877
           0
          20
  0.112E+08  0.000E+00  0.640E+08  0.120E-37  0.660E+08  0.237E-34
  0.680E+08  0.371E-32  0.700E+08  0.215E-30  0.720E+08  0.887E-29
  0.740E+08  0.491E-27  0.760E+08  0.576E-26  0.780E+08  0.676E-25
  0.800E+08  0.625E-24  0.820E+08  0.490E-23  0.840E+08  0.292E-22
  0.860E+08  0.118E-21  0.880E+08  0.537E-21  0.900E+08  0.216E-20
  0.920E+08  0.730E-20  0.940E+08  0.240E-19  0.960E+08  0.630E-19
  0.980E+08  0.150E-18  0.100E+09  0.319E-18
W193 
         878
           0
          18
  0.154E+08  0.000E+00  0.680E+08  0.359E-38  0.700E+08  0.120E-35
  0.720E+08  0.190E-32  0.740E+08  0.582E-29  0.760E+08  0.236E-27
  0.780E+08  0.725E-26  0.800E+08  0.137E-24  0.820E+08  0.191E-23
  0.840E+08  0.190E-22  0.860E+08  0.125E-21  0.880E+08  0.846E-21
  0.900E+08  0.467E-20  0.920E+08  0.222E-19  0.940E+08  0.995E-19
  0.960E+08  0.355E-18  0.980E+08  0.115E-17  0.100E+09  0.317E-17
W192 
         879
           0
          26
  0.100E-04  0.000E+00  0.520E+08  0.744E-30  0.540E+08  0.719E-28
  0.560E+08  0.247E-26  0.580E+08  0.549E-25  0.600E+08  0.819E-24
  0.620E+08  0.101E-22  0.640E+08  0.102E-21  0.660E+08  0.781E-21
  0.680E+08  0.380E-20  0.700E+08  0.215E-19  0.720E+08  0.156E-18
  0.740E+08  0.632E-18  0.760E+08  0.221E-17  0.780E+08  0.673E-17
  0.800E+08  0.188E-16  0.820E+08  0.444E-16  0.840E+08  0.106E-15
  0.860E+08  0.202E-15  0.880E+08  0.409E-15  0.900E+08  0.537E-15
  0.920E+08  0.842E-15  0.940E+08  0.126E-14  0.960E+08  0.184E-14
  0.980E+08  0.268E-14  0.100E+09  0.182E-14
W191 
         880
           0
          23
  0.812E+06  0.000E+00  0.580E+08  0.678E-29  0.600E+08  0.449E-26
  0.620E+08  0.263E-24  0.640E+08  0.691E-23  0.660E+08  0.109E-21
  0.680E+08  0.943E-21  0.700E+08  0.895E-20  0.720E+08  0.116E-18
  0.740E+08  0.712E-18  0.760E+08  0.364E-17  0.780E+08  0.157E-16
  0.800E+08  0.599E-16  0.820E+08  0.210E-15  0.840E+08  0.663E-15
  0.860E+08  0.162E-14  0.880E+08  0.404E-14  0.900E+08  0.647E-14
  0.920E+08  0.113E-13  0.940E+08  0.177E-13  0.960E+08  0.252E-13
  0.980E+08  0.326E-13  0.100E+09  0.317E-13
W190 
         881
           0
          21
  0.591E+07  0.000E+00  0.620E+08  0.171E-29  0.640E+08  0.277E-26
  0.660E+08  0.336E-24  0.680E+08  0.991E-23  0.700E+08  0.216E-21
  0.720E+08  0.641E-20  0.740E+08  0.711E-19  0.760E+08  0.619E-18
  0.780E+08  0.435E-17  0.800E+08  0.260E-16  0.820E+08  0.109E-15
  0.840E+08  0.530E-15  0.860E+08  0.201E-14  0.880E+08  0.620E-14
  0.900E+08  0.161E-13  0.920E+08  0.430E-13  0.940E+08  0.103E-12
  0.960E+08  0.222E-12  0.980E+08  0.477E-12  0.100E+09  0.802E-12
W189 
         882
           0
          17
  0.129E+08  0.000E+00  0.700E+08  0.312E-28  0.720E+08  0.647E-25
  0.740E+08  0.453E-23  0.760E+08  0.164E-21  0.780E+08  0.359E-20
  0.800E+08  0.551E-19  0.820E+08  0.654E-18  0.840E+08  0.642E-17
  0.860E+08  0.475E-16  0.880E+08  0.246E-15  0.900E+08  0.120E-14
  0.920E+08  0.537E-14  0.940E+08  0.192E-13  0.960E+08  0.648E-13
  0.980E+08  0.226E-12  0.100E+09  0.612E-12
W188 
         883
           0
          15
  0.178E+08  0.000E+00  0.740E+08  0.502E-29  0.760E+08  0.948E-26
  0.780E+08  0.139E-23  0.800E+08  0.705E-22  0.820E+08  0.189E-20
  0.840E+08  0.360E-19  0.860E+08  0.494E-18  0.880E+08  0.289E-17
  0.900E+08  0.245E-16  0.920E+08  0.177E-15  0.940E+08  0.105E-14
  0.960E+08  0.546E-14  0.980E+08  0.294E-13  0.100E+09  0.124E-12
W187 
         884
           0
          11
  0.247E+08  0.000E+00  0.820E+08  0.132E-27  0.840E+08  0.617E-25
  0.860E+08  0.581E-23  0.880E+08  0.242E-21  0.900E+08  0.518E-20
  0.920E+08  0.872E-19  0.940E+08  0.110E-17  0.960E+08  0.112E-16
  0.980E+08  0.106E-15  0.100E+09  0.800E-15
W186 
         885
           0
           9
  0.302E+08  0.000E+00  0.860E+08  0.167E-35  0.880E+08  0.798E-28
  0.900E+08  0.177E-24  0.920E+08  0.146E-22  0.940E+08  0.543E-21
  0.960E+08  0.126E-19  0.980E+08  0.242E-18  0.100E+09  0.317E-17
