1.000000e-06 1.000000e+05 640
640
1.000000e-06 1.507359e-40
1.024000e-06 1.646260e-40
1.068291e-06 2.354633e-40
1.135060e-06 3.764331e-40
1.206001e-06 5.648082e-40
1.281376e-06 8.063710e-40
1.361462e-06 1.103861e-39
1.446553e-06 1.455001e-39
1.536000e-06 1.871826e-39
1.633023e-06 2.833346e-39
1.684055e-06 3.430467e-39
1.736682e-06 4.098877e-39
1.790953e-06 4.837580e-39
1.846920e-06 5.643554e-39
1.904637e-06 6.527085e-39
1.920000e-06 6.818969e-39
2.025536e-06 9.805630e-39
2.088834e-06 1.197472e-38
2.154111e-06 1.446586e-38
2.221426e-06 1.723020e-38
2.290846e-06 2.025762e-38
2.362435e-06 2.353033e-38
2.400000e-06 2.555510e-38
2.436261e-06 2.833465e-38
2.512394e-06 3.519506e-38
2.590907e-06 4.295853e-38
2.671872e-06 5.161094e-38
2.755368e-06 6.110504e-38
2.841474e-06 7.135064e-38
3.000000e-06 9.155485e-38
3.021841e-06 9.540944e-38
3.116273e-06 1.149190e-37
3.213657e-06 1.363503e-37
3.375000e-06 1.742931e-37
3.524450e-06 2.244960e-37
3.634589e-06 2.638547e-37
3.796875e-06 3.241355e-37
3.865300e-06 3.588650e-37
3.986091e-06 4.251677e-37
4.110656e-06 4.947804e-37
4.239114e-06 5.708730e-37
4.271484e-06 5.928159e-37
4.371587e-06 6.783074e-37
4.508199e-06 8.008758e-37
4.649080e-06 9.217695e-37
4.805420e-06 1.051172e-36
4.944188e-06 1.217760e-36
5.098179e-06 1.396504e-36
5.247358e-06 1.542039e-36
5.406097e-06 1.666048e-36
5.531877e-06 1.795132e-36
5.667503e-06 1.906783e-36
5.743979e-06 1.957384e-36
5.798891e-06 2.000071e-36
5.926173e-06 2.081740e-36
6.049478e-06 2.105078e-36
6.102977e-06 2.106476e-36
6.168929e-06 2.113073e-36
6.284647e-06 2.097074e-36
6.396749e-06 2.016012e-36
6.505348e-06 1.899117e-36
6.610553e-06 1.778204e-36
6.712471e-06 1.609146e-36
6.811204e-06 1.384937e-36
6.889689e-06 1.184410e-36
7.002498e-06 9.245305e-37
7.181837e-06 4.671777e-37
7.308083e-06 1.821958e-37
7.349967e-06 1.221741e-37
7.507588e-06 1.056677e-37
7.655359e-06 5.932852e-37
7.700328e-06 8.976007e-37
7.793894e-06 1.880724e-36
7.923770e-06 4.316978e-36
8.045529e-06 8.279955e-36
8.074817e-06 9.552230e-36
8.159678e-06 1.415527e-35
8.266693e-06 2.249015e-35
8.367019e-06 3.386549e-35
8.421541e-06 4.195466e-35
8.461075e-06 4.886156e-35
8.549253e-06 6.819519e-35
8.850190e-06 2.057055e-34
8.914048e-06 2.597619e-34
8.973915e-06 3.238809e-34
9.030040e-06 3.990876e-34
9.082657e-06 4.865123e-34
9.131986e-06 5.874893e-34
9.178231e-06 7.034617e-34
9.221586e-06 8.358578e-34
9.262232e-06 9.860564e-34
9.300337e-06 1.155441e-33
9.337024e-06 1.351080e-33
9.369552e-06 1.557713e-33
9.400949e-06 1.793833e-33
9.430385e-06 2.055556e-33
9.457980e-06 2.344649e-33
9.483851e-06 2.662923e-33
9.508105e-06 3.012242e-33
9.530844e-06 3.394567e-33
9.552161e-06 3.812014e-33
9.572145e-06 4.266944e-33
9.590881e-06 4.762050e-33
9.608445e-06 5.300422e-33
9.624912e-06 5.885564e-33
9.655788e-06 7.261440e-33
9.682804e-06 8.888513e-33
9.706443e-06 1.079352e-32
9.727127e-06 1.298510e-32
9.745225e-06 1.544794e-32
9.761062e-06 1.814340e-32
9.774918e-06 2.101534e-32
9.787043e-06 2.399836e-32
9.806935e-06 3.003529e-32
9.847928e-06 4.829479e-32
9.874953e-06 6.583144e-32
9.896214e-06 8.328630e-32
9.909246e-06 9.567907e-32
9.920512e-06 1.074369e-31
9.944811e-06 1.359322e-31
9.949206e-06 1.415064e-31
9.962392e-06 1.588863e-31
9.972147e-06 1.722800e-31
9.977462e-06 1.797268e-31
9.993408e-06 2.024595e-31
1.000176e-05 2.144471e-31
1.000973e-05 2.258219e-31
1.002074e-05 2.412443e-31
1.003142e-05 2.556610e-31
1.003960e-05 2.661850e-31
1.005128e-05 2.802114e-31
1.006349e-05 2.932821e-31
1.007845e-05 3.066132e-31
1.009060e-05 3.149003e-31
1.009497e-05 3.172715e-31
1.010743e-05 3.221645e-31
1.011883e-05 3.241177e-31
1.013043e-05 3.235677e-31
1.014166e-05 3.206022e-31
1.015282e-05 3.153473e-31
1.016426e-05 3.076996e-31
1.017512e-05 2.984706e-31
1.018931e-05 2.838702e-31
1.020019e-05 2.710174e-31
1.021214e-05 2.555495e-31
1.022275e-05 2.409095e-31
1.023298e-05 2.262253e-31
1.023639e-05 2.212450e-31
1.024702e-05 2.055658e-31
1.025727e-05 1.903825e-31
1.026069e-05 1.853407e-31
1.027284e-05 1.676220e-31
1.028499e-05 1.504219e-31
1.030401e-05 1.250470e-31
1.031407e-05 1.125684e-31
1.032841e-05 9.607314e-32
1.034671e-05 7.736455e-32
1.035788e-05 6.725806e-32
1.037087e-05 5.675496e-32
1.037721e-05 5.209506e-32
1.040161e-05 3.685531e-32
1.041097e-05 3.205626e-32
1.042329e-05 2.653261e-32
1.043542e-05 2.189395e-32
1.044741e-05 1.800429e-32
1.045921e-05 1.477161e-32
1.047082e-05 1.209607e-32
1.048226e-05 9.890044e-33
1.049351e-05 8.077422e-33
1.050459e-05 6.592986e-33
1.051549e-05 5.381224e-33
1.053680e-05 3.596078e-33
1.055744e-05 2.432308e-33
1.056752e-05 2.018323e-33
1.058737e-05 1.429786e-33
1.060659e-05 1.080725e-33
1.062521e-05 8.950769e-34
1.064326e-05 8.219514e-34
1.066074e-05 8.271281e-34
1.067767e-05 8.873751e-34
1.069407e-05 9.867021e-34
1.070996e-05 1.113915e-33
1.074027e-05 1.422190e-33
1.075471e-05 1.593061e-33
1.078227e-05 1.951267e-33
1.080813e-05 2.316206e-33
1.083239e-05 2.674532e-33
1.085553e-05 3.021694e-33
1.089755e-05 3.634535e-33
1.095124e-05 4.292043e-33
1.100285e-05 4.678025e-33
1.100441e-05 4.685110e-33
1.107058e-05 4.740797e-33
1.113760e-05 4.424825e-33
1.120403e-05 3.955446e-33
1.125918e-05 3.550475e-33
1.131434e-05 3.163809e-33
1.136949e-05 2.800197e-33
1.142465e-05 2.457172e-33
1.145222e-05 2.292202e-33
1.147980e-05 2.131016e-33
1.150738e-05 1.973259e-33
1.153495e-05 1.818683e-33
1.156253e-05 1.667171e-33
1.161769e-05 1.373524e-33
1.164526e-05 1.231838e-33
1.167132e-05 1.101630e-33
1.168848e-05 1.018033e-33
1.170042e-05 9.610058e-34
1.171616e-05 8.874025e-34
1.174384e-05 7.628674e-34
1.175557e-05 7.122281e-34
1.179920e-05 5.381810e-34
1.184560e-05 3.866386e-34
1.188621e-05 2.978271e-34
1.189578e-05 2.852055e-34
1.192174e-05 2.721542e-34
1.195282e-05 3.097164e-34
1.198003e-05 4.092726e-34
1.200383e-05 5.674557e-34
1.202465e-05 7.785052e-34
1.204288e-05 1.034550e-33
1.207477e-05 1.694420e-33
1.209869e-05 2.422884e-33
1.211662e-05 3.139488e-33
1.213008e-05 3.792151e-33
1.215026e-05 4.989342e-33
1.216035e-05 5.699909e-33
1.217044e-05 6.494173e-33
1.221202e-05 1.080663e-32
1.223035e-05 1.333434e-32
1.224533e-05 1.572924e-32
1.226031e-05 1.844597e-32
1.227213e-05 2.083228e-32
1.229026e-05 2.492718e-32
1.230219e-05 2.792027e-32
1.232022e-05 3.290816e-32
1.233394e-05 3.708254e-32
1.234304e-05 4.002906e-32
1.237032e-05 4.969916e-32
1.237583e-05 5.179621e-32
1.239237e-05 5.834958e-32
1.240208e-05 6.236490e-32
1.241665e-05 6.857989e-32
1.243122e-05 7.497043e-32
1.243738e-05 7.771149e-32
1.244895e-05 8.287818e-32
1.245907e-05 8.739712e-32
1.246793e-05 9.132176e-32
1.247567e-05 9.471267e-32
1.248923e-05 1.004953e-31
1.249940e-05 1.046548e-31
1.251275e-05 1.098020e-31
1.252562e-05 1.143417e-31
1.252991e-05 1.157463e-31
1.255131e-05 1.217950e-31
1.256469e-05 1.246462e-31
1.257460e-05 1.262365e-31
1.258869e-05 1.276751e-31
1.260189e-05 1.280976e-31
1.260895e-05 1.279450e-31
1.262388e-05 1.267429e-31
1.263512e-05 1.250552e-31
1.264852e-05 1.221968e-31
1.266268e-05 1.182342e-31
1.267486e-05 1.141177e-31
1.268780e-05 1.091196e-31
1.270416e-05 1.020365e-31
1.271579e-05 9.660154e-32
1.272778e-05 9.075280e-32
1.273787e-05 8.571438e-32
1.275153e-05 7.882805e-32
1.276657e-05 7.130285e-32
1.278067e-05 6.444587e-32
1.280289e-05 5.430278e-32
1.281617e-05 4.874738e-32
1.284284e-05 3.893790e-32
1.287659e-05 2.925270e-32
1.289091e-05 2.602710e-32
1.291170e-05 2.218731e-32
1.291838e-05 2.114636e-32
1.293247e-05 1.923532e-32
1.293841e-05 1.853582e-32
1.294656e-05 1.767396e-32
1.295337e-05 1.703504e-32
1.296978e-05 1.578170e-32
1.297928e-05 1.523136e-32
1.298448e-05 1.498168e-32
1.299042e-05 1.474080e-32
1.299933e-05 1.446634e-32
1.300824e-05 1.429517e-32
1.301798e-05 1.422606e-32
1.304018e-05 1.453475e-32
1.304418e-05 1.466034e-32
1.307212e-05 1.615729e-32
1.308266e-05 1.700819e-32
1.310278e-05 1.907146e-32
1.311420e-05 2.049428e-32
1.313600e-05 2.368768e-32
1.316361e-05 2.851483e-32
1.318401e-05 3.250430e-32
1.320040e-05 3.586949e-32
1.321023e-05 3.792089e-32
1.322561e-05 4.112591e-32
1.324098e-05 4.426632e-32
1.325237e-05 4.651050e-32
1.326576e-05 4.901944e-32
1.327324e-05 5.034825e-32
1.328447e-05 5.222504e-32
1.329940e-05 5.447607e-32
1.331497e-05 5.649577e-32
1.333072e-05 5.817294e-32
1.334149e-05 5.910248e-32
1.335723e-05 6.014595e-32
1.337512e-05 6.089765e-32
1.339358e-05 6.123583e-32
1.341451e-05 6.117215e-32
1.344010e-05 6.063234e-32
1.350262e-05 5.874486e-32
1.353593e-05 5.831653e-32
1.355503e-05 5.844563e-32
1.357598e-05 5.895548e-32
1.359202e-05 5.961851e-32
1.360888e-05 6.057058e-32
1.362348e-05 6.160218e-32
1.364575e-05 6.352606e-32
1.365993e-05 6.495836e-32
1.370586e-05 7.059878e-32
1.374165e-05 7.595329e-32
1.380155e-05 8.673931e-32
1.384070e-05 9.509715e-32
1.391741e-05 1.143526e-31
1.394480e-05 1.218306e-31
1.396856e-05 1.283208e-31
1.399140e-05 1.343615e-31
1.401227e-05 1.395386e-31
1.403331e-05 1.442479e-31
1.405401e-05 1.482121e-31
1.407290e-05 1.511110e-31
1.409000e-05 1.530507e-31
1.410943e-05 1.543751e-31
1.412490e-05 1.547136e-31
1.414394e-05 1.542220e-31
1.415977e-05 1.530408e-31
1.417567e-05 1.511608e-31
1.419000e-05 1.488916e-31
1.420544e-05 1.458769e-31
1.421975e-05 1.426021e-31
1.423699e-05 1.381175e-31
1.425317e-05 1.334675e-31
1.426850e-05 1.287648e-31
1.428940e-05 1.220690e-31
1.434102e-05 1.058318e-31
1.438722e-05 9.486366e-32
1.443145e-05 9.176406e-32
1.443673e-05 9.212028e-32
1.444408e-05 9.293786e-32
1.445231e-05 9.433670e-32
1.446811e-05 9.863733e-32
1.447627e-05 1.018022e-31
1.448162e-05 1.042640e-31
1.448831e-05 1.078076e-31
1.449801e-05 1.139424e-31
1.450733e-05 1.210609e-31
1.451296e-05 1.259985e-31
1.452566e-05 1.390694e-31
1.452890e-05 1.428705e-31
1.454652e-05 1.672470e-31
1.456298e-05 1.964609e-31
1.457738e-05 2.280013e-31
1.458999e-05 2.608440e-31
1.461067e-05 3.269571e-31
1.464972e-05 5.025264e-31
1.467287e-05 6.449652e-31
1.468341e-05 7.208196e-31
1.470160e-05 8.695070e-31
1.471979e-05 1.042363e-30
1.473034e-05 1.154317e-30
1.475047e-05 1.393047e-30
1.477757e-05 1.767580e-30
1.479225e-05 1.996081e-30
1.482848e-05 2.631833e-30
1.484094e-05 2.871421e-30
1.486471e-05 3.352165e-30
1.487717e-05 3.613122e-30
1.488906e-05 3.865768e-30
1.490547e-05 4.216760e-30
1.492140e-05 4.554792e-30
1.493359e-05 4.808632e-30
1.494354e-05 5.010808e-30
1.495661e-05 5.266701e-30
1.497341e-05 5.575231e-30
1.499152e-05 5.875241e-30
1.500836e-05 6.117293e-30
1.501296e-05 6.176473e-30
1.503353e-05 6.401116e-30
1.504993e-05 6.530034e-30
1.506572e-05 6.609361e-30
1.508267e-05 6.644097e-30
1.508796e-05 6.644155e-30
1.511946e-05 6.540193e-30
1.513567e-05 6.420146e-30
1.515683e-05 6.201667e-30
1.517304e-05 5.992120e-30
1.518569e-05 5.806544e-30
1.520377e-05 5.513054e-30
1.522266e-05 5.178271e-30
1.523608e-05 4.927670e-30
1.525306e-05 4.600537e-30
1.526325e-05 4.401206e-30
1.528137e-05 4.045582e-30
1.529949e-05 3.693577e-30
1.532853e-05 3.149984e-30
1.533572e-05 3.021133e-30
1.537195e-05 2.416272e-30
1.540624e-05 1.922620e-30
1.543487e-05 1.573306e-30
1.547118e-05 1.210297e-30
1.551565e-05 8.754948e-31
1.553337e-05 7.710625e-31
1.555106e-05 6.810066e-31
1.556872e-05 6.036975e-31
1.558635e-05 5.375811e-31
1.560393e-05 4.812027e-31
1.562149e-05 4.332311e-31
1.563901e-05 3.924607e-31
1.567398e-05 3.283131e-31
1.570881e-05 2.817911e-31
1.574351e-05 2.476632e-31
1.577808e-05 2.221999e-31
1.581250e-05 2.028161e-31
1.584680e-05 1.877537e-31
1.588096e-05 1.758243e-31
1.591498e-05 1.662220e-31
1.594888e-05 1.583924e-31
1.598264e-05 1.519443e-31
1.601627e-05 1.465952e-31
1.608326e-05 1.383902e-31
1.614974e-05 1.326401e-31
1.621569e-05 1.286283e-31
1.628113e-05 1.258915e-31
1.634605e-05 1.241152e-31
1.641047e-05 1.230770e-31
1.647439e-05 1.226132e-31
1.653780e-05 1.226014e-31
1.660073e-05 1.229489e-31
1.666316e-05 1.235823e-31
1.678804e-05 1.255135e-31
1.690899e-05 1.280111e-31
1.702903e-05 1.309540e-31
1.726352e-05 1.377127e-31
1.771091e-05 1.529600e-31
1.872090e-05 1.933359e-31
1.942644e-05 2.249413e-31
2.033566e-05 2.695147e-31
2.153683e-05 3.349239e-31
2.275844e-05 4.090558e-31
2.342750e-05 4.528604e-31
2.471000e-05 5.427118e-31
2.543912e-05 5.953570e-31
2.568123e-05 6.135778e-31
2.580229e-05 6.253125e-31
2.590743e-05 6.393673e-31
2.593977e-05 6.447594e-31
2.603548e-05 6.644534e-31
2.613119e-05 6.902903e-31
2.626479e-05 7.351285e-31
2.638643e-05 7.784603e-31
2.642830e-05 7.921214e-31
2.650607e-05 8.136687e-31
2.656988e-05 8.263993e-31
2.664764e-05 8.348707e-31
2.670547e-05 8.361496e-31
2.679320e-05 8.310816e-31
2.686746e-05 8.221087e-31
2.707237e-05 7.928062e-31
2.718295e-05 7.832091e-31
2.722412e-05 7.815722e-31
2.730000e-05 7.815059e-31
2.735675e-05 7.839269e-31
2.750650e-05 7.995382e-31
2.764714e-05 8.236630e-31
2.788480e-05 8.713485e-31
2.796060e-05 8.849100e-31
2.805073e-05 8.987743e-31
2.817586e-05 9.140763e-31
2.859108e-05 9.549629e-31
3.147176e-05 1.336161e-30
3.350000e-05 1.655661e-30
3.564425e-05 2.036228e-30
3.950000e-05 2.833041e-30
4.230412e-05 3.501952e-30
4.501464e-05 4.218684e-30
4.731513e-05 4.874149e-30
5.000000e-05 5.698110e-30
5.490182e-05 7.348640e-30
5.851084e-05 8.672634e-30
6.304273e-05 1.044726e-29
6.726590e-05 1.220870e-29
7.233941e-05 1.446256e-29
7.931859e-05 1.778296e-29
8.709636e-05 2.176356e-29
9.601603e-05 2.668147e-29
1.048071e-04 3.191156e-29
1.198809e-04 4.172550e-29
1.369908e-04 5.411445e-29
1.596338e-04 7.252807e-29
1.827932e-04 9.352515e-29
2.108674e-04 1.216306e-28
2.322820e-04 1.447448e-28
2.549889e-04 1.705288e-28
2.813910e-04 2.017250e-28
2.944638e-04 2.174368e-28
3.102582e-04 2.364202e-28
3.239681e-04 2.527301e-28
3.398782e-04 2.711830e-28
3.567334e-04 2.897626e-28
3.730065e-04 3.062153e-28
3.896992e-04 3.206761e-28
4.047369e-04 3.309814e-28
4.171631e-04 3.367651e-28
4.285553e-04 3.392008e-28
4.387078e-04 3.383149e-28
4.474300e-04 3.346044e-28
4.556050e-04 3.279264e-28
4.628929e-04 3.186495e-28
4.752261e-04 2.975422e-28
4.766499e-04 2.963604e-28
4.839985e-04 3.005706e-28
4.892872e-04 3.106676e-28
4.935220e-04 3.231511e-28
4.965172e-04 3.361741e-28
4.989852e-04 3.515812e-28
5.010187e-04 3.697679e-28
5.026943e-04 3.908555e-28
5.040749e-04 4.144121e-28
5.052362e-04 4.400814e-28
5.058989e-04 4.576627e-28
5.069862e-04 4.918980e-28
5.078186e-04 5.231647e-28
5.088784e-04 5.699198e-28
5.099614e-04 6.260824e-28
5.130922e-04 8.317761e-28
5.145060e-04 9.381326e-28
5.157627e-04 1.032884e-27
5.168624e-04 1.111741e-27
5.175006e-04 1.154343e-27
5.182788e-04 1.202040e-27
5.190666e-04 1.244596e-27
5.199256e-04 1.283390e-27
5.207111e-04 1.311112e-27
5.215579e-04 1.332019e-27
5.223984e-04 1.343030e-27
5.232741e-04 1.343796e-27
5.245725e-04 1.324524e-27
5.251148e-04 1.309361e-27
5.258788e-04 1.281208e-27
5.264625e-04 1.254666e-27
5.273075e-04 1.209328e-27
5.282014e-04 1.153892e-27
5.290907e-04 1.093161e-27
5.295867e-04 1.057749e-27
5.308078e-04 9.691397e-28
5.326709e-04 8.421485e-28
5.337894e-04 7.776918e-28
5.343310e-04 7.507987e-28
5.350020e-04 7.217850e-28
5.357459e-04 6.953693e-28
5.363487e-04 6.784026e-28
5.370717e-04 6.631227e-28
5.378733e-04 6.522196e-28
5.386003e-04 6.472773e-28
5.390000e-04 6.463426e-28
5.394688e-04 6.466794e-28
5.402099e-04 6.499602e-28
5.406928e-04 6.536301e-28
5.419902e-04 6.679373e-28
5.446929e-04 7.081204e-28
5.463327e-04 7.334695e-28
5.478272e-04 7.552416e-28
5.501919e-04 7.863645e-28
5.518978e-04 8.066165e-28
5.535818e-04 8.252995e-28
5.577958e-04 8.686729e-28
5.639429e-04 9.281978e-28
5.694690e-04 9.804328e-28
5.795000e-04 1.074409e-27
5.853398e-04 1.128460e-27
5.937826e-04 1.205123e-27
6.048743e-04 1.301940e-27
6.179347e-04 1.411659e-27
6.303468e-04 1.511696e-27
6.468917e-04 1.638565e-27
6.674388e-04 1.791794e-27
6.928273e-04 1.977605e-27
7.311590e-04 2.262440e-27
7.820910e-04 2.657563e-27
8.354541e-04 3.085003e-27
8.891791e-04 3.527219e-27
9.671115e-04 4.192115e-27
1.060398e-03 5.030955e-27
1.148154e-03 5.855685e-27
1.206164e-03 6.400117e-27
1.447261e-03 8.780458e-27
1.616131e-03 1.054138e-26
1.791122e-03 1.245578e-26
2.008943e-03 1.485335e-26
2.238721e-03 1.740487e-26
2.444024e-03 1.967103e-26
2.709989e-03 2.254103e-26
2.950048e-03 2.506786e-26
3.162671e-03 2.723034e-26
3.435867e-03 2.988560e-26
3.761519e-03 3.288112e-26
4.112410e-03 3.589628e-26
4.442794e-03 3.854455e-26
4.886403e-03 4.184240e-26
5.447604e-03 4.566692e-26
6.074008e-03 4.955080e-26
7.058635e-03 5.508144e-26
8.939909e-03 6.443335e-26
1.412772e-02 8.647925e-26
1.679283e-02 9.603374e-26
1.959894e-02 1.046667e-25
2.238518e-02 1.119458e-25
2.515884e-02 1.178739e-25
2.814703e-02 1.229369e-25
3.417328e-02 1.307883e-25
3.989386e-02 1.365922e-25
4.883712e-02 1.431363e-25
5.831018e-02 1.481021e-25
7.132247e-02 1.528029e-25
8.737866e-02 1.566594e-25
1.087512e-01 1.598537e-25
1.424367e-01 1.625790e-25
1.970224e-01 1.645775e-25
3.164554e-01 1.660094e-25
7.651560e-01 1.667929e-25
2.341267e+00 1.669398e-25
7.070513e+00 1.669554e-25
