1.000000e-06 1.000000e+05 697
697
1.000000e-06 4.981773e-39
1.075793e-06 7.217391e-39
1.143030e-06 9.557163e-39
1.152000e-06 9.966523e-39
1.214470e-06 1.424383e-38
1.290374e-06 2.077861e-38
1.371022e-06 2.919396e-38
1.440000e-06 3.781977e-38
1.456711e-06 4.084532e-38
1.502233e-06 5.046823e-38
1.549178e-06 6.160570e-38
1.597590e-06 7.437889e-38
1.647515e-06 8.890521e-38
1.699000e-06 1.052889e-37
1.800000e-06 1.421677e-37
1.863310e-06 1.762489e-37
1.921539e-06 2.118932e-37
2.025000e-06 2.846604e-37
2.107371e-06 3.661751e-37
2.173226e-06 4.405344e-37
2.278125e-06 5.754671e-37
2.383399e-06 7.642628e-37
2.457881e-06 9.160433e-37
2.534689e-06 1.086577e-36
2.562891e-06 1.157004e-36
2.613898e-06 1.309592e-36
2.695583e-06 1.582579e-36
2.779820e-06 1.889170e-36
2.883252e-06 2.308774e-36
2.956273e-06 2.699599e-36
3.048657e-06 3.249427e-36
3.143927e-06 3.861862e-36
3.243658e-06 4.565989e-36
3.343493e-06 5.464829e-36
3.555726e-06 7.754298e-36
3.661786e-06 9.099868e-36
3.781432e-06 1.093489e-35
3.890648e-06 1.276901e-35
4.021464e-06 1.539049e-35
4.133813e-06 1.785156e-35
4.276733e-06 2.163211e-35
4.392177e-06 2.491403e-35
4.548205e-06 3.018820e-35
4.685896e-06 3.520513e-35
4.819285e-06 4.085358e-35
4.958356e-06 4.691978e-35
5.073687e-06 5.277283e-35
5.194957e-06 5.890155e-35
5.268253e-06 6.270469e-35
5.426247e-06 7.194691e-35
5.597519e-06 8.142917e-35
5.746776e-06 9.066267e-35
5.847012e-06 9.610444e-35
5.947364e-06 1.011134e-34
6.038185e-06 1.061861e-34
6.129315e-06 1.106399e-34
6.217596e-06 1.135515e-34
6.388642e-06 1.172475e-34
6.503203e-06 1.184725e-34
6.548998e-06 1.185904e-34
6.699331e-06 1.158627e-34
6.840269e-06 1.084054e-34
6.859953e-06 1.070483e-34
6.972397e-06 9.789421e-35
7.078410e-06 8.582540e-35
7.096268e-06 8.348599e-35
7.194406e-06 6.956427e-35
7.212397e-06 6.687406e-35
7.321268e-06 4.958600e-35
7.423334e-06 3.195761e-35
7.441810e-06 2.882077e-35
7.507955e-06 1.845405e-35
7.519022e-06 1.689866e-35
7.608728e-06 6.928291e-36
7.692829e-06 4.063009e-36
7.771672e-06 1.136556e-35
7.782497e-06 1.343902e-35
7.801908e-06 1.795675e-35
7.845589e-06 3.243544e-35
7.914885e-06 7.103318e-35
7.979850e-06 1.312712e-34
8.040755e-06 2.174154e-34
8.077489e-06 2.875460e-34
8.097854e-06 3.336009e-34
8.151384e-06 4.844558e-34
8.201568e-06 6.754809e-34
8.248615e-06 9.124266e-34
8.292723e-06 1.200609e-33
8.372839e-06 1.951524e-33
8.443254e-06 2.975335e-33
8.475196e-06 3.606235e-33
8.505142e-06 4.325547e-33
8.533217e-06 5.140126e-33
8.559536e-06 6.056921e-33
8.584211e-06 7.082999e-33
8.607343e-06 8.225578e-33
8.629030e-06 9.492196e-33
8.649361e-06 1.089101e-32
8.687482e-06 1.424611e-32
8.720838e-06 1.831171e-32
8.750025e-06 2.322517e-32
8.775563e-06 2.914280e-32
8.797909e-06 3.619917e-32
8.817462e-06 4.445865e-32
8.834570e-06 5.388383e-32
8.849540e-06 6.433332e-32
8.862639e-06 7.558426e-32
8.874101e-06 8.736740e-32
8.892904e-06 1.114254e-31
8.931656e-06 1.850162e-31
8.951142e-06 2.372915e-31
8.962811e-06 2.742101e-31
8.976370e-06 3.226263e-31
8.987390e-06 3.663508e-31
8.998410e-06 4.138755e-31
9.020450e-06 5.191368e-31
9.023205e-06 5.331105e-31
9.042490e-06 6.344332e-31
9.050067e-06 6.752617e-31
9.064530e-06 7.531122e-31
9.072106e-06 7.931082e-31
9.079338e-06 8.302824e-31
9.086570e-06 8.660883e-31
9.096213e-06 9.110266e-31
9.105511e-06 9.505346e-31
9.114120e-06 9.830570e-31
9.121352e-06 1.006903e-30
9.130650e-06 1.032350e-30
9.142359e-06 1.055187e-30
9.152690e-06 1.066118e-30
9.157215e-06 1.068061e-30
9.168162e-06 1.065429e-30
9.177682e-06 1.054688e-30
9.186233e-06 1.038460e-30
9.195629e-06 1.013743e-30
9.204245e-06 9.851319e-31
9.219499e-06 9.220768e-31
9.229356e-06 8.741973e-31
9.236540e-06 8.364696e-31
9.246015e-06 7.838393e-31
9.253398e-06 7.411561e-31
9.262890e-06 6.849300e-31
9.272532e-06 6.271750e-31
9.282605e-06 5.671806e-31
9.284930e-06 5.534891e-31
9.295950e-06 4.898751e-31
9.305592e-06 4.365607e-31
9.308347e-06 4.218224e-31
9.318678e-06 3.688012e-31
9.327718e-06 3.256078e-31
9.329010e-06 3.196980e-31
9.351050e-06 2.294691e-31
9.359530e-06 2.002196e-31
9.366310e-06 1.790037e-31
9.378600e-06 1.453020e-31
9.410838e-06 8.301216e-32
9.422382e-06 6.842188e-32
9.429781e-06 6.079666e-32
9.436951e-06 5.453478e-32
9.443898e-06 4.940548e-32
9.450683e-06 4.518126e-32
9.457256e-06 4.173629e-32
9.463624e-06 3.892665e-32
9.469792e-06 3.663218e-32
9.481557e-06 3.320771e-32
9.495230e-06 3.039464e-32
9.509268e-06 2.834925e-32
9.528376e-06 2.628768e-32
9.544438e-06 2.481763e-32
9.594075e-06 2.093879e-32
9.609764e-06 2.034654e-32
9.622577e-06 2.038466e-32
9.632187e-06 2.083135e-32
9.640088e-06 2.152662e-32
9.644800e-06 2.210130e-32
9.648854e-06 2.269999e-32
9.654935e-06 2.379194e-32
9.661016e-06 2.513347e-32
9.665289e-06 2.623531e-32
9.670166e-06 2.766242e-32
9.677481e-06 3.016036e-32
9.684796e-06 3.311122e-32
9.696685e-06 3.893497e-32
9.732354e-06 6.458874e-32
9.735327e-06 6.728579e-32
9.756134e-06 8.837285e-32
9.764308e-06 9.759787e-32
9.779913e-06 1.163218e-31
9.788087e-06 1.265327e-31
9.795890e-06 1.364049e-31
9.806665e-06 1.500339e-31
9.815768e-06 1.613367e-31
9.824546e-06 1.718574e-31
9.833417e-06 1.819258e-31
9.841219e-06 1.901678e-31
9.849997e-06 1.985960e-31
9.852737e-06 2.010196e-31
9.863884e-06 2.097318e-31
9.873986e-06 2.158732e-31
9.879913e-06 2.186314e-31
9.891724e-06 2.221535e-31
9.899913e-06 2.230063e-31
9.908284e-06 2.225227e-31
9.918508e-06 2.201069e-31
9.928172e-06 2.160620e-31
9.931442e-06 2.143276e-31
9.947112e-06 2.037058e-31
9.955680e-06 1.964896e-31
9.962010e-06 1.906376e-31
9.973121e-06 1.795205e-31
9.983687e-06 1.682480e-31
9.993927e-06 1.569860e-31
1.000433e-05 1.455036e-31
1.001771e-05 1.311157e-31
1.005691e-05 9.528721e-32
1.006954e-05 8.650760e-32
1.007442e-05 8.350824e-32
1.008173e-05 7.940786e-32
1.009053e-05 7.508543e-32
1.009819e-05 7.183280e-32
1.010551e-05 6.913683e-32
1.011282e-05 6.680306e-32
1.012323e-05 6.403059e-32
1.013541e-05 6.145444e-32
1.014323e-05 6.009937e-32
1.015510e-05 5.836333e-32
1.018614e-05 5.468951e-32
1.020398e-05 5.258241e-32
1.021096e-05 5.169313e-32
1.022648e-05 4.954359e-32
1.023579e-05 4.813224e-32
1.024823e-05 4.611057e-32
1.026688e-05 4.283035e-32
1.028554e-05 3.934650e-32
1.031042e-05 3.458111e-32
1.033531e-05 2.990267e-32
1.036020e-05 2.548380e-32
1.038509e-05 2.142265e-32
1.040998e-05 1.776270e-32
1.045975e-05 1.169669e-32
1.050953e-05 7.407177e-33
1.053441e-05 6.041908e-33
1.055930e-05 5.326389e-33
1.058337e-05 5.409640e-33
1.060908e-05 6.604381e-33
1.063213e-05 8.991391e-33
1.064117e-05 1.036444e-32
1.065231e-05 1.247494e-32
1.066996e-05 1.695477e-32
1.071244e-05 3.603395e-32
1.073271e-05 5.134652e-32
1.074792e-05 6.664999e-32
1.077072e-05 9.768681e-32
1.078213e-05 1.177388e-31
1.079353e-05 1.414510e-31
1.080578e-05 1.716130e-31
1.081803e-05 2.073438e-31
1.083235e-05 2.572126e-31
1.084666e-05 3.170540e-31
1.085897e-05 3.774866e-31
1.087128e-05 4.471155e-31
1.088382e-05 5.283507e-31
1.089657e-05 6.223093e-31
1.091143e-05 7.472336e-31
1.093465e-05 9.769776e-31
1.094574e-05 1.101613e-30
1.096333e-05 1.318095e-30
1.097254e-05 1.439968e-30
1.099599e-05 1.771637e-30
1.100520e-05 1.908143e-30
1.102507e-05 2.207497e-30
1.103680e-05 2.383358e-30
1.104240e-05 2.465936e-30
1.105080e-05 2.587162e-30
1.105920e-05 2.704138e-30
1.106951e-05 2.840111e-30
1.107793e-05 2.943423e-30
1.108899e-05 3.066286e-30
1.110053e-05 3.176567e-30
1.110487e-05 3.212688e-30
1.111744e-05 3.299230e-30
1.112882e-05 3.352780e-30
1.113550e-05 3.372532e-30
1.114881e-05 3.385176e-30
1.115884e-05 3.370832e-30
1.116798e-05 3.339951e-30
1.117993e-05 3.274609e-30
1.119056e-05 3.193874e-30
1.119901e-05 3.115475e-30
1.120969e-05 2.999970e-30
1.121967e-05 2.877385e-30
1.123053e-05 2.730435e-30
1.123968e-05 2.597576e-30
1.124802e-05 2.470873e-30
1.125805e-05 2.313536e-30
1.126573e-05 2.190737e-30
1.127670e-05 2.013934e-30
1.128816e-05 1.830365e-30
1.129081e-05 1.788481e-30
1.130421e-05 1.580811e-30
1.131593e-05 1.407452e-30
1.131928e-05 1.359684e-30
1.133185e-05 1.188561e-30
1.134441e-05 1.031343e-30
1.137289e-05 7.315270e-31
1.141425e-05 4.349674e-31
1.142699e-05 3.731931e-31
1.143696e-05 3.332559e-31
1.144857e-05 2.951058e-31
1.145332e-05 2.819284e-31
1.146219e-05 2.608386e-31
1.147338e-05 2.404066e-31
1.148429e-05 2.266444e-31
1.151764e-05 2.202543e-31
1.152598e-05 2.270909e-31
1.153223e-05 2.345596e-31
1.153692e-05 2.415286e-31
1.154044e-05 2.475495e-31
1.154571e-05 2.578969e-31
1.155277e-05 2.743073e-31
1.155762e-05 2.873648e-31
1.157217e-05 3.358520e-31
1.158344e-05 3.838002e-31
1.159471e-05 4.416281e-31
1.163677e-05 7.552832e-31
1.165257e-05 9.157603e-31
1.166782e-05 1.092499e-30
1.168610e-05 1.330651e-30
1.169420e-05 1.444150e-30
1.170966e-05 1.671828e-30
1.172114e-05 1.847908e-30
1.172662e-05 1.933249e-30
1.173484e-05 2.062018e-30
1.174307e-05 2.190781e-30
1.175398e-05 2.359736e-30
1.175843e-05 2.427555e-30
1.176623e-05 2.543838e-30
1.177646e-05 2.690352e-30
1.178633e-05 2.823141e-30
1.179849e-05 2.972461e-30
1.180914e-05 3.087661e-30
1.182398e-05 3.219888e-30
1.183624e-05 3.301606e-30
1.184477e-05 3.342588e-30
1.185450e-05 3.372901e-30
1.186478e-05 3.385581e-30
1.187418e-05 3.379819e-30
1.188812e-05 3.341538e-30
1.190025e-05 3.280829e-30
1.190742e-05 3.233864e-30
1.192217e-05 3.113950e-30
1.193222e-05 3.016774e-30
1.194552e-05 2.872539e-30
1.195589e-05 2.750451e-30
1.196754e-05 2.606575e-30
1.198353e-05 2.403253e-30
1.200309e-05 2.155825e-30
1.204784e-05 1.654689e-30
1.206415e-05 1.508779e-30
1.208710e-05 1.342999e-30
1.209862e-05 1.277486e-30
1.211786e-05 1.193375e-30
1.212793e-05 1.161265e-30
1.213942e-05 1.133902e-30
1.214491e-05 1.124126e-30
1.215314e-05 1.113198e-30
1.216137e-05 1.106507e-30
1.218347e-05 1.107387e-30
1.219058e-05 1.112905e-30
1.220123e-05 1.125422e-30
1.221318e-05 1.145009e-30
1.222782e-05 1.176201e-30
1.224111e-05 1.210662e-30
1.225586e-05 1.255082e-30
1.227713e-05 1.329309e-30
1.233991e-05 1.602318e-30
1.235292e-05 1.665651e-30
1.239356e-05 1.866589e-30
1.241577e-05 1.971976e-30
1.243018e-05 2.036067e-30
1.244521e-05 2.097810e-30
1.245781e-05 2.144721e-30
1.246689e-05 2.175327e-30
1.248282e-05 2.221944e-30
1.250221e-05 2.265381e-30
1.252026e-05 2.291908e-30
1.253063e-05 2.300996e-30
1.255046e-05 2.306253e-30
1.256562e-05 2.300227e-30
1.257505e-05 2.292530e-30
1.260243e-05 2.255957e-30
1.263863e-05 2.186845e-30
1.268511e-05 2.094836e-30
1.271530e-05 2.049884e-30
1.273416e-05 2.031495e-30
1.275530e-05 2.020824e-30
1.278211e-05 2.022286e-30
1.281208e-05 2.041409e-30
1.284413e-05 2.076983e-30
1.293803e-05 2.210045e-30
1.297858e-05 2.260302e-30
1.301172e-05 2.295161e-30
1.309070e-05 2.362799e-30
1.338640e-05 2.599821e-30
1.356167e-05 2.723190e-30
1.367913e-05 2.807243e-30
1.412926e-05 3.189295e-30
1.445440e-05 3.465757e-30
1.483595e-05 3.786051e-30
1.519375e-05 4.080309e-30
1.560413e-05 4.402564e-30
1.591034e-05 4.628397e-30
1.641046e-05 4.973672e-30
1.686311e-05 5.257143e-30
1.730438e-05 5.506737e-30
1.764493e-05 5.681435e-30
1.795606e-05 5.824435e-30
1.851397e-05 6.050388e-30
1.891442e-05 6.191098e-30
1.939569e-05 6.338408e-30
2.006856e-05 6.505743e-30
2.077381e-05 6.647749e-30
2.194150e-05 6.832321e-30
2.369104e-05 7.036736e-30
2.474453e-05 7.135654e-30
2.522702e-05 7.230436e-30
2.570952e-05 7.275883e-30
2.619211e-05 7.313490e-30
2.851018e-05 7.566118e-30
3.101320e-05 7.867883e-30
3.349654e-05 8.208553e-30
3.635586e-05 8.654409e-30
3.874388e-05 9.051292e-30
4.268098e-05 9.756992e-30
5.629259e-05 1.228786e-29
6.030323e-05 1.293475e-29
6.265000e-05 1.326044e-29
6.524713e-05 1.357230e-29
6.800000e-05 1.383081e-29
7.087696e-05 1.400379e-29
7.372800e-05 1.404728e-29
7.500000e-05 1.401474e-29
7.800000e-05 1.383531e-29
8.136788e-05 1.335230e-29
8.390991e-05 1.274261e-29
8.571988e-05 1.211522e-29
8.744637e-05 1.130257e-29
8.843732e-05 1.065272e-29
8.887160e-05 1.029258e-29
8.937719e-05 9.818533e-30
9.003717e-05 9.202886e-30
9.025735e-05 9.033694e-30
9.048303e-05 8.895656e-30
9.072069e-05 8.797794e-30
9.095962e-05 8.753823e-30
9.118714e-05 8.762954e-30
9.140730e-05 8.815287e-30
9.164252e-05 8.910676e-30
9.188432e-05 9.040246e-30
9.280534e-05 9.614771e-30
9.312093e-05 9.774905e-30
9.341522e-05 9.886962e-30
9.362295e-05 9.942054e-30
9.389666e-05 9.984710e-30
9.447841e-05 9.980726e-30
9.519621e-05 9.871039e-30
9.645530e-05 9.595312e-30
9.746687e-05 9.332474e-30
9.914021e-05 8.816137e-30
1.002895e-04 8.409523e-30
1.014508e-04 7.967855e-30
1.045000e-04 6.836137e-30
1.051250e-04 6.637190e-30
1.060000e-04 6.395501e-30
1.067199e-04 6.237673e-30
1.076316e-04 6.102992e-30
1.085014e-04 6.054649e-30
1.093500e-04 6.096631e-30
1.100000e-04 6.197851e-30
1.108564e-04 6.435101e-30
1.119030e-04 6.902171e-30
1.130671e-04 7.673933e-30
1.141274e-04 8.635552e-30
1.151033e-04 9.763055e-30
1.157663e-04 1.067168e-29
1.166854e-04 1.213202e-29
1.193732e-04 1.772506e-29
1.211430e-04 2.250617e-29
1.226549e-04 2.728871e-29
1.235000e-04 3.023189e-29
1.246239e-04 3.443730e-29
1.257500e-04 3.896833e-29
1.272500e-04 4.546065e-29
1.280000e-04 4.889228e-29
1.295000e-04 5.611060e-29
1.305000e-04 6.117779e-29
1.315000e-04 6.644029e-29
1.325000e-04 7.189012e-29
1.335000e-04 7.752290e-29
1.346500e-04 8.422480e-29
1.363314e-04 9.445197e-29
1.380384e-04 1.053583e-28
1.400000e-04 1.185573e-28
1.430000e-04 1.401243e-28
1.465000e-04 1.676152e-28
1.500000e-04 1.977518e-28
1.549263e-04 2.449204e-28
1.600000e-04 2.995614e-28
1.650000e-04 3.592873e-28
1.708272e-04 4.354630e-28
1.766494e-04 5.174402e-28
1.820000e-04 5.969876e-28
1.873811e-04 6.790988e-28
1.901426e-04 7.213817e-28
1.936100e-04 7.742702e-28
1.978995e-04 8.381839e-28
1.996121e-04 8.671808e-28
2.010223e-04 8.965827e-28
2.113489e-04 1.179701e-27
2.132984e-04 1.236366e-27
2.159778e-04 1.312566e-27
2.195967e-04 1.412320e-27
2.236321e-04 1.517841e-27
2.297634e-04 1.677681e-27
2.373371e-04 1.882013e-27
2.457600e-04 2.117459e-27
2.551778e-04 2.391945e-27
2.635032e-04 2.637863e-27
2.715169e-04 2.872275e-27
2.736555e-04 2.955042e-27
2.803000e-04 3.281455e-27
2.843478e-04 3.457799e-27
2.917427e-04 3.767420e-27
2.993740e-04 4.080422e-27
3.109001e-04 4.557414e-27
3.227904e-04 5.057149e-27
3.362566e-04 5.639520e-27
3.630780e-04 6.866056e-27
3.894478e-04 8.160143e-27
4.004054e-04 8.720956e-27
4.196441e-04 9.731072e-27
4.381893e-04 1.073400e-26
4.782858e-04 1.301385e-26
5.289395e-04 1.612530e-26
5.883804e-04 2.007384e-26
6.440545e-04 2.404122e-26
7.125991e-04 2.925233e-26
7.553096e-04 3.260691e-26
8.337112e-04 3.899916e-26
9.202509e-04 4.639603e-26
9.730270e-04 5.101594e-26
1.025654e-03 5.564482e-26
1.084124e-03 6.074984e-26
1.141563e-03 6.563620e-26
1.201927e-03 7.039848e-26
1.257815e-03 7.436030e-26
1.309117e-03 7.761346e-26
1.358394e-03 8.026303e-26
1.400538e-03 8.198947e-26
1.438692e-03 8.296456e-26
1.469460e-03 8.321211e-26
1.492581e-03 8.297536e-26
1.517972e-03 8.217617e-26
1.539269e-03 8.092917e-26
1.561076e-03 7.889604e-26
1.578782e-03 7.645586e-26
1.592237e-03 7.398359e-26
1.602275e-03 7.172525e-26
1.614219e-03 6.839700e-26
1.623671e-03 6.504989e-26
1.631122e-03 6.185137e-26
1.635511e-03 5.974346e-26
1.642124e-03 5.636190e-26
1.650416e-03 5.221942e-26
1.654961e-03 5.030675e-26
1.658103e-03 4.925609e-26
1.661623e-03 4.842414e-26
1.663232e-03 4.818268e-26
1.665327e-03 4.801034e-26
1.667654e-03 4.801604e-26
1.670659e-03 4.833817e-26
1.673623e-03 4.900094e-26
1.676600e-03 4.999451e-26
1.679959e-03 5.147146e-26
1.684033e-03 5.368349e-26
1.698956e-03 6.380420e-26
1.704231e-03 6.755314e-26
1.715470e-03 7.560770e-26
1.726767e-03 8.456836e-26
1.743000e-03 9.974185e-26
1.747483e-03 1.041396e-25
1.752541e-03 1.090187e-25
1.759250e-03 1.151898e-25
1.767485e-03 1.221124e-25
1.773996e-03 1.270362e-25
1.781379e-03 1.320784e-25
1.790699e-03 1.377628e-25
1.803962e-03 1.448535e-25
1.814267e-03 1.497336e-25
1.828044e-03 1.555433e-25
1.841349e-03 1.604350e-25
1.853624e-03 1.643431e-25
1.873503e-03 1.700090e-25
1.881602e-03 1.726044e-25
1.889367e-03 1.756126e-25
1.896364e-03 1.789093e-25
1.907068e-03 1.850759e-25
1.930664e-03 2.011798e-25
1.940318e-03 2.075094e-25
1.950223e-03 2.134532e-25
1.962991e-03 2.203507e-25
1.976836e-03 2.271417e-25
1.993000e-03 2.345205e-25
2.013211e-03 2.432564e-25
2.035935e-03 2.526867e-25
2.082891e-03 2.712058e-25
2.135385e-03 2.909609e-25
2.192616e-03 3.115875e-25
2.278447e-03 3.414505e-25
2.370183e-03 3.727757e-25
2.475551e-03 4.080123e-25
2.581517e-03 4.430430e-25
2.740893e-03 4.952305e-25
2.917427e-03 5.529499e-25
3.143154e-03 6.255092e-25
3.379919e-03 7.011884e-25
3.686400e-03 7.985641e-25
4.059172e-03 9.156711e-25
4.538722e-03 1.065125e-24
5.051699e-03 1.221970e-24
5.800127e-03 1.445448e-24
6.510613e-03 1.648413e-24
7.057028e-03 1.795209e-24
7.582267e-03 1.928714e-24
8.219191e-03 2.080194e-24
8.869326e-03 2.221430e-24
9.586518e-03 2.359934e-24
9.975295e-03 2.427562e-24
1.038616e-02 2.492934e-24
1.114200e-02 2.594987e-24
1.178708e-02 2.660281e-24
1.229785e-02 2.694183e-24
1.271139e-02 2.705058e-24
1.304811e-02 2.697583e-24
1.331995e-02 2.674784e-24
1.344169e-02 2.657062e-24
1.362094e-02 2.617528e-24
1.369163e-02 2.595407e-24
1.375944e-02 2.568911e-24
1.382513e-02 2.536492e-24
1.388020e-02 2.502668e-24
1.395253e-02 2.447461e-24
1.407856e-02 2.330540e-24
1.414934e-02 2.273030e-24
1.419268e-02 2.250783e-24
1.423360e-02 2.243252e-24
1.426310e-02 2.247240e-24
1.430376e-02 2.266247e-24
1.434451e-02 2.300218e-24
1.439699e-02 2.362099e-24
1.453901e-02 2.574615e-24
1.457542e-02 2.627691e-24
1.464344e-02 2.717426e-24
1.472370e-02 2.806277e-24
1.477415e-02 2.853885e-24
1.488185e-02 2.940136e-24
1.496236e-02 2.995233e-24
1.513779e-02 3.098708e-24
1.539926e-02 3.226788e-24
1.574824e-02 3.369062e-24
1.617436e-02 3.516717e-24
1.667367e-02 3.667333e-24
1.721795e-02 3.814662e-24
1.801254e-02 4.007714e-24
1.907690e-02 4.235556e-24
2.043272e-02 4.494758e-24
2.213885e-02 4.786317e-24
2.391939e-02 5.059221e-24
2.626153e-02 5.373116e-24
2.898147e-02 5.687649e-24
3.236665e-02 6.020850e-24
3.560023e-02 6.296785e-24
3.905549e-02 6.539490e-24
4.366577e-02 6.789120e-24
5.337729e-02 7.222597e-24
6.096379e-02 7.480412e-24
8.767011e-02 8.140908e-24
1.073724e-01 8.485991e-24
1.285400e-01 8.744736e-24
1.590151e-01 8.989121e-24
2.074269e-01 9.224878e-24
2.851018e-01 9.435929e-24
4.005329e-01 9.596813e-24
5.939501e-01 9.712444e-24
1.005773e+00 9.787028e-24
2.947480e+00 9.826292e-24
8.901248e+00 9.831094e-24
