1.000000e-06 1.000000e+05 1405
1405
1.000000e-06 1.111135e-35
1.109921e-06 2.233366e-35
1.180093e-06 3.391492e-35
1.214276e-06 4.141338e-35
1.289497e-06 6.348303e-35
1.323620e-06 7.668641e-35
1.355610e-06 9.134920e-35
1.413717e-06 1.249381e-34
1.440077e-06 1.437640e-34
1.464788e-06 1.639873e-34
1.511122e-06 2.093047e-34
1.551665e-06 2.585167e-34
1.587140e-06 3.107309e-34
1.618180e-06 3.648727e-34
1.645340e-06 4.199208e-34
1.669106e-06 4.752927e-34
1.710695e-06 5.900264e-34
1.741887e-06 6.938291e-34
1.765281e-06 7.845778e-34
1.800372e-06 9.447399e-34
1.849016e-06 1.223484e-33
1.880640e-06 1.452586e-33
1.912264e-06 1.730443e-33
1.925818e-06 1.867713e-33
1.951592e-06 2.163015e-33
1.975755e-06 2.487287e-33
1.998409e-06 2.842681e-33
2.019646e-06 3.230462e-33
2.039556e-06 3.651557e-33
2.058222e-06 4.106743e-33
2.075721e-06 4.596921e-33
2.092127e-06 5.123028e-33
2.107507e-06 5.685803e-33
2.121926e-06 6.285799e-33
2.135443e-06 6.923384e-33
2.148116e-06 7.598786e-33
2.159997e-06 8.312088e-33
2.171135e-06 9.063262e-33
2.181577e-06 9.852258e-33
2.191366e-06 1.067904e-32
2.200544e-06 1.154330e-32
2.209148e-06 1.244419e-32
2.217214e-06 1.338016e-32
2.232338e-06 1.542022e-32
2.245572e-06 1.758724e-32
2.257152e-06 1.986629e-32
2.267284e-06 2.224018e-32
2.276149e-06 2.468896e-32
2.283907e-06 2.719063e-32
2.290694e-06 2.972190e-32
2.296633e-06 3.225943e-32
2.301830e-06 3.478061e-32
2.306377e-06 3.726441e-32
2.314335e-06 4.240195e-32
2.320303e-06 4.712435e-32
2.324779e-06 5.132382e-32
2.331494e-06 5.906067e-32
2.334851e-06 6.377733e-32
2.338208e-06 6.922208e-32
2.343963e-06 8.070936e-32
2.346841e-06 8.772661e-32
2.349718e-06 9.578388e-32
2.352596e-06 1.050453e-31
2.355474e-06 1.156897e-31
2.358351e-06 1.279084e-31
2.361229e-06 1.419020e-31
2.364106e-06 1.578746e-31
2.369862e-06 1.965542e-31
2.379685e-06 2.865638e-31
2.384488e-06 3.424541e-31
2.387415e-06 3.802567e-31
2.390342e-06 4.206652e-31
2.396197e-06 5.079824e-31
2.396929e-06 5.193711e-31
2.402052e-06 6.006914e-31
2.404064e-06 6.328832e-31
2.408586e-06 7.039217e-31
2.410976e-06 7.398981e-31
2.413659e-06 7.782340e-31
2.415900e-06 8.080987e-31
2.418781e-06 8.429402e-31
2.421708e-06 8.734838e-31
2.424412e-06 8.967161e-31
2.425837e-06 9.068423e-31
2.429267e-06 9.248081e-31
2.431863e-06 9.320611e-31
2.435435e-06 9.327731e-31
2.437582e-06 9.279996e-31
2.443306e-06 8.967373e-31
2.445132e-06 8.814168e-31
2.449427e-06 8.363397e-31
2.451691e-06 8.080490e-31
2.454744e-06 7.657829e-31
2.457717e-06 7.209536e-31
2.460599e-06 6.749506e-31
2.463160e-06 6.326583e-31
2.465836e-06 5.877354e-31
2.469381e-06 5.281199e-31
2.472308e-06 4.796666e-31
2.475601e-06 4.268655e-31
2.478163e-06 3.875255e-31
2.484018e-06 3.048445e-31
2.486030e-06 2.790585e-31
2.487951e-06 2.557888e-31
2.489872e-06 2.338556e-31
2.492434e-06 2.067018e-31
2.495727e-06 1.752640e-31
2.498901e-06 1.485498e-31
2.501947e-06 1.260509e-31
2.505838e-06 1.014458e-31
2.508115e-06 8.902508e-32
2.511851e-06 7.148413e-32
2.516045e-06 5.548837e-32
2.518047e-06 4.905737e-32
2.521051e-06 4.068036e-32
2.524054e-06 3.364380e-32
2.527160e-06 2.757454e-32
2.530266e-06 2.254946e-32
2.533373e-06 1.840310e-32
2.539585e-06 1.219284e-32
2.545798e-06 8.032517e-33
2.552010e-06 5.282338e-33
2.555117e-06 4.294558e-33
2.556670e-06 3.879019e-33
2.559000e-06 3.341901e-33
2.561329e-06 2.897592e-33
2.562883e-06 2.647818e-33
2.565212e-06 2.336205e-33
2.566377e-06 2.206666e-33
2.567542e-06 2.093485e-33
2.569095e-06 1.966685e-33
2.570187e-06 1.893212e-33
2.571354e-06 1.828336e-33
2.571954e-06 1.800264e-33
2.572855e-06 1.764693e-33
2.573755e-06 1.736754e-33
2.575308e-06 1.705851e-33
2.577638e-06 1.698631e-33
2.579967e-06 1.735729e-33
2.583074e-06 1.849879e-33
2.586180e-06 2.033692e-33
2.592393e-06 2.596969e-33
2.598605e-06 3.407629e-33
2.604818e-06 4.459107e-33
2.611031e-06 5.753669e-33
2.617243e-06 7.301078e-33
2.623456e-06 9.118137e-33
2.629668e-06 1.122874e-32
2.635881e-06 1.366462e-32
2.642094e-06 1.646646e-32
2.648306e-06 1.968569e-32
2.655906e-06 2.428682e-32
2.663030e-06 2.939277e-32
2.687344e-06 5.544740e-32
2.692503e-06 6.357293e-32
2.697340e-06 7.245287e-32
2.701874e-06 8.215647e-32
2.706125e-06 9.275873e-32
2.710111e-06 1.043362e-31
2.713847e-06 1.169615e-31
2.717350e-06 1.306978e-31
2.720634e-06 1.455921e-31
2.723713e-06 1.616714e-31
2.726599e-06 1.789387e-31
2.729305e-06 1.973716e-31
2.734378e-06 2.389771e-31
2.738818e-06 2.846195e-31
2.742702e-06 3.332770e-31
2.749075e-06 4.349583e-31
2.763028e-06 7.866164e-31
2.769169e-06 1.013876e-30
2.772516e-06 1.159558e-30
2.776710e-06 1.364879e-30
2.780119e-06 1.550572e-30
2.783528e-06 1.752823e-30
2.790346e-06 2.203144e-30
2.791198e-06 2.263254e-30
2.797164e-06 2.702402e-30
2.799507e-06 2.881462e-30
2.803981e-06 3.227684e-30
2.807443e-06 3.494588e-30
2.810799e-06 3.747500e-30
2.814261e-06 3.997549e-30
2.817617e-06 4.224537e-30
2.820600e-06 4.409824e-30
2.823356e-06 4.564458e-30
2.824861e-06 4.641305e-30
2.828855e-06 4.816416e-30
2.831975e-06 4.921283e-30
2.836028e-06 5.012218e-30
2.838523e-06 5.041573e-30
2.845204e-06 5.018320e-30
2.847039e-06 4.986326e-30
2.852132e-06 4.842936e-30
2.854853e-06 4.735672e-30
2.856688e-06 4.652398e-30
2.859375e-06 4.515952e-30
2.861985e-06 4.368672e-30
2.865341e-06 4.161161e-30
2.868324e-06 3.962853e-30
2.871200e-06 3.762341e-30
2.875568e-06 3.446711e-30
2.878976e-06 3.196247e-30
2.882811e-06 2.915655e-30
2.885794e-06 2.701412e-30
2.892612e-06 2.236144e-30
2.897193e-06 1.949670e-30
2.899430e-06 1.818773e-30
2.904543e-06 1.543450e-30
2.910434e-06 1.268536e-30
2.927465e-06 7.108366e-31
2.933576e-06 5.817924e-31
2.936489e-06 5.305113e-31
2.939312e-06 4.863044e-31
2.944780e-06 4.139327e-31
2.949906e-06 3.593304e-31
2.954712e-06 3.174298e-31
2.959217e-06 2.846807e-31
2.963441e-06 2.586019e-31
2.971361e-06 2.189158e-31
2.978291e-06 1.913886e-31
3.027730e-06 7.822895e-32
3.030990e-06 7.392445e-32
3.034249e-06 7.008379e-32
3.039837e-06 6.470273e-32
3.041699e-06 6.327823e-32
3.049149e-06 5.963738e-32
3.050081e-06 5.942834e-32
3.056600e-06 5.959938e-32
3.059160e-06 6.046906e-32
3.064050e-06 6.339805e-32
3.067076e-06 6.603040e-32
3.070444e-06 6.966266e-32
3.073150e-06 7.308596e-32
3.077499e-06 7.943513e-32
3.087331e-06 9.670545e-32
3.092220e-06 1.061194e-31
3.096062e-06 1.135525e-31
3.098681e-06 1.185266e-31
3.101766e-06 1.241915e-31
3.108750e-06 1.357674e-31
3.111311e-06 1.394308e-31
3.116200e-06 1.453547e-31
3.120126e-06 1.489850e-31
3.122000e-06 1.503417e-31
3.124810e-06 1.519094e-31
3.127621e-06 1.529131e-31
3.130353e-06 1.533531e-31
3.132403e-06 1.533439e-31
3.137013e-06 1.523073e-31
3.138550e-06 1.516663e-31
3.144138e-06 1.482178e-31
3.146000e-06 1.467176e-31
3.151588e-06 1.413510e-31
3.153451e-06 1.393198e-31
3.160901e-06 1.303509e-31
3.163905e-06 1.264837e-31
3.174360e-06 1.127814e-31
3.188017e-06 9.620613e-32
3.195567e-06 8.831566e-32
3.203117e-06 8.145408e-32
3.210666e-06 7.557705e-32
3.218216e-06 7.057590e-32
3.231267e-06 6.359775e-32
3.243502e-06 5.846997e-32
3.254972e-06 5.451786e-32
3.265726e-06 5.134731e-32
3.285888e-06 4.637363e-32
3.303531e-06 4.275629e-32
3.318968e-06 3.999883e-32
3.345983e-06 3.584975e-32
3.366244e-06 3.316414e-32
3.458474e-06 2.364367e-32
3.484012e-06 2.146889e-32
3.501037e-06 2.007266e-32
3.519815e-06 1.855934e-32
3.535087e-06 1.733429e-32
3.543600e-06 1.664856e-32
3.552113e-06 1.595769e-32
3.561991e-06 1.514599e-32
3.570426e-06 1.444107e-32
3.586163e-06 1.308510e-32
3.594676e-06 1.232245e-32
3.603188e-06 1.153430e-32
3.611701e-06 1.071752e-32
3.620213e-06 9.871343e-33
3.628726e-06 9.000294e-33
3.635305e-06 8.318646e-33
3.641062e-06 7.726825e-33
3.654363e-06 6.463293e-33
3.657737e-06 6.191671e-33
3.660690e-06 5.980466e-33
3.665857e-06 5.687601e-33
3.669732e-06 5.549338e-33
3.672639e-06 5.502281e-33
3.674818e-06 5.503872e-33
3.676453e-06 5.528068e-33
3.678599e-06 5.592450e-33
3.680668e-06 5.692561e-33
3.682190e-06 5.791857e-33
3.683219e-06 5.872050e-33
3.685019e-06 6.039102e-33
3.686369e-06 6.187797e-33
3.688394e-06 6.450649e-33
3.690419e-06 6.764015e-33
3.692685e-06 7.178154e-33
3.694384e-06 7.535277e-33
3.696613e-06 8.067692e-33
3.699622e-06 8.906752e-33
3.702339e-06 9.790253e-33
3.707560e-06 1.184312e-32
3.718878e-06 1.800481e-32
3.721424e-06 1.972086e-32
3.727624e-06 2.438424e-32
3.731552e-06 2.766995e-32
3.734551e-06 3.033390e-32
3.738006e-06 3.354581e-32
3.741743e-06 3.716532e-32
3.744786e-06 4.019661e-32
3.748547e-06 4.400954e-32
3.752273e-06 4.781534e-32
3.754268e-06 4.984826e-32
3.758588e-06 5.419149e-32
3.762681e-06 5.817210e-32
3.764769e-06 6.013066e-32
3.768370e-06 6.336000e-32
3.772253e-06 6.659173e-32
3.781031e-06 7.269088e-32
3.784518e-06 7.457300e-32
3.790092e-06 7.687288e-32
3.793207e-06 7.776290e-32
3.796180e-06 7.834415e-32
3.799154e-06 7.866417e-32
3.801419e-06 7.873488e-32
3.805666e-06 7.847509e-32
3.808215e-06 7.808290e-32
3.812745e-06 7.697573e-32
3.817276e-06 7.538846e-32
3.821807e-06 7.338068e-32
3.826337e-06 7.101781e-32
3.828602e-06 6.972459e-32
3.835398e-06 6.550135e-32
3.844460e-06 5.937833e-32
3.846725e-06 5.781100e-32
3.853521e-06 5.312794e-32
3.863475e-06 4.655784e-32
3.881736e-06 3.624791e-32
3.893260e-06 3.112296e-32
3.903716e-06 2.732602e-32
3.976904e-06 1.205986e-32
3.996481e-06 9.468159e-33
4.006269e-06 8.424471e-33
4.016058e-06 7.577282e-33
4.018505e-06 7.397340e-33
4.025847e-06 6.933520e-33
4.030273e-06 6.707483e-33
4.034498e-06 6.527520e-33
4.038722e-06 6.380754e-33
4.042845e-06 6.267853e-33
4.048256e-06 6.162787e-33
4.051734e-06 6.120350e-33
4.056595e-06 6.094336e-33
4.063854e-06 6.134636e-33
4.066274e-06 6.172542e-33
4.074790e-06 6.433758e-33
4.078155e-06 6.607166e-33
4.084579e-06 7.090402e-33
4.087887e-06 7.436787e-33
4.089990e-06 7.698737e-33
4.092750e-06 8.098368e-33
4.094525e-06 8.392171e-33
4.097681e-06 8.994070e-33
4.099840e-06 9.470290e-33
4.102117e-06 1.003470e-32
4.106101e-06 1.119215e-32
4.109089e-06 1.221681e-32
4.113011e-06 1.378795e-32
4.118514e-06 1.647285e-32
4.132770e-06 2.645620e-32
4.138866e-06 3.218779e-32
4.143736e-06 3.740918e-32
4.148796e-06 4.341174e-32
4.153001e-06 4.881652e-32
4.157093e-06 5.439639e-32
4.161818e-06 6.117447e-32
4.166410e-06 6.802270e-32
4.170757e-06 7.465820e-32
4.175204e-06 8.150716e-32
4.179508e-06 8.809690e-32
4.184051e-06 9.490732e-32
4.188612e-06 1.014810e-31
4.190396e-06 1.039560e-31
4.194468e-06 1.093557e-31
4.198855e-06 1.147167e-31
4.208626e-06 1.245646e-31
4.212507e-06 1.275579e-31
4.219657e-06 1.315743e-31
4.223207e-06 1.328265e-31
4.226427e-06 1.335357e-31
4.231711e-06 1.338369e-31
4.233868e-06 1.336610e-31
4.237643e-06 1.329552e-31
4.242599e-06 1.313065e-31
4.247377e-06 1.290121e-31
4.248970e-06 1.281083e-31
4.257795e-06 1.220366e-31
4.261577e-06 1.189816e-31
4.269141e-06 1.123087e-31
4.279227e-06 1.027648e-31
4.289313e-06 9.314491e-32
4.318102e-06 6.930605e-32
4.328500e-06 6.261686e-32
4.338898e-06 5.693009e-32
4.349296e-06 5.212222e-32
4.359170e-06 4.824048e-32
4.369469e-06 4.477374e-32
4.380491e-06 4.159612e-32
4.390889e-06 3.900647e-32
4.401287e-06 3.674035e-32
4.411685e-06 3.474184e-32
4.422083e-06 3.296480e-32
4.432481e-06 3.136899e-32
4.543459e-06 1.830056e-32
4.554642e-06 1.700144e-32
4.565825e-06 1.572083e-32
4.582600e-06 1.394470e-32
4.588191e-06 1.342928e-32
4.596513e-06 1.277587e-32
4.599374e-06 1.259018e-32
4.604316e-06 1.232598e-32
4.615434e-06 1.204671e-32
4.619140e-06 1.206789e-32
4.622153e-06 1.213276e-32
4.631192e-06 1.260723e-32
4.635072e-06 1.294905e-32
4.642480e-06 1.384667e-32
4.646884e-06 1.453627e-32
4.651087e-06 1.530330e-32
4.655290e-06 1.617474e-32
4.662673e-06 1.794608e-32
4.677656e-06 2.233656e-32
4.686044e-06 2.510951e-32
4.690237e-06 2.653433e-32
4.695130e-06 2.820048e-32
4.700023e-06 2.984499e-32
4.711419e-06 3.344027e-32
4.712854e-06 3.385764e-32
4.722903e-06 3.646851e-32
4.727831e-06 3.751638e-32
4.734386e-06 3.863646e-32
4.739769e-06 3.930694e-32
4.744165e-06 3.968191e-32
4.747462e-06 3.986061e-32
4.752407e-06 3.996552e-32
4.757353e-06 3.988004e-32
4.762237e-06 3.961793e-32
4.767121e-06 3.919155e-32
4.775484e-06 3.812410e-32
4.778272e-06 3.768610e-32
4.789224e-06 3.565888e-32
4.800512e-06 3.323718e-32
4.814770e-06 3.005587e-32
4.828436e-06 2.721776e-32
4.839219e-06 2.529368e-32
4.846673e-06 2.417374e-32
4.851130e-06 2.359458e-32
4.858477e-06 2.279406e-32
4.869498e-06 2.196095e-32
4.880518e-06 2.156494e-32
4.887336e-06 2.152975e-32
4.894153e-06 2.164485e-32
4.899197e-06 2.182022e-32
4.908025e-06 2.229321e-32
4.914646e-06 2.276826e-32
4.927059e-06 2.386732e-32
4.946419e-06 2.582344e-32
4.959166e-06 2.702024e-32
4.962218e-06 2.727331e-32
4.971373e-06 2.792369e-32
4.974424e-06 2.809911e-32
4.983579e-06 2.848609e-32
4.989178e-06 2.861470e-32
4.993377e-06 2.865675e-32
5.002825e-06 2.858713e-32
5.011930e-06 2.832634e-32
5.017886e-06 2.807083e-32
5.029797e-06 2.741832e-32
5.058802e-06 2.565597e-32
5.066576e-06 2.527003e-32
5.077441e-06 2.484311e-32
5.086779e-06 2.458596e-32
5.099208e-06 2.438649e-32
5.117455e-06 2.430591e-32
5.159405e-06 2.435212e-32
5.175414e-06 2.429861e-32
5.210897e-06 2.403766e-32
5.299540e-06 2.323044e-32
5.317803e-06 2.311775e-32
5.341724e-06 2.309027e-32
5.359140e-06 2.319680e-32
5.377015e-06 2.343417e-32
5.402109e-06 2.394973e-32
5.436633e-06 2.473606e-32
5.457978e-06 2.506502e-32
5.475324e-06 2.517443e-32
5.488801e-06 2.515702e-32
5.509320e-06 2.498603e-32
5.563780e-06 2.420586e-32
5.590880e-06 2.393417e-32
5.608871e-06 2.384723e-32
5.645256e-06 2.385575e-32
5.686038e-06 2.394260e-32
5.726820e-06 2.388181e-32
5.786985e-06 2.353997e-32
5.856150e-06 2.299833e-32
5.874851e-06 2.284299e-32
5.903858e-06 2.268011e-32
5.918081e-06 2.267512e-32
5.935086e-06 2.277000e-32
5.950174e-06 2.296575e-32
5.960833e-06 2.317226e-32
5.976821e-06 2.358406e-32
5.992975e-06 2.410359e-32
6.022165e-06 2.516643e-32
6.036950e-06 2.567975e-32
6.052370e-06 2.613728e-32
6.067683e-06 2.647780e-32
6.084989e-06 2.670110e-32
6.097413e-06 2.675293e-32
6.109453e-06 2.672259e-32
6.122128e-06 2.661613e-32
6.136235e-06 2.642598e-32
6.181996e-06 2.555499e-32
6.223474e-06 2.480659e-32
6.247402e-06 2.448086e-32
6.293932e-06 2.406237e-32
6.448230e-06 2.327747e-32
6.480000e-06 2.322110e-32
6.511405e-06 2.331381e-32
6.542992e-06 2.356431e-32
6.590374e-06 2.405686e-32
6.621961e-06 2.427625e-32
6.654469e-06 2.430652e-32
6.685228e-06 2.416594e-32
6.754474e-06 2.367803e-32
6.803744e-06 2.352425e-32
6.904290e-06 2.352131e-32
7.200173e-06 2.301081e-32
7.280726e-06 2.274402e-32
7.408924e-06 2.210187e-32
7.463442e-06 2.190004e-32
7.555520e-06 2.166780e-32
7.762471e-06 2.103444e-32
8.035261e-06 1.999331e-32
8.192000e-06 1.927260e-32
8.420000e-06 1.808926e-32
8.725990e-06 1.631164e-32
9.015711e-06 1.447561e-32
9.120108e-06 1.378760e-32
9.332543e-06 1.235939e-32
9.549926e-06 1.087717e-32
9.665331e-06 1.009907e-32
1.004279e-05 7.531270e-33
1.035142e-05 5.532130e-33
1.039665e-05 5.261092e-33
1.072840e-05 3.462715e-33
1.089229e-05 2.740715e-33
1.103942e-05 2.248851e-33
1.118521e-05 1.917965e-33
1.132644e-05 1.769096e-33
1.146326e-05 1.810527e-33
1.157625e-05 2.004201e-33
1.159580e-05 2.054112e-33
1.172420e-05 2.512174e-33
1.184859e-05 3.190398e-33
1.196910e-05 4.095403e-33
1.208583e-05 5.233450e-33
1.225494e-05 7.381265e-33
1.241460e-05 1.003372e-32
1.261546e-05 1.405374e-32
1.272858e-05 1.566458e-32
1.273439e-05 1.571033e-32
1.296986e-05 1.489150e-32
1.313811e-05 1.325673e-32
1.329601e-05 1.173109e-32
1.344522e-05 1.034535e-32
1.358548e-05 9.128757e-33
1.384210e-05 7.233823e-33
1.395851e-05 6.574155e-33
1.406764e-05 6.114486e-33
1.416995e-05 5.858208e-33
1.426587e-05 5.799033e-33
1.444572e-05 6.226269e-33
1.460309e-05 7.304192e-33
1.474078e-05 8.942594e-33
1.486126e-05 1.104063e-32
1.496669e-05 1.348401e-32
1.515118e-05 1.933068e-32
1.539332e-05 3.093152e-32
1.554899e-05 4.146626e-32
1.570465e-05 5.496533e-32
1.582061e-05 6.737877e-32
1.593658e-05 8.220963e-32
1.605254e-05 9.985297e-32
1.616851e-05 1.207786e-31
1.640044e-05 1.748395e-31
1.659267e-05 2.355629e-31
1.723550e-05 6.166187e-31
1.736001e-05 7.417495e-31
1.748452e-05 8.928836e-31
1.760903e-05 1.076239e-30
1.769204e-05 1.220320e-30
1.779791e-05 1.434671e-30
1.791580e-05 1.721997e-30
1.799022e-05 1.935409e-30
1.807746e-05 2.223883e-30
1.815925e-05 2.539076e-30
1.823592e-05 2.881656e-30
1.830780e-05 3.252048e-30
1.837519e-05 3.650518e-30
1.846180e-05 4.250418e-30
1.855313e-05 5.015896e-30
1.860518e-05 5.527537e-30
1.865399e-05 6.066834e-30
1.870801e-05 6.742354e-30
1.874263e-05 7.225507e-30
1.882598e-05 8.583482e-30
1.889343e-05 9.936218e-30
1.895501e-05 1.143480e-29
1.900889e-05 1.301712e-29
1.905603e-05 1.467051e-29
1.909728e-05 1.637742e-29
1.913338e-05 1.811538e-29
1.916496e-05 1.985876e-29
1.919259e-05 2.158128e-29
1.924095e-05 2.511096e-29
1.927723e-05 2.825380e-29
1.932483e-05 3.311978e-29
1.943375e-05 4.790091e-29
1.948147e-05 5.613252e-29
1.952919e-05 6.552714e-29
1.964848e-05 9.555077e-29
1.967233e-05 1.032001e-28
1.969619e-05 1.116748e-28
1.972005e-05 1.211538e-28
1.975584e-05 1.377279e-28
1.976777e-05 1.440043e-28
1.981548e-05 1.738047e-28
1.984531e-05 1.970162e-28
1.988397e-05 2.335233e-28
1.993477e-05 2.943365e-28
1.999279e-05 3.836588e-28
2.003027e-05 4.527044e-28
2.005245e-05 4.973906e-28
2.008056e-05 5.574894e-28
2.010341e-05 6.086092e-28
2.013751e-05 6.871987e-28
2.016293e-05 7.462615e-28
2.018436e-05 7.953866e-28
2.020761e-05 8.470768e-28
2.023163e-05 8.976644e-28
2.025297e-05 9.393026e-28
2.027654e-05 9.807831e-28
2.028345e-05 9.919206e-28
2.031214e-05 1.032444e-27
2.033453e-05 1.057102e-27
2.035811e-05 1.075808e-27
2.038184e-05 1.086714e-27
2.040267e-05 1.089542e-27
2.042572e-05 1.085287e-27
2.044249e-05 1.077388e-27
2.046344e-05 1.062017e-27
2.048500e-05 1.040147e-27
2.050540e-05 1.014225e-27
2.053083e-05 9.754813e-28
2.055077e-05 9.407658e-28
2.057317e-05 8.979743e-28
2.059187e-05 8.597096e-28
2.061591e-05 8.079591e-28
2.064397e-05 7.452024e-28
2.066852e-05 6.893323e-28
2.067849e-05 6.666018e-28
2.069956e-05 6.189266e-28
2.072098e-05 5.713240e-28
2.077058e-05 4.668488e-28
2.078778e-05 4.331227e-28
2.080419e-05 4.023213e-28
2.082060e-05 3.729598e-28
2.085603e-05 3.147214e-28
2.088415e-05 2.736106e-28
2.092706e-05 2.194710e-28
2.097756e-05 1.681989e-28
2.105501e-05 1.117150e-28
2.108083e-05 9.774986e-29
2.110665e-05 8.576070e-29
2.113267e-05 7.541896e-29
2.115828e-05 6.672048e-29
2.118410e-05 5.922716e-29
2.121708e-05 5.122336e-29
2.123573e-05 4.735843e-29
2.125699e-05 4.345104e-29
2.128888e-05 3.843895e-29
2.132076e-05 3.426969e-29
2.135570e-05 3.047452e-29
2.139063e-05 2.731746e-29
2.141645e-05 2.531117e-29
2.144227e-05 2.353034e-29
2.149390e-05 2.049873e-29
2.154553e-05 1.799392e-29
2.161683e-05 1.515641e-29
2.169664e-05 1.269793e-29
2.172324e-05 1.205366e-29
2.175482e-05 1.141548e-29
2.177645e-05 1.106326e-29
2.179228e-05 1.085139e-29
2.180811e-05 1.067959e-29
2.182966e-05 1.051159e-29
2.184795e-05 1.042938e-29
2.188286e-05 1.042610e-29
2.189816e-05 1.048679e-29
2.192215e-05 1.065450e-29
2.193360e-05 1.076412e-29
2.195078e-05 1.096183e-29
2.197931e-05 1.136924e-29
2.201498e-05 1.199039e-29
2.209569e-05 1.361892e-29
2.214308e-05 1.453471e-29
2.214890e-05 1.463781e-29
2.220634e-05 1.548829e-29
2.223003e-05 1.573297e-29
2.224901e-05 1.587850e-29
2.226984e-05 1.598477e-29
2.229900e-05 1.603932e-29
2.232359e-05 1.600258e-29
2.234079e-05 1.593459e-29
2.236745e-05 1.576643e-29
2.239424e-05 1.553018e-29
2.243637e-05 1.505208e-29
2.248120e-05 1.445176e-29
2.259578e-05 1.287408e-29
2.262428e-05 1.253146e-29
2.266667e-05 1.208207e-29
2.270819e-05 1.171491e-29
2.275656e-05 1.137273e-29
2.277291e-05 1.127549e-29
2.286585e-05 1.085153e-29
2.310756e-05 1.008618e-29
2.344250e-05 9.013815e-30
2.362152e-05 8.547933e-30
2.371374e-05 8.338641e-30
2.393073e-05 7.901293e-30
2.542357e-05 5.640773e-30
2.601790e-05 4.930557e-30
2.704254e-05 3.888706e-30
2.724210e-05 3.733996e-30
2.737588e-05 3.647007e-30
2.750966e-05 3.577933e-30
2.764343e-05 3.531549e-30
2.777721e-05 3.511901e-30
2.791099e-05 3.518764e-30
2.816182e-05 3.572564e-30
2.831232e-05 3.617492e-30
2.837921e-05 3.649239e-30
2.844610e-05 3.697841e-30
2.847954e-05 3.731484e-30
2.851298e-05 3.773267e-30
2.855005e-05 3.831069e-30
2.858596e-05 3.900834e-30
2.862075e-05 3.983723e-30
2.865445e-05 4.080813e-30
2.868710e-05 4.193120e-30
2.871873e-05 4.321613e-30
2.874937e-05 4.467249e-30
2.877905e-05 4.630993e-30
2.880780e-05 4.813828e-30
2.883566e-05 5.016791e-30
2.886265e-05 5.240965e-30
2.891493e-05 5.766893e-30
2.896395e-05 6.395903e-30
2.900990e-05 7.139721e-30
2.905298e-05 8.010871e-30
2.909337e-05 9.022052e-30
2.913123e-05 1.018535e-29
2.916673e-05 1.151136e-29
2.920060e-05 1.303758e-29
2.923121e-05 1.468174e-29
2.926046e-05 1.653336e-29
2.928788e-05 1.856149e-29
2.931358e-05 2.076078e-29
2.933769e-05 2.312251e-29
2.938146e-05 2.828369e-29
2.942118e-05 3.412607e-29
2.948634e-05 4.671426e-29
2.957442e-05 7.147919e-29
2.962755e-05 9.190216e-29
2.966897e-05 1.112426e-28
2.971233e-05 1.350571e-28
2.974981e-05 1.588021e-28
2.977229e-05 1.745192e-28
2.980884e-05 2.024753e-28
2.984539e-05 2.334288e-28
2.992306e-05 3.087767e-28
2.994020e-05 3.270090e-28
2.999160e-05 3.846264e-28
3.001972e-05 4.176735e-28
3.006470e-05 4.719633e-28
3.008937e-05 5.021256e-28
3.011577e-05 5.343688e-28
3.014542e-05 5.701746e-28
3.017018e-05 5.994454e-28
3.020202e-05 6.357754e-28
3.022251e-05 6.581434e-28
3.025806e-05 6.945331e-28
3.028857e-05 7.228434e-28
3.033140e-05 7.571486e-28
3.036485e-05 7.788998e-28
3.040326e-05 7.978447e-28
3.043630e-05 8.086394e-28
3.045821e-05 8.128984e-28
3.049203e-05 8.148663e-28
3.052557e-05 8.113231e-28
3.057992e-05 7.943606e-28
3.061072e-05 7.789745e-28
3.065050e-05 7.535341e-28
3.066977e-05 7.391647e-28
3.070251e-05 7.120831e-28
3.072606e-05 6.907664e-28
3.075698e-05 6.608538e-28
3.079672e-05 6.198827e-28
3.083389e-05 5.798391e-28
3.087106e-05 5.389348e-28
3.091091e-05 4.949603e-28
3.094191e-05 4.611804e-28
3.101501e-05 3.849350e-28
3.104219e-05 3.583233e-28
3.109408e-05 3.107820e-28
3.115701e-05 2.594827e-28
3.126678e-05 1.874197e-28
3.131597e-05 1.619792e-28
3.136281e-05 1.412919e-28
3.139143e-05 1.302009e-28
3.144485e-05 1.123128e-28
3.148336e-05 1.014359e-28
3.152187e-05 9.202551e-29
3.156038e-05 8.389517e-29
3.159889e-05 7.687318e-29
3.163740e-05 7.080431e-29
3.167591e-05 6.555097e-29
3.172031e-05 6.035053e-29
3.176470e-05 5.591871e-29
3.183618e-05 5.008256e-29
3.189260e-05 4.637832e-29
3.194176e-05 4.367460e-29
3.199091e-05 4.138339e-29
3.204960e-05 3.911553e-29
3.213802e-05 3.653164e-29
3.221504e-05 3.499391e-29
3.229206e-05 3.403937e-29
3.232527e-05 3.378900e-29
3.237510e-05 3.357580e-29
3.242686e-05 3.353623e-29
3.249039e-05 3.369433e-29
3.252966e-05 3.387958e-29
3.277203e-05 3.547584e-29
3.283953e-05 3.579150e-29
3.290108e-05 3.596319e-29
3.295347e-05 3.601662e-29
3.305882e-05 3.588671e-29
3.323372e-05 3.521213e-29
3.346352e-05 3.423515e-29
3.361456e-05 3.383520e-29
3.380803e-05 3.359539e-29
3.414673e-05 3.333580e-29
3.427678e-05 3.315704e-29
3.483079e-05 3.217280e-29
3.511565e-05 3.186071e-29
3.565488e-05 3.161014e-29
3.615489e-05 3.158089e-29
3.700000e-05 3.183975e-29
3.796427e-05 3.248158e-29
3.852298e-05 3.298810e-29
3.937834e-05 3.391368e-29
4.051260e-05 3.538006e-29
4.197192e-05 3.766127e-29
4.373087e-05 4.085873e-29
4.628850e-05 4.629067e-29
4.940000e-05 5.366306e-29
4.961265e-05 5.431789e-29
4.988589e-05 5.542520e-29
5.014036e-05 5.678739e-29
5.061871e-05 5.980654e-29
5.086099e-05 6.111919e-29
5.104038e-05 6.185744e-29
5.118358e-05 6.230551e-29
5.199384e-05 6.418603e-29
5.242180e-05 6.565550e-29
5.338115e-05 6.938106e-29
5.763750e-05 8.549140e-29
6.102263e-05 9.921850e-29
6.390300e-05 1.110248e-28
6.683439e-05 1.224345e-28
6.918310e-05 1.306478e-28
7.161434e-05 1.379976e-28
7.361606e-05 1.426161e-28
7.548071e-05 1.456003e-28
7.717412e-05 1.468974e-28
7.894174e-05 1.466023e-28
8.190628e-05 1.429787e-28
8.239453e-05 1.442273e-28
8.388031e-05 1.580934e-28
8.509756e-05 1.751079e-28
8.625447e-05 1.945889e-28
8.747660e-05 2.196275e-28
8.861034e-05 2.481337e-28
8.964107e-05 2.798213e-28
9.062327e-05 3.167989e-28
9.143012e-05 3.536985e-28
9.221275e-05 3.968562e-28
9.269668e-05 4.281250e-28
9.332543e-05 4.752741e-28
9.375106e-05 5.122342e-28
9.434829e-05 5.726678e-28
9.471419e-05 6.157601e-28
9.502731e-05 6.570749e-28
9.549926e-05 7.286211e-28
9.601496e-05 8.226605e-28
9.646613e-05 9.225954e-28
9.681878e-05 1.015645e-27
9.724123e-05 1.149741e-27
9.737096e-05 1.197056e-27
9.769406e-05 1.330633e-27
9.797676e-05 1.470336e-27
9.830400e-05 1.667822e-27
9.844058e-05 1.764932e-27
9.862997e-05 1.917838e-27
9.879569e-05 2.072819e-27
9.900000e-05 2.298272e-27
9.910821e-05 2.436537e-27
9.928961e-05 2.704594e-27
9.945614e-05 2.999544e-27
9.958103e-05 3.258326e-27
9.967470e-05 3.477228e-27
9.982235e-05 3.872406e-27
9.995572e-05 4.290488e-27
1.002017e-04 5.246578e-27
1.003248e-04 5.831025e-27
1.004478e-04 6.497650e-27
1.006938e-04 8.111055e-27
1.011314e-04 1.205833e-26
1.013320e-04 1.437250e-26
1.014715e-04 1.616721e-26
1.016110e-04 1.810379e-26
1.018599e-04 2.185763e-26
1.018910e-04 2.234845e-26
1.021087e-04 2.586705e-26
1.021943e-04 2.726903e-26
1.023576e-04 2.992710e-26
1.024565e-04 3.149934e-26
1.025623e-04 3.312645e-26
1.026860e-04 3.492737e-26
1.027804e-04 3.620856e-26
1.029081e-04 3.778309e-26
1.030157e-04 3.894724e-26
1.031346e-04 4.003522e-26
1.032552e-04 4.090386e-26
1.033832e-04 4.154803e-26
1.034288e-04 4.170508e-26
1.035594e-04 4.193826e-26
1.036701e-04 4.188177e-26
1.039002e-04 4.102610e-26
1.040143e-04 4.024783e-26
1.041797e-04 3.873840e-26
1.042971e-04 3.742276e-26
1.043958e-04 3.617887e-26
1.045014e-04 3.472835e-26
1.046200e-04 3.297744e-26
1.047190e-04 3.143715e-26
1.048464e-04 2.938309e-26
1.049708e-04 2.732868e-26
1.050953e-04 2.526065e-26
1.052353e-04 2.295418e-26
1.053443e-04 2.119948e-26
1.055930e-04 1.740607e-26
1.056209e-04 1.700433e-26
1.060388e-04 1.166274e-26
1.061900e-04 1.006816e-26
1.063571e-04 8.515157e-27
1.066078e-04 6.575458e-27
1.072098e-04 3.489750e-27
1.073700e-04 2.955466e-27
1.075114e-04 2.559712e-27
1.077953e-04 1.945461e-27
1.082759e-04 1.358409e-27
1.084508e-04 1.276280e-27
1.086211e-04 1.268703e-27
1.087428e-04 1.311209e-27
1.088401e-04 1.376580e-27
1.089214e-04 1.454150e-27
1.089950e-04 1.543673e-27
1.090821e-04 1.674710e-27
1.091171e-04 1.735525e-27
1.091809e-04 1.858539e-27
1.092413e-04 1.990436e-27
1.093465e-04 2.257560e-27
1.094865e-04 2.691724e-27
1.095937e-04 3.088877e-27
1.100181e-04 5.270635e-27
1.101182e-04 5.935234e-27
1.103110e-04 7.377067e-27
1.104401e-04 8.458909e-27
1.105822e-04 9.749739e-27
1.106880e-04 1.077179e-26
1.107423e-04 1.131510e-26
1.109295e-04 1.326629e-26
1.110618e-04 1.469901e-26
1.111708e-04 1.589774e-26
1.112903e-04 1.721636e-26
1.114192e-04 1.862291e-26
1.115494e-04 2.000453e-26
1.116756e-04 2.128462e-26
1.117185e-04 2.170172e-26
1.118829e-04 2.320008e-26
1.120124e-04 2.424598e-26
1.121576e-04 2.525009e-26
1.122587e-04 2.583243e-26
1.124980e-04 2.678821e-26
1.125985e-04 2.700326e-26
1.127190e-04 2.711241e-26
1.128508e-04 2.704729e-26
1.129340e-04 2.690946e-26
1.130528e-04 2.658781e-26
1.131292e-04 2.630736e-26
1.132056e-04 2.597265e-26
1.132962e-04 2.551007e-26
1.134150e-04 2.480442e-26
1.135679e-04 2.375558e-26
1.137027e-04 2.272355e-26
1.138375e-04 2.161630e-26
1.140481e-04 1.979206e-26
1.141071e-04 1.927063e-26
1.144079e-04 1.662285e-26
1.145253e-04 1.562333e-26
1.147894e-04 1.350648e-26
1.153510e-04 9.832272e-27
1.156022e-04 8.586326e-27
1.158036e-04 7.753133e-27
1.160141e-04 7.023105e-27
1.161739e-04 6.553900e-27
1.163297e-04 6.157788e-27
1.166278e-04 5.540987e-27
1.169260e-04 5.069122e-27
1.172731e-04 4.649778e-27
1.175663e-04 4.372065e-27
1.179719e-04 4.066224e-27
1.184125e-04 3.804287e-27
1.187924e-04 3.619664e-27
1.191950e-04 3.455422e-27
1.195000e-04 3.348447e-27
1.202708e-04 3.130291e-27
1.210143e-04 2.973143e-27
1.217700e-04 2.851733e-27
1.224147e-04 2.771253e-27
1.232000e-04 2.695458e-27
1.243152e-04 2.619274e-27
1.255307e-04 2.566306e-27
1.266421e-04 2.537174e-27
1.279162e-04 2.520046e-27
1.295245e-04 2.515172e-27
1.310720e-04 2.521859e-27
1.368945e-04 2.584026e-27
1.767721e-04 2.997395e-27
1.959899e-04 3.166650e-27
2.018366e-04 3.200832e-27
2.049306e-04 3.210781e-27
2.068345e-04 3.210891e-27
2.094857e-04 3.197971e-27
2.120924e-04 3.182605e-27
2.133672e-04 3.191326e-27
2.147015e-04 3.220334e-27
2.176156e-04 3.323785e-27
2.197204e-04 3.389864e-27
2.218138e-04 3.440054e-27
2.280711e-04 3.561966e-27
2.387401e-04 3.742231e-27
2.448921e-04 3.834466e-27
2.570396e-04 3.989195e-27
2.636545e-04 4.060066e-27
2.678102e-04 4.089890e-27
2.735454e-04 4.088491e-27
2.749288e-04 4.102277e-27
2.765019e-04 4.142417e-27
2.783168e-04 4.219297e-27
2.805414e-04 4.326080e-27
2.830047e-04 4.414088e-27
2.848339e-04 4.454600e-27
3.025484e-04 4.741707e-27
3.181091e-04 4.962491e-27
3.364089e-04 5.131989e-27
3.424946e-04 5.170273e-27
3.482686e-04 5.255526e-27
3.534485e-04 5.320113e-27
3.680098e-04 5.407118e-27
3.840000e-04 5.402429e-27
3.943413e-04 5.337379e-27
4.055985e-04 5.187009e-27
4.132880e-04 5.010375e-27
4.182162e-04 4.845734e-27
4.226298e-04 4.682292e-27
4.246886e-04 4.628901e-27
4.268047e-04 4.602129e-27
4.326803e-04 4.600861e-27
4.351038e-04 4.579761e-27
4.383034e-04 4.523932e-27
4.413399e-04 4.448162e-27
4.446191e-04 4.340608e-27
4.501000e-04 4.124088e-27
4.529486e-04 4.005045e-27
4.565726e-04 3.843098e-27
4.607000e-04 3.637333e-27
4.640000e-04 3.457598e-27
4.670176e-04 3.286018e-27
4.755413e-04 2.816785e-27
4.781838e-04 2.693635e-27
4.804375e-04 2.603862e-27
4.827483e-04 2.530128e-27
4.855362e-04 2.470968e-27
4.864977e-04 2.459176e-27
4.887483e-04 2.450852e-27
4.915200e-04 2.481373e-27
4.942435e-04 2.560107e-27
4.964364e-04 2.661921e-27
4.991939e-04 2.842064e-27
5.033182e-04 3.225664e-27
5.069907e-04 3.687742e-27
5.088385e-04 3.964873e-27
5.117539e-04 4.464526e-27
5.205000e-04 6.424050e-27
5.236474e-04 7.291011e-27
5.254100e-04 7.810948e-27
5.290000e-04 8.941287e-27
5.342489e-04 1.074805e-26
5.390000e-04 1.251690e-26
5.432985e-04 1.420824e-26
5.448752e-04 1.484729e-26
5.480000e-04 1.613958e-26
5.503020e-04 1.711115e-26
5.560000e-04 1.957676e-26
5.607500e-04 2.168707e-26
5.663168e-04 2.420633e-26
5.736726e-04 2.758862e-26
5.789381e-04 3.003481e-26
5.845112e-04 3.263154e-26
5.905765e-04 3.544863e-26
6.003276e-04 3.994040e-26
6.106631e-04 4.465806e-26
6.237348e-04 5.059737e-26
6.382635e-04 5.717680e-26
6.535293e-04 6.401669e-26
6.645076e-04 6.887756e-26
6.780569e-04 7.486636e-26
6.944328e-04 8.199508e-26
7.140852e-04 9.042706e-26
7.293328e-04 9.671750e-26
7.454640e-04 1.030103e-25
7.590135e-04 1.080288e-25
7.688730e-04 1.140497e-25
7.728299e-04 1.189708e-25
7.747431e-04 1.220762e-25
7.788091e-04 1.298419e-25
7.837519e-04 1.390895e-25
7.860714e-04 1.422196e-25
7.879780e-04 1.438834e-25
7.898996e-04 1.446781e-25
7.920739e-04 1.446063e-25
7.946364e-04 1.435473e-25
7.994126e-04 1.406710e-25
8.012167e-04 1.398389e-25
8.028751e-04 1.393568e-25
8.066051e-04 1.394204e-25
8.127646e-04 1.427417e-25
8.156857e-04 1.454786e-25
8.199651e-04 1.507045e-25
8.261090e-04 1.601902e-25
8.317638e-04 1.687228e-25
8.336755e-04 1.709657e-25
8.357668e-04 1.728717e-25
8.376180e-04 1.740630e-25
8.398149e-04 1.749271e-25
8.502293e-04 1.759551e-25
8.531123e-04 1.768090e-25
8.553721e-04 1.778343e-25
8.643883e-04 1.840557e-25
8.802500e-04 1.965938e-25
9.035939e-04 2.141991e-25
9.372559e-04 2.393373e-25
9.745577e-04 2.668491e-25
1.011360e-03 2.932293e-25
1.044533e-03 3.162355e-25
1.079625e-03 3.386818e-25
1.086719e-03 3.437310e-25
1.092137e-03 3.482304e-25
1.101306e-03 3.573135e-25
1.130674e-03 3.919017e-25
1.144835e-03 4.073974e-25
1.171877e-03 4.344034e-25
1.212024e-03 4.728856e-25
1.258926e-03 5.174502e-25
1.294890e-03 5.515821e-25
1.374500e-03 6.281168e-25
1.408478e-03 6.642204e-25
1.454190e-03 7.105314e-25
1.517924e-03 7.728562e-25
1.534720e-03 7.912160e-25
1.578065e-03 8.438021e-25
1.618103e-03 8.901300e-25
1.686068e-03 9.677504e-25
1.755484e-03 1.047910e-24
1.843423e-03 1.148747e-24
1.933081e-03 1.252854e-24
2.045969e-03 1.385695e-24
2.156503e-03 1.515546e-24
2.288036e-03 1.669773e-24
2.406951e-03 1.808868e-24
2.546006e-03 1.966274e-24
2.672636e-03 2.104973e-24
2.813867e-03 2.249769e-24
2.939021e-03 2.366779e-24
3.066862e-03 2.472505e-24
3.169400e-03 2.541910e-24
3.267083e-03 2.584465e-24
3.344995e-03 2.603895e-24
3.423210e-03 2.603607e-24
3.486131e-03 2.582752e-24
3.535360e-03 2.547932e-24
3.576697e-03 2.500368e-24
3.611512e-03 2.441473e-24
3.641884e-03 2.370048e-24
3.666077e-03 2.297329e-24
3.697744e-03 2.192428e-24
3.715061e-03 2.146507e-24
3.724862e-03 2.130085e-24
3.735805e-03 2.122862e-24
3.742890e-03 2.125156e-24
3.752403e-03 2.137037e-24
3.760914e-03 2.155776e-24
3.769970e-03 2.183121e-24
3.788083e-03 2.255064e-24
3.833924e-03 2.476814e-24
3.861082e-03 2.601745e-24
3.913685e-03 2.826623e-24
3.934519e-03 2.936848e-24
3.961850e-03 3.113924e-24
4.003460e-03 3.417101e-24
4.039141e-03 3.673717e-24
4.066134e-03 3.859364e-24
4.080807e-03 3.955137e-24
4.102737e-03 4.089126e-24
4.130804e-03 4.243392e-24
4.161115e-03 4.390803e-24
4.199933e-03 4.557605e-24
4.243660e-03 4.723488e-24
4.285859e-03 4.865264e-24
4.333956e-03 5.006571e-24
4.378769e-03 5.117381e-24
4.414820e-03 5.187727e-24
4.488669e-03 5.296702e-24
4.504858e-03 5.331680e-24
4.521458e-03 5.381041e-24
4.535116e-03 5.434187e-24
4.561559e-03 5.570027e-24
4.634069e-03 6.047905e-24
4.657602e-03 6.190995e-24
4.685464e-03 6.342090e-24
4.722371e-03 6.517798e-24
4.762689e-03 6.689273e-24
4.821269e-03 6.917280e-24
4.874320e-03 7.110817e-24
4.948707e-03 7.368799e-24
5.013590e-03 7.583228e-24
5.097417e-03 7.844943e-24
5.178882e-03 8.082904e-24
5.258175e-03 8.300029e-24
5.331915e-03 8.486356e-24
5.435001e-03 8.708031e-24
5.506537e-03 8.858178e-24
5.549400e-03 8.984570e-24
5.683509e-03 9.501437e-24
5.772457e-03 9.779917e-24
5.887042e-03 1.010922e-23
6.081605e-03 1.087251e-23
6.240996e-03 1.140917e-23
6.451898e-03 1.206660e-23
6.737004e-03 1.291173e-23
7.228738e-03 1.429855e-23
7.629569e-03 1.539474e-23
8.184071e-03 1.682873e-23
8.826153e-03 1.840251e-23
9.836747e-03 2.071898e-23
1.063162e-02 2.241534e-23
1.158944e-02 2.429289e-23
1.263416e-02 2.615272e-23
1.319433e-02 2.705435e-23
1.371968e-02 2.783549e-23
1.431913e-02 2.864599e-23
1.482491e-02 2.923689e-23
1.531087e-02 2.972811e-23
1.570839e-02 3.004449e-23
1.608051e-02 3.026187e-23
1.639142e-02 3.036673e-23
1.665185e-02 3.038252e-23
1.687784e-02 3.032305e-23
1.707948e-02 3.018799e-23
1.724248e-02 2.999634e-23
1.738195e-02 2.974068e-23
1.749199e-02 2.944471e-23
1.757968e-02 2.912389e-23
1.770965e-02 2.849081e-23
1.788345e-02 2.757285e-23
1.794675e-02 2.736808e-23
1.799959e-02 2.730983e-23
1.806411e-02 2.740780e-23
1.811941e-02 2.764528e-23
1.819086e-02 2.813741e-23
1.832092e-02 2.935804e-23
1.844251e-02 3.054322e-23
1.850378e-02 3.107738e-23
1.856893e-02 3.158380e-23
1.865472e-02 3.215901e-23
1.875627e-02 3.273102e-23
1.887286e-02 3.328471e-23
1.901366e-02 3.385584e-23
1.916461e-02 3.438727e-23
1.934638e-02 3.494794e-23
1.954410e-02 3.548227e-23
1.981211e-02 3.610837e-23
2.029326e-02 3.700795e-23
2.079173e-02 3.767539e-23
2.122386e-02 3.799591e-23
2.141041e-02 3.802776e-23
2.158370e-02 3.796631e-23
2.172603e-02 3.782056e-23
2.192366e-02 3.743968e-23
2.217890e-02 3.688080e-23
2.229220e-02 3.683487e-23
2.239621e-02 3.699399e-23
2.250235e-02 3.734498e-23
2.317618e-02 4.048842e-23
2.355067e-02 4.262107e-23
2.377156e-02 4.370972e-23
2.410000e-02 4.498252e-23
2.455334e-02 4.640639e-23
2.502331e-02 4.767718e-23
2.600160e-02 4.996064e-23
2.709173e-02 5.214695e-23
2.842313e-02 5.448711e-23
3.053204e-02 5.773137e-23
3.320978e-02 6.136194e-23
3.608621e-02 6.482060e-23
3.903225e-02 6.791601e-23
4.308633e-02 7.151328e-23
4.797955e-02 7.516552e-23
5.211150e-02 7.774320e-23
5.678393e-02 8.007560e-23
6.420670e-02 8.289040e-23
7.590553e-02 8.625535e-23
8.617908e-02 8.842098e-23
9.345202e-02 8.947621e-23
1.010488e-01 9.003271e-23
1.044567e-01 9.002547e-23
1.096951e-01 8.955050e-23
1.117595e-01 8.913868e-23
1.135291e-01 8.862847e-23
1.161449e-01 8.744580e-23
1.170656e-01 8.682270e-23
1.179073e-01 8.608380e-23
1.186095e-01 8.527672e-23
1.195661e-01 8.378181e-23
1.211974e-01 8.070965e-23
1.216877e-01 8.018439e-23
1.222087e-01 8.012838e-23
1.226660e-01 8.056264e-23
1.232461e-01 8.169432e-23
1.248132e-01 8.608717e-23
1.256309e-01 8.808064e-23
1.267077e-01 9.006013e-23
1.274341e-01 9.109665e-23
1.292674e-01 9.313659e-23
1.314368e-01 9.496301e-23
1.346727e-01 9.706883e-23
1.388439e-01 9.923203e-23
1.431955e-01 1.010628e-22
1.494722e-01 1.031941e-22
1.605343e-01 1.061025e-22
1.742477e-01 1.088679e-22
1.942903e-01 1.119996e-22
2.213677e-01 1.151940e-22
2.619408e-01 1.187258e-22
3.211580e-01 1.222836e-22
3.986805e-01 1.253131e-22
5.281697e-01 1.283801e-22
7.615171e-01 1.313976e-22
1.173413e+00 1.340837e-22
1.776032e+00 1.356830e-22
3.231848e+00 1.367612e-22
9.760024e+00 1.372206e-22
