1.000000e-06 1.000000e+05 1533
1533
1.000000e-06 5.234069e-36
1.088078e-06 9.050643e-36
1.151396e-06 1.312133e-35
1.210819e-06 1.835585e-35
1.266586e-06 2.492233e-35
1.319753e-06 3.308715e-35
1.369597e-06 4.285132e-35
1.416326e-06 5.433371e-35
1.460134e-06 6.761058e-35
1.501204e-06 8.273261e-35
1.539707e-06 9.972439e-35
1.575804e-06 1.185846e-34
1.641371e-06 1.617811e-34
1.698998e-06 2.118454e-34
1.725139e-06 2.394081e-34
1.774153e-06 3.005449e-34
1.817041e-06 3.661741e-34
1.854568e-06 4.351660e-34
1.887404e-06 5.061628e-34
1.916136e-06 5.779102e-34
1.941276e-06 6.496811e-34
1.985271e-06 7.974320e-34
2.018267e-06 9.304981e-34
2.048000e-06 1.070852e-33
2.080136e-06 1.247260e-33
2.127679e-06 1.565928e-33
2.164159e-06 1.872455e-33
2.200638e-06 2.249210e-33
2.221484e-06 2.504027e-33
2.250627e-06 2.917109e-33
2.277950e-06 3.375994e-33
2.303564e-06 3.885238e-33
2.327578e-06 4.448417e-33
2.350091e-06 5.068994e-33
2.371197e-06 5.750534e-33
2.390983e-06 6.496696e-33
2.409533e-06 7.311277e-33
2.426924e-06 8.198154e-33
2.443228e-06 9.161336e-33
2.458512e-06 1.020493e-32
2.472842e-06 1.133317e-32
2.486276e-06 1.255039e-32
2.498870e-06 1.386106e-32
2.510677e-06 1.526975e-32
2.521746e-06 1.678115e-32
2.532124e-06 1.840003e-32
2.541852e-06 2.013117e-32
2.550973e-06 2.197958e-32
2.560000e-06 2.406786e-32
2.567540e-06 2.604916e-32
2.575055e-06 2.828169e-32
2.582101e-06 3.065424e-32
2.588706e-06 3.317344e-32
2.594898e-06 3.584654e-32
2.600704e-06 3.868163e-32
2.606146e-06 4.168802e-32
2.611248e-06 4.487681e-32
2.616032e-06 4.826111e-32
2.620516e-06 5.185589e-32
2.628925e-06 6.003360e-32
2.636282e-06 6.932553e-32
2.642720e-06 7.982571e-32
2.648353e-06 9.153143e-32
2.653282e-06 1.043232e-31
2.657594e-06 1.179787e-31
2.661368e-06 1.322087e-31
2.664670e-06 1.466987e-31
2.667559e-06 1.611458e-31
2.672299e-06 1.888963e-31
2.682068e-06 2.647805e-31
2.690329e-06 3.516778e-31
2.694399e-06 4.026067e-31
2.697707e-06 4.478300e-31
2.701015e-06 4.962573e-31
2.707631e-06 6.012113e-31
2.708457e-06 6.149319e-31
2.714246e-06 7.131392e-31
2.716520e-06 7.521366e-31
2.720862e-06 8.257171e-31
2.724221e-06 8.806529e-31
2.727477e-06 9.310653e-31
2.730837e-06 9.790458e-31
2.734093e-06 1.020602e-30
2.736987e-06 1.052675e-30
2.740360e-06 1.083443e-30
2.744223e-06 1.108974e-30
2.747531e-06 1.121928e-30
2.748683e-06 1.124432e-30
2.751969e-06 1.125766e-30
2.754394e-06 1.121214e-30
2.760863e-06 1.086654e-30
2.762926e-06 1.069131e-30
2.767779e-06 1.016860e-30
2.770337e-06 9.837386e-31
2.773787e-06 9.339749e-31
2.777146e-06 8.809224e-31
2.780403e-06 8.262579e-31
2.783297e-06 7.758340e-31
2.786320e-06 7.221195e-31
2.790326e-06 6.506144e-31
2.793634e-06 5.923207e-31
2.797355e-06 5.286202e-31
2.800249e-06 4.810388e-31
2.806865e-06 3.806849e-31
2.809139e-06 3.492818e-31
2.811310e-06 3.208955e-31
2.815135e-06 2.747501e-31
2.818856e-06 2.346111e-31
2.822076e-06 2.035938e-31
2.825933e-06 1.707973e-31
2.828944e-06 1.483163e-31
2.833246e-06 1.205561e-31
2.836011e-06 1.051962e-31
2.840524e-06 8.385196e-32
2.845764e-06 6.407873e-32
2.852752e-06 4.447644e-32
2.863233e-06 2.552775e-32
2.873714e-06 1.459415e-32
2.880701e-06 1.002489e-32
2.887688e-06 6.858204e-33
2.898169e-06 3.856136e-33
2.901663e-06 3.189615e-33
2.905156e-06 2.652736e-33
2.908650e-06 2.229397e-33
2.910397e-06 2.056139e-33
2.913017e-06 1.840331e-33
2.914327e-06 1.751154e-33
2.915637e-06 1.673851e-33
2.917384e-06 1.588537e-33
2.918694e-06 1.537381e-33
2.919615e-06 1.507787e-33
2.920368e-06 1.487434e-33
2.921496e-06 1.463204e-33
2.922625e-06 1.446375e-33
2.924371e-06 1.434529e-33
2.926992e-06 1.448047e-33
2.929612e-06 1.497678e-33
2.933106e-06 1.617745e-33
2.936599e-06 1.797171e-33
2.943586e-06 2.327563e-33
2.950574e-06 3.081403e-33
2.957561e-06 4.058857e-33
2.964548e-06 5.266409e-33
2.971536e-06 6.716228e-33
2.978523e-06 8.426102e-33
2.989209e-06 1.160039e-32
2.999227e-06 1.528523e-32
3.008619e-06 1.948558e-32
3.017424e-06 2.421645e-32
3.025679e-06 2.950024e-32
3.053851e-06 5.682275e-32
3.059829e-06 6.542483e-32
3.065433e-06 7.485564e-32
3.072000e-06 8.804095e-32
3.075613e-06 9.651856e-32
3.080231e-06 1.089231e-31
3.084560e-06 1.224910e-31
3.088619e-06 1.372994e-31
3.092424e-06 1.534089e-31
3.095991e-06 1.708589e-31
3.099335e-06 1.896628e-31
3.102471e-06 2.098054e-31
3.108349e-06 2.555086e-31
3.113493e-06 3.059781e-31
3.117994e-06 3.601033e-31
3.121932e-06 4.165785e-31
3.131031e-06 5.873141e-31
3.142540e-06 9.069708e-31
3.149132e-06 1.154797e-30
3.154866e-06 1.413837e-30
3.157251e-06 1.533960e-30
3.161127e-06 1.744853e-30
3.165003e-06 1.974790e-30
3.172755e-06 2.487584e-30
3.173724e-06 2.556117e-30
3.180507e-06 3.057398e-30
3.183172e-06 3.262109e-30
3.188260e-06 3.658488e-30
3.192196e-06 3.964623e-30
3.196012e-06 4.255250e-30
3.200000e-06 4.546898e-30
3.203764e-06 4.805328e-30
3.207155e-06 5.019950e-30
3.210289e-06 5.199716e-30
3.212000e-06 5.289353e-30
3.216543e-06 5.494796e-30
3.220090e-06 5.619249e-30
3.224222e-06 5.721033e-30
3.228088e-06 5.772061e-30
3.230917e-06 5.781698e-30
3.234772e-06 5.757131e-30
3.237471e-06 5.714493e-30
3.243009e-06 5.564421e-30
3.246103e-06 5.446411e-30
3.248190e-06 5.354212e-30
3.251245e-06 5.202414e-30
3.254213e-06 5.037839e-30
3.258028e-06 4.805040e-30
3.261420e-06 4.581802e-30
3.264690e-06 4.355471e-30
3.269657e-06 3.998171e-30
3.273533e-06 3.713871e-30
3.277893e-06 3.394646e-30
3.281285e-06 3.150429e-30
3.289037e-06 2.618717e-30
3.294245e-06 2.290439e-30
3.296789e-06 2.140216e-30
3.302603e-06 1.823767e-30
3.309606e-06 1.493959e-30
3.323075e-06 1.011157e-30
3.327897e-06 8.814572e-31
3.331513e-06 7.969747e-31
3.336938e-06 6.884605e-31
3.342362e-06 5.989019e-31
3.346475e-06 5.417309e-31
3.350589e-06 4.924550e-31
3.354702e-06 4.499547e-31
3.358816e-06 4.132311e-31
3.362929e-06 3.814054e-31
3.367042e-06 3.537163e-31
3.375269e-06 3.082403e-31
3.383496e-06 2.727168e-31
3.391723e-06 2.443004e-31
3.399950e-06 2.210480e-31
3.408176e-06 2.016394e-31
3.416403e-06 1.851696e-31
3.424630e-06 1.710045e-31
3.432857e-06 1.586871e-31
3.441084e-06 1.478789e-31
3.449310e-06 1.383221e-31
3.457537e-06 1.298154e-31
3.465764e-06 1.221992e-31
3.473991e-06 1.153448e-31
3.482218e-06 1.091468e-31
3.498671e-06 9.838671e-32
3.506898e-06 9.369089e-32
3.522956e-06 8.559139e-32
3.538009e-06 7.905987e-32
3.552123e-06 7.369719e-32
3.565354e-06 6.922685e-32
3.590162e-06 6.202124e-32
3.611869e-06 5.672098e-32
3.630862e-06 5.269828e-32
3.647482e-06 4.957060e-32
3.676566e-06 4.481439e-32
3.698379e-06 4.173465e-32
3.731099e-06 3.772931e-32
3.773083e-06 3.341966e-32
3.819403e-06 2.949556e-32
3.884252e-06 2.504771e-32
3.949102e-06 2.143759e-32
4.001338e-06 1.898580e-32
4.184165e-06 1.141346e-32
4.229872e-06 9.504003e-33
4.247012e-06 8.779908e-33
4.262009e-06 8.132687e-33
4.275132e-06 7.551337e-33
4.298097e-06 6.489218e-33
4.315321e-06 5.649276e-33
4.328239e-06 4.998176e-33
4.337927e-06 4.504917e-33
4.345193e-06 4.137919e-33
4.350643e-06 3.867801e-33
4.360861e-06 3.383739e-33
4.373038e-06 2.871189e-33
4.377741e-06 2.700038e-33
4.383115e-06 2.527241e-33
4.385802e-06 2.450930e-33
4.388490e-06 2.381836e-33
4.391177e-06 2.320286e-33
4.397223e-06 2.210802e-33
4.400582e-06 2.168003e-33
4.409987e-06 2.118479e-33
4.411919e-06 2.121065e-33
4.414123e-06 2.129198e-33
4.420736e-06 2.185481e-33
4.424872e-06 2.243490e-33
4.429005e-06 2.317415e-33
4.434004e-06 2.426061e-33
4.440498e-06 2.594862e-33
4.448448e-06 2.839135e-33
4.453654e-06 3.021338e-33
4.459952e-06 3.269975e-33
4.463731e-06 3.438465e-33
4.474816e-06 4.065660e-33
4.478822e-06 4.365781e-33
4.484428e-06 4.884277e-33
4.488262e-06 5.323891e-33
4.491638e-06 5.781881e-33
4.495978e-06 6.487960e-33
4.499187e-06 7.109690e-33
4.502715e-06 7.906366e-33
4.507177e-06 9.109347e-33
4.512186e-06 1.076076e-32
4.519552e-06 1.387294e-32
4.531924e-06 2.133311e-32
4.535036e-06 2.371535e-32
4.540887e-06 2.879566e-32
4.545594e-06 3.347046e-32
4.548579e-06 3.671097e-32
4.553565e-06 4.259834e-32
4.557659e-06 4.786497e-32
4.559589e-06 5.047718e-32
4.565896e-06 5.955637e-32
4.569608e-06 6.524988e-32
4.573688e-06 7.176124e-32
4.578475e-06 7.967368e-32
4.583012e-06 8.736448e-32
4.587434e-06 9.495019e-32
4.592087e-06 1.029321e-31
4.596816e-06 1.109296e-31
4.599277e-06 1.150067e-31
4.605741e-06 1.252944e-31
4.610377e-06 1.321671e-31
4.612803e-06 1.355540e-31
4.617851e-06 1.420683e-31
4.621227e-06 1.459764e-31
4.632405e-06 1.559690e-31
4.636122e-06 1.581986e-31
4.638485e-06 1.593184e-31
4.646536e-06 1.613747e-31
4.650150e-06 1.614188e-31
4.653429e-06 1.609997e-31
4.658809e-06 1.594025e-31
4.664850e-06 1.563489e-31
4.669895e-06 1.528753e-31
4.674761e-06 1.488254e-31
4.681933e-06 1.418042e-31
4.687483e-06 1.356898e-31
4.690258e-06 1.324619e-31
4.696502e-06 1.249001e-31
4.698583e-06 1.223139e-31
4.709684e-06 1.083266e-31
4.717669e-06 9.841763e-32
4.727882e-06 8.641119e-32
4.757440e-06 5.848928e-32
4.768627e-06 5.083518e-32
4.777269e-06 4.590758e-32
4.785841e-06 4.176153e-32
4.792967e-06 3.880118e-32
4.807209e-06 3.396162e-32
4.819671e-06 3.063376e-32
4.830575e-06 2.822568e-32
4.849657e-06 2.479149e-32
4.863968e-06 2.265505e-32
4.885436e-06 1.988493e-32
4.906961e-06 1.742128e-32
4.919039e-06 1.611744e-32
4.931117e-06 1.484641e-32
4.943195e-06 1.359740e-32
4.955692e-06 1.232605e-32
4.967890e-06 1.111614e-32
4.992285e-06 8.917746e-33
4.998384e-06 8.455997e-33
5.004483e-06 8.049888e-33
5.011377e-06 7.674130e-33
5.014825e-06 7.525529e-33
5.018272e-06 7.406749e-33
5.022711e-06 7.302310e-33
5.042975e-06 7.685527e-33
5.044519e-06 7.782657e-33
5.049923e-06 8.208828e-33
5.053976e-06 8.619953e-33
5.057762e-06 9.077499e-33
5.060540e-06 9.459548e-33
5.069690e-06 1.099863e-32
5.075886e-06 1.228497e-32
5.092078e-06 1.650711e-32
5.100382e-06 1.907312e-32
5.106664e-06 2.113914e-32
5.114406e-06 2.377130e-32
5.119825e-06 2.563029e-32
5.125631e-06 2.759905e-32
5.131437e-06 2.950753e-32
5.132861e-06 2.996200e-32
5.140334e-06 3.223111e-32
5.145230e-06 3.358706e-32
5.156210e-06 3.614589e-32
5.160468e-06 3.693065e-32
5.168596e-06 3.806920e-32
5.174877e-06 3.860959e-32
5.178461e-06 3.878255e-32
5.181597e-06 3.885327e-32
5.187085e-06 3.879848e-32
5.191201e-06 3.861218e-32
5.194288e-06 3.839381e-32
5.201234e-06 3.766994e-32
5.203549e-06 3.736152e-32
5.213467e-06 3.570556e-32
5.216773e-06 3.504758e-32
5.225383e-06 3.313673e-32
5.228253e-06 3.244804e-32
5.240605e-06 2.929504e-32
5.243623e-06 2.849736e-32
5.254189e-06 2.570217e-32
5.266603e-06 2.255318e-32
5.283365e-06 1.883930e-32
5.290672e-06 1.749007e-32
5.297151e-06 1.645360e-32
5.303630e-06 1.557663e-32
5.306870e-06 1.519976e-32
5.316589e-06 1.431922e-32
5.319828e-06 1.410883e-32
5.324688e-06 1.386977e-32
5.329547e-06 1.372019e-32
5.333433e-06 1.366260e-32
5.336832e-06 1.365545e-32
5.342782e-06 1.373435e-32
5.347244e-06 1.386406e-32
5.350590e-06 1.399735e-32
5.358120e-06 1.439575e-32
5.369413e-06 1.518919e-32
5.386344e-06 1.658564e-32
5.396492e-06 1.739826e-32
5.399897e-06 1.764950e-32
5.410111e-06 1.830599e-32
5.413482e-06 1.848462e-32
5.418999e-06 1.873097e-32
5.426569e-06 1.897076e-32
5.431776e-06 1.906837e-32
5.435682e-06 1.910611e-32
5.444469e-06 1.908601e-32
5.447398e-06 1.904947e-32
5.459133e-06 1.877880e-32
5.472091e-06 1.831616e-32
5.501831e-06 1.713951e-32
5.513463e-06 1.678906e-32
5.524872e-06 1.654365e-32
5.536281e-06 1.639297e-32
5.553102e-06 1.630703e-32
5.605954e-06 1.633925e-32
5.626284e-06 1.627646e-32
5.687173e-06 1.586262e-32
5.773108e-06 1.511825e-32
5.797545e-06 1.499081e-32
5.821751e-06 1.498055e-32
5.840713e-06 1.505645e-32
5.892632e-06 1.540276e-32
5.915892e-06 1.546219e-32
5.933189e-06 1.542589e-32
5.951797e-06 1.531132e-32
5.960470e-06 1.523538e-32
6.004059e-06 1.473468e-32
6.046892e-06 1.423106e-32
6.083475e-06 1.387588e-32
6.164173e-06 1.322149e-32
6.228160e-06 1.262574e-32
6.292147e-06 1.191902e-32
6.356268e-06 1.113228e-32
6.420389e-06 1.029533e-32
6.482373e-06 9.460425e-33
6.544357e-06 8.619759e-33
6.683055e-06 6.732271e-33
6.732313e-06 6.034252e-33
6.782025e-06 5.295440e-33
6.824234e-06 4.645786e-33
6.848308e-06 4.271984e-33
6.864879e-06 4.015606e-33
6.883306e-06 3.733109e-33
6.900249e-06 3.477374e-33
6.917191e-06 3.227169e-33
6.934133e-06 2.984409e-33
6.951076e-06 2.751322e-33
7.008145e-06 2.073441e-33
7.018845e-06 1.971120e-33
7.035788e-06 1.828979e-33
7.044259e-06 1.767619e-33
7.052730e-06 1.713026e-33
7.061201e-06 1.665382e-33
7.069672e-06 1.624864e-33
7.078144e-06 1.591689e-33
7.086615e-06 1.566152e-33
7.095086e-06 1.548708e-33
7.103557e-06 1.540045e-33
7.112028e-06 1.541184e-33
7.120500e-06 1.553593e-33
7.127912e-06 1.575279e-33
7.135059e-06 1.607506e-33
7.142414e-06 1.654444e-33
7.147940e-06 1.700551e-33
7.154384e-06 1.768124e-33
7.158620e-06 1.821833e-33
7.161797e-06 1.867557e-33
7.166562e-06 1.945857e-33
7.171327e-06 2.037156e-33
7.175562e-06 2.130586e-33
7.181916e-06 2.295437e-33
7.188269e-06 2.494539e-33
7.194028e-06 2.709606e-33
7.201060e-06 3.024591e-33
7.206333e-06 3.304819e-33
7.214243e-06 3.808898e-33
7.222154e-06 4.432897e-33
7.229443e-06 5.136449e-33
7.238296e-06 6.193572e-33
7.247150e-06 7.523712e-33
7.256003e-06 9.192816e-33
7.264857e-06 1.128150e-32
7.273710e-06 1.388753e-32
7.309125e-06 3.217746e-32
7.322405e-06 4.389567e-32
7.335686e-06 5.949223e-32
7.346753e-06 7.614989e-32
7.357820e-06 9.678937e-32
7.366120e-06 1.152679e-31
7.375048e-06 1.383577e-31
7.385226e-06 1.691482e-31
7.394819e-06 2.029033e-31
7.400667e-06 2.258693e-31
7.406514e-06 2.507120e-31
7.414885e-06 2.896086e-31
7.423255e-06 3.324752e-31
7.443035e-06 4.491487e-31
7.460771e-06 5.700253e-31
7.466625e-06 6.125769e-31
7.478893e-06 7.046148e-31
7.484978e-06 7.511180e-31
7.494147e-06 8.213144e-31
7.502289e-06 8.828795e-31
7.510795e-06 9.453846e-31
7.517655e-06 9.937249e-31
7.526148e-06 1.050100e-30
7.532914e-06 1.091608e-30
7.543923e-06 1.151314e-30
7.552045e-06 1.188181e-30
7.561063e-06 1.221084e-30
7.569689e-06 1.244026e-30
7.577280e-06 1.256977e-30
7.586216e-06 1.263327e-30
7.592431e-06 1.262057e-30
7.606210e-06 1.243001e-30
7.614866e-06 1.220172e-30
7.623256e-06 1.190736e-30
7.632489e-06 1.150875e-30
7.641438e-06 1.105773e-30
7.649392e-06 1.061219e-30
7.657063e-06 1.015055e-30
7.668710e-06 9.405736e-31
7.677801e-06 8.801654e-31
7.692006e-06 7.845917e-31
7.695983e-06 7.580067e-31
7.714165e-06 6.401925e-31
7.720415e-06 6.017630e-31
7.732347e-06 5.322669e-31
7.746113e-06 4.592661e-31
7.769678e-06 3.537332e-31
7.794438e-06 2.688027e-31
7.804080e-06 2.422451e-31
7.813571e-06 2.192589e-31
7.822914e-06 1.994039e-31
7.832111e-06 1.822680e-31
7.841164e-06 1.674749e-31
7.858988e-06 1.434443e-31
7.876255e-06 1.253276e-31
7.892982e-06 1.114338e-31
7.909186e-06 1.005520e-31
7.924884e-06 9.183452e-32
7.940092e-06 8.469485e-32
7.954824e-06 7.872783e-32
7.983367e-06 6.913441e-32
8.010127e-06 6.183587e-32
8.035214e-06 5.605069e-32
8.058733e-06 5.132707e-32
8.102832e-06 4.381917e-32
8.175181e-06 3.407492e-32
8.234266e-06 2.762652e-32
8.322893e-06 1.944806e-32
8.367207e-06 1.581854e-32
8.411521e-06 1.245067e-32
8.432225e-06 1.097324e-32
8.452929e-06 9.570526e-33
8.473633e-06 8.263285e-33
8.504689e-06 6.559739e-33
8.515041e-06 6.087013e-33
8.524539e-06 5.707798e-33
8.539472e-06 5.238147e-33
8.546938e-06 5.071227e-33
8.554404e-06 4.956375e-33
8.562675e-06 4.896562e-33
8.568877e-06 4.902705e-33
8.573529e-06 4.938269e-33
8.577018e-06 4.983322e-33
8.582252e-06 5.081896e-33
8.587486e-06 5.219466e-33
8.592097e-06 5.374591e-33
8.595405e-06 5.506208e-33
8.598299e-06 5.635737e-33
8.603364e-06 5.895624e-33
8.618560e-06 6.942239e-33
8.626160e-06 7.623339e-33
8.635816e-06 8.645756e-33
8.655088e-06 1.121270e-32
8.675930e-06 1.472086e-32
8.680430e-06 1.556349e-32
8.696357e-06 1.872484e-32
8.703047e-06 2.011072e-32
8.710386e-06 2.164884e-32
8.718299e-06 2.330698e-32
8.725326e-06 2.475933e-32
8.734360e-06 2.656863e-32
8.742347e-06 2.808491e-32
8.750578e-06 2.953684e-32
8.759217e-06 3.091030e-32
8.767098e-06 3.200543e-32
8.775711e-06 3.300857e-32
8.783286e-06 3.370980e-32
8.792830e-06 3.434051e-32
8.801978e-06 3.467804e-32
8.808942e-06 3.476500e-32
8.818722e-06 3.465850e-32
8.829342e-06 3.428595e-32
8.847318e-06 3.327843e-32
8.862301e-06 3.244117e-32
8.871361e-06 3.213958e-32
8.877684e-06 3.210121e-32
8.884449e-06 3.227837e-32
8.889629e-06 3.260538e-32
8.893859e-06 3.301935e-32
8.899411e-06 3.379521e-32
8.905210e-06 3.493055e-32
8.906549e-06 3.524501e-32
8.917120e-06 3.852377e-32
8.921745e-06 4.045926e-32
8.926854e-06 4.300468e-32
8.929631e-06 4.458200e-32
8.934432e-06 4.765682e-32
8.937807e-06 5.010051e-32
8.944045e-06 5.528120e-32
8.948832e-06 5.988791e-32
8.959403e-06 7.222563e-32
8.969974e-06 8.792741e-32
8.996924e-06 1.464886e-31
9.008543e-06 1.814253e-31
9.016335e-06 2.085602e-31
9.023472e-06 2.361697e-31
9.034176e-06 2.827423e-31
9.043542e-06 3.287320e-31
9.044880e-06 3.357073e-31
9.067400e-06 4.683066e-31
9.071315e-06 4.942257e-31
9.090572e-06 6.330798e-31
9.097711e-06 6.888760e-31
9.112543e-06 8.107079e-31
9.123054e-06 9.006031e-31
9.129320e-06 9.550118e-31
9.138274e-06 1.033155e-30
9.145470e-06 1.095730e-30
9.153289e-06 1.162887e-30
9.163726e-06 1.250060e-30
9.171864e-06 1.315148e-30
9.178495e-06 1.365751e-30
9.189226e-06 1.441972e-30
9.199718e-06 1.508429e-30
9.206914e-06 1.548717e-30
9.217100e-06 1.597560e-30
9.223138e-06 1.621677e-30
9.244956e-06 1.676570e-30
9.253214e-06 1.683699e-30
9.266418e-06 1.679490e-30
9.276740e-06 1.663201e-30
9.287048e-06 1.636179e-30
9.293674e-06 1.613493e-30
9.304538e-06 1.568068e-30
9.314735e-06 1.517111e-30
9.323252e-06 1.469226e-30
9.334203e-06 1.401749e-30
9.344618e-06 1.332707e-30
9.355033e-06 1.260262e-30
9.360571e-06 1.220794e-30
9.368879e-06 1.160869e-30
9.377186e-06 1.100600e-30
9.401629e-06 9.262710e-31
9.435964e-06 7.047395e-31
9.456691e-06 5.909380e-31
9.493885e-06 4.290904e-31
9.512981e-06 3.661936e-31
9.524248e-06 3.348440e-31
9.535515e-06 3.073774e-31
9.551172e-06 2.750264e-31
9.562915e-06 2.547187e-31
9.580529e-06 2.297512e-31
9.598683e-06 2.098756e-31
9.610840e-06 1.993566e-31
9.619394e-06 1.931141e-31
9.632144e-06 1.853711e-31
9.648591e-06 1.777631e-31
9.660926e-06 1.735374e-31
9.670177e-06 1.710708e-31
9.684054e-06 1.683216e-31
9.697931e-06 1.665056e-31
9.709636e-06 1.655379e-31
9.721341e-06 1.649555e-31
9.779116e-06 1.641282e-31
9.798613e-06 1.634393e-31
9.817507e-06 1.621597e-31
9.842143e-06 1.594148e-31
9.863252e-06 1.560680e-31
9.886505e-06 1.514140e-31
9.909970e-06 1.458783e-31
9.933404e-06 1.397444e-31
9.972804e-06 1.287071e-31
1.000529e-05 1.194770e-31
1.010828e-05 9.329693e-32
1.013954e-05 8.695669e-32
1.016877e-05 8.187157e-32
1.018709e-05 7.910352e-32
1.020543e-05 7.664433e-32
1.022647e-05 7.418357e-32
1.024954e-05 7.187592e-32
1.028218e-05 6.917926e-32
1.032787e-05 6.613852e-32
1.040000e-05 6.191870e-32
1.044232e-05 5.930296e-32
1.052875e-05 5.306533e-32
1.057875e-05 4.896531e-32
1.063241e-05 4.478487e-32
1.064923e-05 4.372000e-32
1.068289e-05 4.230750e-32
1.069429e-05 4.212196e-32
1.072035e-05 4.241690e-32
1.074654e-05 4.389356e-32
1.075309e-05 4.446572e-32
1.077273e-05 4.668544e-32
1.078686e-05 4.874196e-32
1.080371e-05 5.166940e-32
1.082424e-05 5.584315e-32
1.085550e-05 6.309003e-32
1.088177e-05 6.946640e-32
1.089822e-05 7.332005e-32
1.090753e-05 7.538627e-32
1.093430e-05 8.061854e-32
1.094087e-05 8.170033e-32
1.096057e-05 8.437372e-32
1.097294e-05 8.557677e-32
1.098475e-05 8.636353e-32
1.099655e-05 8.679136e-32
1.100608e-05 8.687675e-32
1.102037e-05 8.658163e-32
1.103467e-05 8.580611e-32
1.104776e-05 8.470899e-32
1.106086e-05 8.328333e-32
1.108705e-05 7.962858e-32
1.111325e-05 7.522955e-32
1.112832e-05 7.251308e-32
1.116909e-05 6.510025e-32
1.120204e-05 5.961459e-32
1.122407e-05 5.642969e-32
1.123373e-05 5.518194e-32
1.125156e-05 5.313903e-32
1.127905e-05 5.068178e-32
1.130654e-05 4.907103e-32
1.132387e-05 4.846935e-32
1.134120e-05 4.815792e-32
1.135315e-05 4.809422e-32
1.137109e-05 4.819644e-32
1.138902e-05 4.848886e-32
1.147149e-05 5.066667e-32
1.150542e-05 5.120074e-32
1.151998e-05 5.128193e-32
1.155274e-05 5.112353e-32
1.159018e-05 5.044561e-32
1.163644e-05 4.918059e-32
1.171653e-05 4.697241e-32
1.177149e-05 4.585380e-32
1.189468e-05 4.404516e-32
1.196805e-05 4.286648e-32
1.204425e-05 4.119647e-32
1.209659e-05 3.968092e-32
1.212461e-05 3.875055e-32
1.218614e-05 3.652737e-32
1.227150e-05 3.356280e-32
1.231618e-05 3.231826e-32
1.234856e-05 3.159287e-32
1.238232e-05 3.098733e-32
1.242571e-05 3.039259e-32
1.256419e-05 2.901869e-32
1.259825e-05 2.865517e-32
1.274588e-05 2.674695e-32
1.290000e-05 2.445997e-32
1.300947e-05 2.280132e-32
1.324167e-05 1.943527e-32
1.346982e-05 1.641057e-32
1.386093e-05 1.213085e-32
1.409582e-05 1.037750e-32
1.425988e-05 9.606365e-33
1.440102e-05 9.313185e-33
1.453465e-05 9.387856e-33
1.464059e-05 9.719834e-33
1.474073e-05 1.028593e-32
1.479108e-05 1.067310e-32
1.489529e-05 1.170608e-32
1.512712e-05 1.513515e-32
1.530046e-05 1.888522e-32
1.544539e-05 2.297851e-32
1.566139e-05 3.088925e-32
1.588822e-05 4.177911e-32
1.611504e-05 5.290847e-32
1.617900e-05 5.465560e-32
1.641738e-05 5.330548e-32
1.659331e-05 4.890024e-32
1.683901e-05 4.233501e-32
1.700962e-05 3.778905e-32
1.716718e-05 3.367769e-32
1.732106e-05 2.982017e-32
1.747012e-05 2.632902e-32
1.761835e-05 2.320093e-32
1.775443e-05 2.073696e-32
1.788996e-05 1.879791e-32
1.802125e-05 1.754853e-32
1.814844e-05 1.708137e-32
1.821574e-05 1.719200e-32
1.827165e-05 1.750144e-32
1.831767e-05 1.791866e-32
1.839101e-05 1.891601e-32
1.850664e-05 2.142271e-32
1.861866e-05 2.512102e-32
1.873152e-05 3.035388e-32
1.883231e-05 3.654105e-32
1.893415e-05 4.449964e-32
1.903281e-05 5.411998e-32
1.939757e-05 1.118706e-31
1.956592e-05 1.547037e-31
1.972375e-05 2.078006e-31
1.987172e-05 2.722385e-31
2.014049e-05 4.392287e-31
2.058434e-05 9.500429e-31
2.076682e-05 1.304465e-30
2.092720e-05 1.729722e-30
2.106816e-05 2.227133e-30
2.119205e-05 2.795528e-30
2.130093e-05 3.431098e-30
2.139972e-05 4.153253e-30
2.148830e-05 4.955035e-30
2.156180e-05 5.763672e-30
2.162798e-05 6.633795e-30
2.168589e-05 7.534025e-30
2.175379e-05 8.800080e-30
2.178090e-05 9.383615e-30
2.181969e-05 1.031213e-29
2.188758e-05 1.226134e-29
2.195104e-05 1.456673e-29
2.197669e-05 1.566558e-29
2.203397e-05 1.854718e-29
2.206261e-05 2.024539e-29
2.209125e-05 2.214158e-29
2.215084e-05 2.681215e-29
2.224224e-05 3.625995e-29
2.240647e-05 6.240224e-29
2.251597e-05 8.933826e-29
2.257717e-05 1.096925e-28
2.260850e-05 1.221706e-28
2.268937e-05 1.630483e-28
2.274766e-05 2.024574e-28
2.285781e-05 3.061704e-28
2.290855e-05 3.677264e-28
2.296978e-05 4.519611e-28
2.298903e-05 4.800978e-28
2.303155e-05 5.436988e-28
2.306014e-05 5.866051e-28
2.308553e-05 6.239905e-28
2.310186e-05 6.473567e-28
2.312762e-05 6.826809e-28
2.315035e-05 7.117637e-28
2.317543e-05 7.410204e-28
2.319723e-05 7.635802e-28
2.323003e-05 7.916775e-28
2.325565e-05 8.081465e-28
2.328549e-05 8.207267e-28
2.331186e-05 8.256234e-28
2.333384e-05 8.251441e-28
2.335995e-05 8.192020e-28
2.337874e-05 8.113803e-28
2.342054e-05 7.839242e-28
2.344106e-05 7.657440e-28
2.345708e-05 7.496182e-28
2.347997e-05 7.239078e-28
2.349469e-05 7.058971e-28
2.351893e-05 6.740543e-28
2.353561e-05 6.508285e-28
2.355749e-05 6.190427e-28
2.358563e-05 5.766063e-28
2.361362e-05 5.333924e-28
2.364162e-05 4.899510e-28
2.367311e-05 4.416639e-28
2.369760e-05 4.050611e-28
2.375359e-05 3.263766e-28
2.377283e-05 3.013291e-28
2.379120e-05 2.785049e-28
2.382357e-05 2.410116e-28
2.385506e-05 2.079798e-28
2.388256e-05 1.819507e-28
2.391134e-05 1.574702e-28
2.395868e-05 1.231083e-28
2.406623e-05 6.913041e-29
2.408097e-05 6.396888e-29
2.412518e-05 5.117121e-29
2.414544e-05 4.652788e-29
2.418413e-05 3.952647e-29
2.419245e-05 3.831092e-29
2.420701e-05 3.641000e-29
2.421794e-05 3.516378e-29
2.425071e-05 3.226575e-29
2.426610e-05 3.129831e-29
2.427177e-05 3.099952e-29
2.428516e-05 3.040851e-29
2.429520e-05 3.006522e-29
2.431026e-05 2.969843e-29
2.432532e-05 2.949412e-29
2.433714e-05 2.943664e-29
2.435654e-05 2.951611e-29
2.437238e-05 2.972085e-29
2.439318e-05 3.014863e-29
2.441991e-05 3.090673e-29
2.447149e-05 3.276864e-29
2.452744e-05 3.492089e-29
2.454148e-05 3.542521e-29
2.460131e-05 3.720636e-29
2.462483e-05 3.769681e-29
2.464729e-05 3.803696e-29
2.467908e-05 3.829607e-29
2.471186e-05 3.829139e-29
2.474021e-05 3.807604e-29
2.477871e-05 3.750265e-29
2.481951e-05 3.660270e-29
2.488063e-05 3.486811e-29
2.490802e-05 3.400533e-29
2.503999e-05 2.989850e-29
2.512084e-05 2.784624e-29
2.515063e-05 2.720973e-29
2.522354e-05 2.589799e-29
2.524602e-05 2.555375e-29
2.532075e-05 2.455688e-29
2.573438e-05 2.032705e-29
2.588682e-05 1.906672e-29
2.599336e-05 1.833153e-29
2.615000e-05 1.743505e-29
2.637738e-05 1.638574e-29
2.673506e-05 1.502143e-29
2.700602e-05 1.411126e-29
2.736022e-05 1.305917e-29
2.756798e-05 1.251261e-29
2.785773e-05 1.182875e-29
2.813513e-05 1.124384e-29
2.843606e-05 1.067126e-29
2.888200e-05 9.917646e-30
2.931577e-05 9.277060e-30
3.024301e-05 8.124575e-30
3.221998e-05 6.275705e-30
3.276800e-05 5.876820e-30
3.328710e-05 5.551992e-30
3.353942e-05 5.419367e-30
3.377598e-05 5.316722e-30
3.399775e-05 5.244521e-30
3.421210e-05 5.201956e-30
3.440057e-05 5.191942e-30
3.458045e-05 5.212601e-30
3.474926e-05 5.265696e-30
3.490959e-05 5.352232e-30
3.505637e-05 5.463509e-30
3.532940e-05 5.717464e-30
3.541902e-05 5.794391e-30
3.550695e-05 5.856606e-30
3.559226e-05 5.900639e-30
3.574512e-05 5.939067e-30
3.595484e-05 5.956551e-30
3.603910e-05 5.982587e-30
3.611817e-05 6.035364e-30
3.619237e-05 6.122823e-30
3.622775e-05 6.181583e-30
3.626201e-05 6.251290e-30
3.632841e-05 6.429392e-30
3.639065e-05 6.660522e-30
3.644901e-05 6.949738e-30
3.650371e-05 7.302187e-30
3.655845e-05 7.755191e-30
3.660308e-05 8.218000e-30
3.664816e-05 8.791787e-30
3.669042e-05 9.449147e-30
3.673004e-05 1.019389e-29
3.676718e-05 1.102873e-29
3.680888e-05 1.215679e-29
3.683464e-05 1.297257e-29
3.686525e-05 1.407970e-29
3.692263e-05 1.663874e-29
3.697284e-05 1.951734e-29
3.701677e-05 2.264803e-29
3.705522e-05 2.595277e-29
3.708885e-05 2.935137e-29
3.714404e-05 3.613825e-29
3.722291e-05 4.905110e-29
3.734728e-05 7.963284e-29
3.741618e-05 1.034896e-28
3.747919e-05 1.305125e-28
3.752564e-05 1.539514e-28
3.759992e-05 1.980772e-28
3.762985e-05 2.182403e-28
3.765977e-05 2.397779e-28
3.775778e-05 3.195663e-28
3.777940e-05 3.389363e-28
3.784426e-05 4.002632e-28
3.787975e-05 4.354943e-28
3.794499e-05 5.021845e-28
3.797485e-05 5.330648e-28
3.801752e-05 5.769837e-28
3.805180e-05 6.116564e-28
3.808998e-05 6.490998e-28
3.813066e-05 6.870468e-28
3.816678e-05 7.185343e-28
3.820995e-05 7.527963e-28
3.826222e-05 7.883927e-28
3.830375e-05 8.113887e-28
3.834815e-05 8.302343e-28
3.839249e-05 8.427333e-28
3.840821e-05 8.455929e-28
3.849780e-05 8.459277e-28
3.854007e-05 8.367825e-28
3.859365e-05 8.171022e-28
3.863121e-05 7.983113e-28
3.867972e-05 7.685943e-28
3.870323e-05 7.522212e-28
3.874326e-05 7.217787e-28
3.877217e-05 6.980561e-28
3.881012e-05 6.651233e-28
3.884671e-05 6.318670e-28
3.890502e-05 5.769270e-28
3.895114e-05 5.327660e-28
3.900303e-05 4.833783e-28
3.904338e-05 4.457781e-28
3.913563e-05 3.646501e-28
3.916051e-05 3.442515e-28
3.927413e-05 2.609670e-28
3.937919e-05 1.994768e-28
3.946643e-05 1.596449e-28
3.952579e-05 1.379284e-28
3.956189e-05 1.266650e-28
3.959800e-05 1.167581e-28
3.962564e-05 1.100281e-28
3.966375e-05 1.018721e-28
3.970557e-05 9.428979e-29
3.972985e-05 9.048474e-29
3.977143e-05 8.488251e-29
3.981189e-05 8.042186e-29
3.984012e-05 7.781913e-29
3.987873e-05 7.485349e-29
3.990566e-05 7.314312e-29
3.996310e-05 7.032313e-29
4.000087e-05 6.897653e-29
4.007316e-05 6.723977e-29
4.009404e-05 6.689690e-29
4.019732e-05 6.586616e-29
4.047332e-05 6.469456e-29
4.058361e-05 6.398001e-29
4.080659e-05 6.204139e-29
4.106755e-05 5.982836e-29
4.161009e-05 5.636590e-29
4.206129e-05 5.318768e-29
4.230861e-05 5.165555e-29
4.253984e-05 5.054478e-29
4.279475e-05 4.964643e-29
4.315191e-05 4.877889e-29
4.339787e-05 4.835368e-29
4.392177e-05 4.777092e-29
4.419141e-05 4.761523e-29
4.470747e-05 4.753650e-29
4.518854e-05 4.766930e-29
4.590904e-05 4.816364e-29
4.659934e-05 4.895359e-29
4.757357e-05 5.054160e-29
4.841724e-05 5.224068e-29
4.915200e-05 5.395081e-29
4.979983e-05 5.565380e-29
5.100653e-05 5.931510e-29
5.229256e-05 6.379657e-29
5.343967e-05 6.833397e-29
5.522670e-05 7.652555e-29
5.700000e-05 8.591929e-29
6.012245e-05 1.057086e-28
6.068674e-05 1.097558e-28
6.098497e-05 1.121893e-28
6.139480e-05 1.162464e-28
6.186022e-05 1.221725e-28
6.239172e-05 1.297349e-28
6.263801e-05 1.328621e-28
6.284401e-05 1.351105e-28
6.315119e-05 1.378981e-28
6.391344e-05 1.442832e-28
6.458309e-05 1.515277e-28
6.532900e-05 1.602124e-28
6.770242e-05 1.874508e-28
7.244360e-05 2.564131e-28
7.500422e-05 3.005066e-28
7.807904e-05 3.602124e-28
8.150000e-05 4.352198e-28
8.465694e-05 5.122803e-28
8.823865e-05 6.079853e-28
9.120108e-05 6.932957e-28
9.450977e-05 7.939607e-28
9.772372e-05 8.950825e-28
1.011579e-04 1.003552e-27
1.048398e-04 1.117812e-27
1.074842e-04 1.194214e-27
1.098353e-04 1.256700e-27
1.122018e-04 1.309653e-27
1.139159e-04 1.339744e-27
1.156779e-04 1.360258e-27
1.171297e-04 1.366690e-27
1.185010e-04 1.361369e-27
1.195820e-04 1.353948e-27
1.206073e-04 1.368356e-27
1.206939e-04 1.371630e-27
1.215337e-04 1.425201e-27
1.221934e-04 1.496953e-27
1.228329e-04 1.595376e-27
1.232851e-04 1.688195e-27
1.236906e-04 1.795155e-27
1.239257e-04 1.871175e-27
1.243833e-04 2.059763e-27
1.246883e-04 2.225200e-27
1.248408e-04 2.323057e-27
1.251458e-04 2.555077e-27
1.254509e-04 2.843663e-27
1.256796e-04 3.102610e-27
1.259222e-04 3.420581e-27
1.263659e-04 4.121931e-27
1.266710e-04 4.689340e-27
1.270146e-04 5.395910e-27
1.273233e-04 6.070283e-27
1.276239e-04 6.737218e-27
1.278290e-04 7.184393e-27
1.279923e-04 7.528548e-27
1.281683e-04 7.882267e-27
1.283717e-04 8.261211e-27
1.285352e-04 8.537143e-27
1.287248e-04 8.818751e-27
1.288961e-04 9.032675e-27
1.290693e-04 9.205350e-27
1.292376e-04 9.327326e-27
1.294659e-04 9.415313e-27
1.295508e-04 9.424323e-27
1.297859e-04 9.380692e-27
1.299336e-04 9.301897e-27
1.301155e-04 9.151966e-27
1.303106e-04 8.930181e-27
1.305227e-04 8.624980e-27
1.306972e-04 8.331156e-27
1.309299e-04 7.892542e-27
1.310462e-04 7.658291e-27
1.312837e-04 7.161319e-27
1.316667e-04 6.348311e-27
1.325008e-04 4.790771e-27
1.327759e-04 4.386097e-27
1.329262e-04 4.189877e-27
1.332375e-04 3.836458e-27
1.335630e-04 3.535763e-27
1.340868e-04 3.169251e-27
1.346987e-04 2.867128e-27
1.353326e-04 2.636369e-27
1.362545e-04 2.373609e-27
1.367522e-04 2.260541e-27
1.371876e-04 2.192779e-27
1.375128e-04 2.175202e-27
1.377842e-04 2.192213e-27
1.379747e-04 2.225949e-27
1.381631e-04 2.279982e-27
1.382925e-04 2.330267e-27
1.384031e-04 2.382323e-27
1.390172e-04 2.838030e-27
1.391905e-04 3.020065e-27
1.394282e-04 3.307445e-27
1.401883e-04 4.487307e-27
1.405135e-04 5.083191e-27
1.408107e-04 5.650683e-27
1.410412e-04 6.092612e-27
1.412546e-04 6.492156e-27
1.414724e-04 6.880325e-27
1.415699e-04 7.044735e-27
1.417948e-04 7.395169e-27
1.418498e-04 7.473780e-27
1.421636e-04 7.858773e-27
1.423121e-04 7.998655e-27
1.425306e-04 8.149493e-27
1.427175e-04 8.224386e-27
1.428987e-04 8.248720e-27
1.430950e-04 8.222679e-27
1.432590e-04 8.161344e-27
1.434698e-04 8.034208e-27
1.437252e-04 7.817566e-27
1.438955e-04 7.642244e-27
1.441509e-04 7.345395e-27
1.445517e-04 6.834007e-27
1.453620e-04 5.828703e-27
1.457908e-04 5.388457e-27
1.461110e-04 5.114098e-27
1.463564e-04 4.934656e-27
1.468547e-04 4.644068e-27
1.474681e-04 4.394752e-27
1.483618e-04 4.172863e-27
1.489544e-04 4.084705e-27
1.496773e-04 4.019976e-27
1.504463e-04 3.987766e-27
1.514601e-04 3.977817e-27
1.548000e-04 3.986204e-27
1.579873e-04 4.035716e-27
1.619531e-04 4.154735e-27
1.680000e-04 4.404287e-27
1.714232e-04 4.548702e-27
1.779032e-04 4.790992e-27
1.819701e-04 4.918318e-27
1.888690e-04 5.100996e-27
1.956110e-04 5.249886e-27
2.055136e-04 5.434469e-27
2.180694e-04 5.627619e-27
2.372256e-04 5.875511e-27
2.477500e-04 5.982870e-27
2.548768e-04 6.028018e-27
2.609409e-04 6.017218e-27
2.662413e-04 5.976415e-27
2.680370e-04 5.989158e-27
2.696456e-04 6.029616e-27
2.715910e-04 6.116355e-27
2.780347e-04 6.470064e-27
2.840000e-04 6.725340e-27
2.951209e-04 7.136777e-27
3.127767e-04 7.749118e-27
3.260000e-04 8.195249e-27
3.436957e-04 8.780163e-27
3.570685e-04 9.174180e-27
3.658652e-04 9.406847e-27
3.689000e-04 9.523362e-27
3.775672e-04 9.980862e-27
3.944892e-04 1.072839e-26
4.230428e-04 1.176455e-26
4.386904e-04 1.221156e-26
4.473170e-04 1.245719e-26
4.561561e-04 1.277410e-26
4.731513e-04 1.327159e-26
4.932222e-04 1.366854e-26
5.109347e-04 1.384624e-26
5.283065e-04 1.382839e-26
5.452841e-04 1.356574e-26
5.605830e-04 1.305871e-26
5.684895e-04 1.268380e-26
5.805312e-04 1.203913e-26
5.903845e-04 1.149583e-26
5.961997e-04 1.112575e-26
6.010000e-04 1.075399e-26
6.067500e-04 1.023665e-26
6.090000e-04 1.001711e-26
6.120162e-04 9.708207e-27
6.170713e-04 9.152279e-27
6.212500e-04 8.661244e-27
6.252500e-04 8.176729e-27
6.330000e-04 7.267809e-27
6.362109e-04 6.935827e-27
6.395682e-04 6.640391e-27
6.427500e-04 6.426646e-27
6.456542e-04 6.303269e-27
6.484325e-04 6.262852e-27
6.507817e-04 6.297424e-27
6.540918e-04 6.468707e-27
6.566272e-04 6.708920e-27
6.594868e-04 7.106565e-27
6.619209e-04 7.560355e-27
6.648114e-04 8.247606e-27
6.677487e-04 9.120658e-27
6.722782e-04 1.082923e-26
6.775399e-04 1.338801e-26
6.850000e-04 1.809376e-26
6.888118e-04 2.096836e-26
6.928736e-04 2.434928e-26
6.961882e-04 2.732517e-26
7.000000e-04 3.095546e-26
7.040000e-04 3.496562e-26
7.060000e-04 3.703480e-26
7.090000e-04 4.020370e-26
7.120000e-04 4.343447e-26
7.170000e-04 4.890739e-26
7.220000e-04 5.442602e-26
7.260000e-04 5.883412e-26
7.300000e-04 6.321313e-26
7.365429e-04 7.027893e-26
7.418438e-04 7.589411e-26
7.500000e-04 8.430092e-26
7.560000e-04 9.026097e-26
7.620000e-04 9.599392e-26
7.703609e-04 1.036125e-25
7.791178e-04 1.112301e-25
7.871382e-04 1.179252e-25
7.981981e-04 1.267738e-25
8.100941e-04 1.359579e-25
8.229669e-04 1.455614e-25
8.351285e-04 1.543425e-25
8.511380e-04 1.656148e-25
8.655766e-04 1.755461e-25
8.854748e-04 1.889213e-25
9.059836e-04 2.022086e-25
9.249433e-04 2.138082e-25
9.426041e-04 2.239435e-25
9.609040e-04 2.355027e-25
9.661368e-04 2.405978e-25
9.732125e-04 2.490242e-25
9.792770e-04 2.557149e-25
9.822523e-04 2.580511e-25
9.869348e-04 2.600724e-25
9.956879e-04 2.607669e-25
9.990671e-04 2.614705e-25
1.002287e-03 2.629548e-25
1.008211e-03 2.680158e-25
1.015066e-03 2.767362e-25
1.038039e-03 3.124284e-25
1.046232e-03 3.245393e-25
1.053778e-03 3.332650e-25
1.067301e-03 3.466853e-25
1.084295e-03 3.685915e-25
1.099843e-03 3.884325e-25
1.124000e-03 4.165156e-25
1.150000e-03 4.451895e-25
1.185945e-03 4.842990e-25
1.225453e-03 5.266453e-25
1.269142e-03 5.733362e-25
1.299882e-03 6.041589e-25
1.335142e-03 6.368192e-25
1.342821e-03 6.454106e-25
1.352130e-03 6.581045e-25
1.365910e-03 6.812975e-25
1.388695e-03 7.224793e-25
1.404648e-03 7.485420e-25
1.432608e-03 7.898117e-25
1.467869e-03 8.385071e-25
1.513562e-03 9.004127e-25
1.569008e-03 9.758764e-25
1.623163e-03 1.049537e-24
1.742771e-03 1.214510e-24
1.780376e-03 1.272222e-24
1.826995e-03 1.340244e-24
1.906176e-03 1.450507e-24
1.947213e-03 1.516574e-24
1.979818e-03 1.572151e-24
2.035870e-03 1.663144e-24
2.124556e-03 1.804081e-24
2.216282e-03 1.949749e-24
2.323688e-03 2.121768e-24
2.449566e-03 2.326389e-24
2.583300e-03 2.540859e-24
2.719337e-03 2.757714e-24
2.869541e-03 2.993989e-24
3.037479e-03 3.251740e-24
3.211469e-03 3.510429e-24
3.375893e-03 3.733849e-24
3.534338e-03 3.931312e-24
3.684117e-03 4.091676e-24
3.804450e-03 4.196619e-24
3.917489e-03 4.269688e-24
4.007297e-03 4.302701e-24
4.091052e-03 4.304647e-24
4.164310e-03 4.276712e-24
4.213386e-03 4.236026e-24
4.264103e-03 4.167435e-24
4.302487e-03 4.089805e-24
4.338254e-03 3.986647e-24
4.366176e-03 3.876928e-24
4.395375e-03 3.732945e-24
4.427817e-03 3.564805e-24
4.442253e-03 3.505783e-24
4.454550e-03 3.472500e-24
4.466836e-03 3.460010e-24
4.471005e-03 3.461135e-24
4.481500e-03 3.476760e-24
4.493233e-03 3.516024e-24
4.502594e-03 3.562959e-24
4.518559e-03 3.669926e-24
4.564591e-03 4.064007e-24
4.581036e-03 4.195671e-24
4.591937e-03 4.273053e-24
4.608260e-03 4.371931e-24
4.628382e-03 4.466134e-24
4.641808e-03 4.514174e-24
4.673805e-03 4.598290e-24
4.707342e-03 4.686244e-24
4.719944e-03 4.732925e-24
4.737811e-03 4.820954e-24
4.751199e-03 4.906338e-24
4.773012e-03 5.080992e-24
4.811131e-03 5.460692e-24
4.833800e-03 5.699461e-24
4.855679e-03 5.919034e-24
4.874429e-03 6.092296e-24
4.897788e-03 6.286897e-24
4.927982e-03 6.507464e-24
4.965880e-03 6.747931e-24
5.010001e-03 6.994027e-24
5.057155e-03 7.227078e-24
5.100093e-03 7.414795e-24
5.150270e-03 7.605470e-24
5.196020e-03 7.750255e-24
5.240527e-03 7.858993e-24
5.321852e-03 8.002097e-24
5.341679e-03 8.053241e-24
5.358355e-03 8.112360e-24
5.375538e-03 8.192311e-24
5.406144e-03 8.384290e-24
5.495438e-03 9.112022e-24
5.521478e-03 9.305709e-24
5.552269e-03 9.510559e-24
5.593579e-03 9.753106e-24
5.651580e-03 1.005630e-23
5.705382e-03 1.031531e-23
5.766905e-03 1.059309e-23
5.841731e-03 1.091202e-23
5.930587e-03 1.127269e-23
6.113488e-03 1.196192e-23
6.302675e-03 1.261120e-23
6.415856e-03 1.296720e-23
6.515278e-03 1.325408e-23
6.641822e-03 1.356151e-23
6.726670e-03 1.375161e-23
6.781953e-03 1.392394e-23
6.935761e-03 1.458612e-23
7.036133e-03 1.494654e-23
7.171104e-03 1.539498e-23
7.358971e-03 1.623316e-23
7.546751e-03 1.696880e-23
7.864320e-03 1.807991e-23
8.317638e-03 1.955330e-23
8.903819e-03 2.135332e-23
9.688355e-03 2.360399e-23
1.062080e-02 2.607537e-23
1.152137e-02 2.830861e-23
1.247416e-02 3.051249e-23
1.361099e-02 3.291762e-23
1.424392e-02 3.416089e-23
1.494175e-02 3.543855e-23
1.555517e-02 3.647733e-23
1.627043e-02 3.756618e-23
1.690015e-02 3.841671e-23
1.751729e-02 3.913450e-23
1.801372e-02 3.959672e-23
1.845082e-02 3.991009e-23
1.883973e-02 4.008577e-23
1.916640e-02 4.013610e-23
1.943190e-02 4.008781e-23
1.966311e-02 3.995601e-23
1.983948e-02 3.977579e-23
2.000998e-02 3.950520e-23
2.015615e-02 3.915698e-23
2.027373e-02 3.875739e-23
2.036767e-02 3.833668e-23
2.054100e-02 3.734055e-23
2.066666e-02 3.662418e-23
2.075034e-02 3.631488e-23
2.082051e-02 3.624174e-23
2.089296e-02 3.638567e-23
2.095907e-02 3.671671e-23
2.105641e-02 3.749889e-23
2.132681e-02 4.035176e-23
2.146155e-02 4.156910e-23
2.154757e-02 4.221573e-23
2.164601e-02 4.285160e-23
2.177457e-02 4.355799e-23
2.192684e-02 4.427200e-23
2.210376e-02 4.499068e-23
2.250943e-02 4.634690e-23
2.298556e-02 4.760801e-23
2.364558e-02 4.897706e-23
2.433587e-02 5.004653e-23
2.494692e-02 5.065744e-23
2.526547e-02 5.082453e-23
2.552843e-02 5.085606e-23
2.576140e-02 5.076645e-23
2.593356e-02 5.059237e-23
2.619655e-02 5.006732e-23
2.651394e-02 4.918407e-23
2.664226e-02 4.899301e-23
2.676255e-02 4.903176e-23
2.688164e-02 4.930143e-23
2.710117e-02 5.023645e-23
2.766020e-02 5.310379e-23
2.810864e-02 5.578799e-23
2.837362e-02 5.717074e-23
2.875707e-02 5.873716e-23
2.930280e-02 6.050410e-23
2.998645e-02 6.237099e-23
3.084765e-02 6.443050e-23
3.223970e-02 6.732768e-23
3.388947e-02 7.033025e-23
3.677104e-02 7.490014e-23
3.954517e-02 7.871555e-23
4.257715e-02 8.229741e-23
4.724041e-02 8.694801e-23
5.231447e-02 9.117227e-23
5.605426e-02 9.370557e-23
6.096128e-02 9.642815e-23
6.954925e-02 1.001634e-22
8.250076e-02 1.044037e-22
9.377139e-02 1.071675e-22
1.059721e-01 1.092300e-22
1.146339e-01 1.099408e-22
1.194488e-01 1.100059e-22
1.234515e-01 1.098216e-22
1.293512e-01 1.090011e-22
1.316605e-01 1.084051e-22
1.335485e-01 1.077281e-22
1.350637e-01 1.070016e-22
1.363433e-01 1.061933e-22
1.374437e-01 1.052693e-22
1.382923e-01 1.043240e-22
1.394531e-01 1.025507e-22
1.413327e-01 9.909252e-23
1.420745e-01 9.840862e-23
1.427473e-01 9.857843e-23
1.434347e-01 9.957554e-23
1.444660e-01 1.021538e-22
1.458409e-01 1.059227e-22
1.468675e-01 1.081640e-22
1.476128e-01 1.094485e-22
1.485401e-01 1.107561e-22
1.508285e-01 1.132113e-22
1.536150e-01 1.154572e-22
1.576855e-01 1.179617e-22
1.623258e-01 1.202083e-22
1.719764e-01 1.237450e-22
1.856055e-01 1.273489e-22
2.077864e-01 1.316152e-22
2.330184e-01 1.352536e-22
2.758840e-01 1.398300e-22
3.365327e-01 1.442822e-22
4.181321e-01 1.482525e-22
5.432503e-01 1.520815e-22
7.659134e-01 1.560215e-22
1.173413e+00 1.598612e-22
1.776032e+00 1.622537e-22
2.947480e+00 1.637655e-22
6.752287e+00 1.645939e-22
