1.000000e-06 1.000000e+05 870
870
1.000000e-06 6.098353e-35
1.024000e-06 7.653545e-35
1.042290e-06 9.100987e-35
1.054194e-06 1.019777e-34
1.065727e-06 1.140066e-34
1.076899e-06 1.271336e-34
1.087722e-06 1.414239e-34
1.108363e-06 1.737923e-34
1.127735e-06 2.117399e-34
1.145915e-06 2.559443e-34
1.154581e-06 2.806358e-34
1.162976e-06 3.072388e-34
1.171109e-06 3.358808e-34
1.186866e-06 4.004313e-34
1.201639e-06 4.740866e-34
1.215488e-06 5.579789e-34
1.228472e-06 6.531232e-34
1.240644e-06 7.605523e-34
1.252056e-06 8.813428e-34
1.262754e-06 1.016605e-33
1.272784e-06 1.167484e-33
1.282187e-06 1.335149e-33
1.291002e-06 1.520788e-33
1.299266e-06 1.725600e-33
1.307014e-06 1.950789e-33
1.314277e-06 2.197545e-33
1.321087e-06 2.467052e-33
1.327471e-06 2.760462e-33
1.333456e-06 3.078897e-33
1.339066e-06 3.423423e-33
1.344327e-06 3.795081e-33
1.349258e-06 4.194824e-33
1.353881e-06 4.623572e-33
1.358215e-06 5.082179e-33
1.362279e-06 5.571462e-33
1.366088e-06 6.092160e-33
1.369659e-06 6.644982e-33
1.373008e-06 7.230585e-33
1.376146e-06 7.849551e-33
1.379089e-06 8.502537e-33
1.381848e-06 9.190216e-33
1.384434e-06 9.913376e-33
1.386859e-06 1.067296e-32
1.391405e-06 1.236437e-32
1.395383e-06 1.422301e-32
1.398864e-06 1.624915e-32
1.401909e-06 1.843063e-32
1.404574e-06 2.074117e-32
1.406906e-06 2.314253e-32
1.408947e-06 2.558962e-32
1.410732e-06 2.803603e-32
1.413661e-06 3.276160e-32
1.416053e-06 3.737030e-32
1.424433e-06 5.995519e-32
1.426732e-06 6.809416e-32
1.429359e-06 7.843977e-32
1.431111e-06 8.593121e-32
1.433738e-06 9.799045e-32
1.437679e-06 1.176606e-31
1.439212e-06 1.257216e-31
1.441620e-06 1.387373e-31
1.444248e-06 1.532992e-31
1.447094e-06 1.693720e-31
1.449280e-06 1.818884e-31
1.452167e-06 1.986631e-31
1.455195e-06 2.167104e-31
1.460130e-06 2.477686e-31
1.467065e-06 2.962927e-31
1.470053e-06 3.186542e-31
1.473133e-06 3.416986e-31
1.475717e-06 3.601815e-31
1.477999e-06 3.751134e-31
1.479706e-06 3.850288e-31
1.481985e-06 3.960621e-31
1.483835e-06 4.027792e-31
1.485883e-06 4.075096e-31
1.486632e-06 4.084704e-31
1.490203e-06 4.069917e-31
1.492066e-06 4.021393e-31
1.494108e-06 3.936510e-31
1.495475e-06 3.862030e-31
1.497233e-06 3.746941e-31
1.499046e-06 3.607593e-31
1.500804e-06 3.455287e-31
1.502366e-06 3.308058e-31
1.504375e-06 3.106081e-31
1.506160e-06 2.918142e-31
1.507946e-06 2.725755e-31
1.509955e-06 2.507908e-31
1.511517e-06 2.339961e-31
1.515088e-06 1.970446e-31
1.516315e-06 1.850253e-31
1.518659e-06 1.633179e-31
1.521783e-06 1.372260e-31
1.525516e-06 1.106412e-31
1.530743e-06 8.162164e-32
1.533341e-06 7.040792e-32
1.536000e-06 6.082719e-32
1.538511e-06 5.330556e-32
1.541082e-06 4.691155e-32
1.543642e-06 4.163792e-32
1.546192e-06 3.727922e-32
1.548732e-06 3.365989e-32
1.551262e-06 3.063374e-32
1.553783e-06 2.808195e-32
1.556293e-06 2.590940e-32
1.558794e-06 2.404115e-32
1.561285e-06 2.241858e-32
1.566247e-06 1.973361e-32
1.571171e-06 1.760429e-32
1.576056e-06 1.587134e-32
1.580903e-06 1.443273e-32
1.585712e-06 1.321990e-32
1.590484e-06 1.218472e-32
1.595218e-06 1.129207e-32
1.599916e-06 1.051559e-32
1.604576e-06 9.834942e-33
1.609200e-06 9.234178e-33
1.613789e-06 8.700539e-33
1.622893e-06 7.792075e-33
1.631855e-06 7.052478e-33
1.640678e-06 6.440284e-33
1.649362e-06 5.926803e-33
1.657911e-06 5.491249e-33
1.666326e-06 5.118060e-33
1.674609e-06 4.795461e-33
1.682763e-06 4.514489e-33
1.690790e-06 4.268136e-33
1.698692e-06 4.050652e-33
1.714247e-06 3.681305e-33
1.729317e-06 3.382402e-33
1.743916e-06 3.136790e-33
1.758058e-06 2.932357e-33
1.771759e-06 2.760073e-33
1.785031e-06 2.613332e-33
1.797889e-06 2.487394e-33
1.810345e-06 2.378549e-33
1.834478e-06 2.196376e-33
1.857103e-06 2.052692e-33
1.878314e-06 1.937813e-33
1.898199e-06 1.844551e-33
1.920000e-06 1.755395e-33
1.934318e-06 1.703314e-33
1.967088e-06 1.599094e-33
1.995762e-06 1.521670e-33
2.020851e-06 1.463752e-33
2.064757e-06 1.377825e-33
2.097687e-06 1.323791e-33
2.147082e-06 1.256430e-33
2.218102e-06 1.178207e-33
2.288384e-06 1.118658e-33
2.400000e-06 1.043291e-33
2.564243e-06 9.284271e-34
2.603936e-06 8.869706e-34
2.633706e-06 8.454738e-34
2.656034e-06 8.035306e-34
2.672780e-06 7.614041e-34
2.685339e-06 7.201056e-34
2.694758e-06 6.816777e-34
2.701823e-06 6.482189e-34
2.707121e-06 6.207930e-34
2.711095e-06 5.993033e-34
2.723016e-06 5.357702e-34
2.727838e-06 5.143025e-34
2.731454e-06 5.017730e-34
2.733600e-06 4.963035e-34
2.736421e-06 4.918632e-34
2.743123e-06 4.973002e-34
2.746111e-06 5.086871e-34
2.749826e-06 5.320829e-34
2.752837e-06 5.593816e-34
2.755149e-06 5.858017e-34
2.759563e-06 6.501990e-34
2.762979e-06 7.130514e-34
2.767130e-06 8.048350e-34
2.776623e-06 1.073479e-33
2.779742e-06 1.176614e-33
2.783105e-06 1.293715e-33
2.786468e-06 1.415003e-33
2.790251e-06 1.553732e-33
2.793194e-06 1.661269e-33
2.799920e-06 1.896787e-33
2.800761e-06 1.924547e-33
2.806646e-06 2.103504e-33
2.808958e-06 2.165101e-33
2.813372e-06 2.266642e-33
2.816406e-06 2.323207e-33
2.818137e-06 2.350431e-33
2.821166e-06 2.389077e-33
2.823438e-06 2.410542e-33
2.826846e-06 2.430861e-33
2.830254e-06 2.437480e-33
2.833550e-06 2.431711e-33
2.838595e-06 2.402237e-33
2.843659e-06 2.351682e-33
2.847003e-06 2.309271e-33
2.853729e-06 2.209037e-33
2.857064e-06 2.154785e-33
2.876270e-06 1.845855e-33
2.882781e-06 1.757348e-33
2.888479e-06 1.689605e-33
2.898450e-06 1.592372e-33
2.913406e-06 1.488813e-33
2.928362e-06 1.419788e-33
2.933993e-06 1.399630e-33
2.948437e-06 1.357525e-33
2.962880e-06 1.324988e-33
2.986024e-06 1.285141e-33
3.014856e-06 1.248131e-33
3.056762e-06 1.207808e-33
3.146741e-06 1.135650e-33
3.180898e-06 1.096335e-33
3.197977e-06 1.068131e-33
3.219506e-06 1.026121e-33
3.230882e-06 1.006923e-33
3.238796e-06 9.985085e-34
3.246709e-06 9.966857e-34
3.251204e-06 9.993995e-34
3.259128e-06 1.011944e-33
3.263937e-06 1.024752e-33
3.267543e-06 1.036984e-33
3.275658e-06 1.072363e-33
3.286277e-06 1.132312e-33
3.299321e-06 1.216775e-33
3.307442e-06 1.268077e-33
3.315563e-06 1.313320e-33
3.320908e-06 1.338163e-33
3.324916e-06 1.353746e-33
3.330929e-06 1.371846e-33
3.336942e-06 1.383503e-33
3.341671e-06 1.388295e-33
3.346296e-06 1.389528e-33
3.354221e-06 1.384740e-33
3.362145e-06 1.373097e-33
3.377994e-06 1.338129e-33
3.404893e-06 1.274610e-33
3.429255e-06 1.228959e-33
3.457732e-06 1.185950e-33
3.474754e-06 1.166025e-33
3.483265e-06 1.159311e-33
3.491775e-06 1.155782e-33
3.500286e-06 1.156115e-33
3.511823e-06 1.163397e-33
3.523360e-06 1.178201e-33
3.551351e-06 1.230239e-33
3.559862e-06 1.244506e-33
3.567125e-06 1.254160e-33
3.574389e-06 1.260912e-33
3.585394e-06 1.265162e-33
3.593905e-06 1.263795e-33
3.610926e-06 1.252336e-33
3.636362e-06 1.230351e-33
3.648888e-06 1.224091e-33
3.661414e-06 1.222514e-33
3.680570e-06 1.227311e-33
3.715937e-06 1.239957e-33
3.742461e-06 1.242075e-33
3.787633e-06 1.242522e-33
3.940900e-06 1.252888e-33
4.077810e-06 1.247893e-33
4.192830e-06 1.250634e-33
4.340174e-06 1.247075e-33
4.512104e-06 1.232656e-33
4.690833e-06 1.213246e-33
4.856405e-06 1.187825e-33
4.982349e-06 1.163313e-33
5.112270e-06 1.133203e-33
5.251459e-06 1.094976e-33
5.370547e-06 1.058341e-33
5.487049e-06 1.018155e-33
5.600947e-06 9.751993e-34
5.718981e-06 9.279498e-34
5.830813e-06 8.798043e-34
5.928855e-06 8.352664e-34
6.030688e-06 7.868174e-34
6.102977e-06 7.509787e-34
6.193160e-06 7.046723e-34
6.290000e-06 6.538213e-34
6.373415e-06 6.091592e-34
6.450000e-06 5.673108e-34
6.506929e-06 5.358410e-34
6.560000e-06 5.062697e-34
6.620000e-06 4.728605e-34
6.672500e-06 4.438603e-34
6.732500e-06 4.109662e-34
6.770000e-06 3.904947e-34
6.810000e-06 3.687599e-34
6.850000e-06 3.471864e-34
6.890000e-06 3.257930e-34
6.922500e-06 3.085311e-34
6.960000e-06 2.887533e-34
7.010000e-06 2.627289e-34
7.047500e-06 2.436076e-34
7.085000e-06 2.249160e-34
7.147500e-06 1.947679e-34
7.200000e-06 1.704543e-34
7.274613e-06 1.377397e-34
7.352464e-06 1.062488e-34
7.395759e-06 9.005645e-35
7.436840e-06 7.568856e-35
7.512090e-06 5.215956e-35
7.582228e-06 3.393504e-35
7.626876e-06 2.453547e-35
7.642523e-06 2.166758e-35
7.784962e-06 4.841801e-36
7.819173e-06 3.892351e-36
7.865216e-06 5.300772e-36
8.063522e-06 3.900300e-35
8.099130e-06 5.036286e-35
8.192000e-06 9.142878e-35
8.325734e-06 1.785309e-34
8.410000e-06 2.526426e-34
8.545257e-06 4.063309e-34
8.664769e-06 5.837737e-34
8.850000e-06 9.432896e-34
8.981524e-06 1.272687e-33
9.158838e-06 1.834034e-33
9.363544e-06 2.672370e-33
9.581900e-06 3.770979e-33
9.654804e-06 4.047748e-33
9.660509e-06 4.063226e-33
9.990117e-06 4.072420e-33
1.030328e-05 3.807843e-33
1.056878e-05 3.517266e-33
1.074721e-05 3.288569e-33
1.092752e-05 3.031055e-33
1.112572e-05 2.717667e-33
1.125542e-05 2.496211e-33
1.138998e-05 2.254161e-33
1.152296e-05 2.005029e-33
1.161603e-05 1.826199e-33
1.174898e-05 1.566031e-33
1.184579e-05 1.375193e-33
1.195531e-05 1.160513e-33
1.206141e-05 9.563813e-34
1.216419e-05 7.649948e-34
1.227833e-05 5.650119e-34
1.236333e-05 4.290798e-34
1.247802e-05 2.682605e-34
1.255003e-05 1.839914e-34
1.263008e-05 1.096621e-34
1.268059e-05 7.513918e-35
1.272506e-05 5.366087e-35
1.285729e-05 4.642936e-35
1.287682e-05 5.345173e-35
1.288915e-05 5.906571e-35
1.304298e-05 2.154173e-34
1.307740e-05 2.755595e-34
1.318720e-05 5.440574e-34
1.325108e-05 7.623603e-34
1.332240e-05 1.068853e-33
1.344916e-05 1.802659e-33
1.356799e-05 2.756229e-33
1.367939e-05 3.943753e-33
1.378383e-05 5.375647e-33
1.389117e-05 7.240180e-33
1.397354e-05 9.001664e-33
1.405960e-05 1.121740e-32
1.414028e-05 1.370678e-32
1.429155e-05 1.968347e-32
1.453974e-05 3.485676e-32
1.464108e-05 4.399066e-32
1.472975e-05 5.408631e-32
1.480734e-05 6.508930e-32
1.487523e-05 7.695812e-32
1.493464e-05 8.967790e-32
1.498662e-05 1.032666e-31
1.503210e-05 1.177626e-31
1.507189e-05 1.331871e-31
1.510672e-05 1.494972e-31
1.516765e-05 1.868760e-31
1.521336e-05 2.250769e-31
1.524763e-05 2.611934e-31
1.529262e-05 3.201735e-31
1.535991e-05 4.353081e-31
1.538825e-05 4.929299e-31
1.541659e-05 5.547183e-31
1.542603e-05 5.759821e-31
1.546382e-05 6.623877e-31
1.547326e-05 6.838775e-31
1.550160e-05 7.464410e-31
1.551105e-05 7.662848e-31
1.553938e-05 8.211350e-31
1.554883e-05 8.374634e-31
1.556300e-05 8.597214e-31
1.557717e-05 8.789680e-31
1.558661e-05 8.899524e-31
1.560078e-05 9.034277e-31
1.561495e-05 9.130532e-31
1.563384e-05 9.195104e-31
1.564801e-05 9.193628e-31
1.565273e-05 9.183426e-31
1.567163e-05 9.093770e-31
1.568579e-05 8.975530e-31
1.569524e-05 8.872947e-31
1.571177e-05 8.649338e-31
1.572830e-05 8.372791e-31
1.573066e-05 8.329227e-31
1.576608e-05 7.569076e-31
1.578062e-05 7.208382e-31
1.580623e-05 6.524973e-31
1.582131e-05 6.103553e-31
1.583402e-05 5.742976e-31
1.585051e-05 5.274288e-31
1.586723e-05 4.804442e-31
1.587943e-05 4.469377e-31
1.589596e-05 4.031162e-31
1.591423e-05 3.574187e-31
1.593611e-05 3.073221e-31
1.598393e-05 2.191554e-31
1.599278e-05 2.063425e-31
1.603057e-05 1.644169e-31
1.603529e-05 1.606130e-31
1.605182e-05 1.497403e-31
1.606835e-05 1.425526e-31
1.608724e-05 1.386264e-31
1.609669e-05 1.382918e-31
1.610613e-05 1.389905e-31
1.611609e-05 1.408021e-31
1.612888e-05 1.446741e-31
1.615287e-05 1.562906e-31
1.632078e-05 3.535043e-31
1.634087e-05 3.864513e-31
1.636096e-05 4.205413e-31
1.640113e-05 4.908406e-31
1.644130e-05 5.613243e-31
1.648147e-05 6.282588e-31
1.650156e-05 6.591311e-31
1.652164e-05 6.876118e-31
1.654173e-05 7.132578e-31
1.656181e-05 7.356961e-31
1.658190e-05 7.546553e-31
1.660199e-05 7.699852e-31
1.662207e-05 7.816789e-31
1.664216e-05 7.898917e-31
1.667229e-05 7.964276e-31
1.668233e-05 7.973185e-31
1.677271e-05 7.954419e-31
1.680284e-05 8.005466e-31
1.681621e-05 8.054749e-31
1.683626e-05 8.168953e-31
1.685631e-05 8.340748e-31
1.687356e-05 8.542166e-31
1.689944e-05 8.950292e-31
1.691446e-05 9.251488e-31
1.692532e-05 9.500860e-31
1.694443e-05 1.000753e-30
1.696353e-05 1.060532e-30
1.700370e-05 1.218130e-30
1.704387e-05 1.422675e-30
1.710403e-05 1.829262e-30
1.712422e-05 1.996957e-30
1.716216e-05 2.363648e-30
1.718660e-05 2.641757e-30
1.722789e-05 3.206238e-30
1.727453e-05 4.033516e-30
1.731046e-05 4.858612e-30
1.735175e-05 6.081311e-30
1.737987e-05 7.129460e-30
1.741368e-05 8.677530e-30
1.747863e-05 1.277360e-29
1.753195e-05 1.751140e-29
1.756125e-05 2.072209e-29
1.758513e-05 2.367155e-29
1.760397e-05 2.620483e-29
1.763152e-05 3.022519e-29
1.764221e-05 3.187695e-29
1.768656e-05 3.918438e-29
1.769199e-05 4.011767e-29
1.772999e-05 4.676236e-29
1.774492e-05 4.937740e-29
1.777342e-05 5.425617e-29
1.779484e-05 5.773367e-29
1.780846e-05 5.981768e-29
1.782634e-05 6.236105e-29
1.783784e-05 6.386088e-29
1.784933e-05 6.524023e-29
1.786292e-05 6.669977e-29
1.788076e-05 6.830475e-29
1.789939e-05 6.956838e-29
1.790912e-05 7.004884e-29
1.792812e-05 7.061398e-29
1.794712e-05 7.066862e-29
1.795604e-05 7.051498e-29
1.797761e-05 6.966900e-29
1.799516e-05 6.849376e-29
1.801310e-05 6.685870e-29
1.803124e-05 6.479015e-29
1.804952e-05 6.231831e-29
1.806503e-05 5.995371e-29
1.808198e-05 5.712741e-29
1.809948e-05 5.399305e-29
1.811670e-05 5.074614e-29
1.813445e-05 4.728896e-29
1.815166e-05 4.388642e-29
1.817059e-05 4.014868e-29
1.819009e-05 3.637162e-29
1.820900e-05 3.284822e-29
1.823286e-05 2.868408e-29
1.829038e-05 2.045489e-29
1.833427e-05 1.631954e-29
1.834391e-05 1.568412e-29
1.835614e-05 1.502265e-29
1.836131e-05 1.479207e-29
1.837027e-05 1.446053e-29
1.838020e-05 1.419379e-29
1.839703e-05 1.398242e-29
1.840440e-05 1.398373e-29
1.841386e-05 1.406789e-29
1.842208e-05 1.421501e-29
1.842969e-05 1.441191e-29
1.843404e-05 1.454998e-29
1.844165e-05 1.483581e-29
1.846447e-05 1.602031e-29
1.847359e-05 1.662498e-29
1.851765e-05 2.051162e-29
1.856692e-05 2.645096e-29
1.859383e-05 3.023317e-29
1.861803e-05 3.386258e-29
1.863655e-05 3.674194e-29
1.865168e-05 3.913315e-29
1.867154e-05 4.229365e-29
1.869389e-05 4.583192e-29
1.870308e-05 4.726991e-29
1.872410e-05 5.048720e-29
1.874511e-05 5.357014e-29
1.875155e-05 5.448067e-29
1.877408e-05 5.751620e-29
1.879380e-05 5.994900e-29
1.881256e-05 6.204007e-29
1.882730e-05 6.351213e-29
1.885114e-05 6.554894e-29
1.887532e-05 6.714595e-29
1.889016e-05 6.787932e-29
1.890202e-05 6.832705e-29
1.891704e-05 6.871510e-29
1.894162e-05 6.891689e-29
1.894653e-05 6.889303e-29
1.898581e-05 6.795727e-29
1.900255e-05 6.717392e-29
1.903614e-05 6.497914e-29
1.905619e-05 6.331750e-29
1.909319e-05 5.969763e-29
1.911054e-05 5.780740e-29
1.913548e-05 5.494685e-29
1.916724e-05 5.117210e-29
1.921303e-05 4.577110e-29
1.926023e-05 4.066628e-29
1.930062e-05 3.695880e-29
1.932124e-05 3.536174e-29
1.934328e-05 3.389793e-29
1.935112e-05 3.343990e-29
1.937760e-05 3.214091e-29
1.940025e-05 3.133242e-29
1.941633e-05 3.092398e-29
1.943615e-05 3.060179e-29
1.945929e-05 3.046367e-29
1.947788e-05 3.052257e-29
1.950243e-05 3.080451e-29
1.953189e-05 3.139798e-29
1.957287e-05 3.255213e-29
1.965312e-05 3.519274e-29
1.969029e-05 3.628128e-29
1.972221e-05 3.703845e-29
1.975555e-05 3.761070e-29
1.978800e-05 3.793573e-29
1.982580e-05 3.803111e-29
1.986816e-05 3.781813e-29
1.991843e-05 3.723541e-29
1.997432e-05 3.635168e-29
2.008876e-05 3.452545e-29
2.016307e-05 3.364254e-29
2.024258e-05 3.297323e-29
2.052057e-05 3.124651e-29
2.078939e-05 2.942379e-29
2.127912e-05 2.613113e-29
2.155421e-05 2.465257e-29
2.180842e-05 2.343955e-29
2.205142e-05 2.239448e-29
2.229536e-05 2.145617e-29
2.254130e-05 2.060796e-29
2.280000e-05 1.981070e-29
2.330000e-05 1.850580e-29
2.372366e-05 1.758684e-29
2.398833e-05 1.709663e-29
2.426610e-05 1.663956e-29
2.486072e-05 1.581363e-29
2.540973e-05 1.519468e-29
2.575255e-05 1.487375e-29
2.645472e-05 1.432128e-29
2.708069e-05 1.394156e-29
2.770000e-05 1.364242e-29
2.844428e-05 1.336617e-29
2.952347e-05 1.309129e-29
3.037437e-05 1.295708e-29
3.162278e-05 1.284794e-29
3.280732e-05 1.281613e-29
3.353000e-05 1.282180e-29
3.579228e-05 1.301396e-29
3.779115e-05 1.328160e-29
4.064287e-05 1.378327e-29
4.377305e-05 1.444271e-29
4.704619e-05 1.522263e-29
4.900000e-05 1.572881e-29
5.163354e-05 1.651822e-29
6.000000e-05 1.914117e-29
6.355198e-05 2.020124e-29
6.792910e-05 2.143339e-29
7.082146e-05 2.215574e-29
7.413102e-05 2.292065e-29
7.762471e-05 2.358764e-29
8.150000e-05 2.413201e-29
8.728751e-05 2.449802e-29
9.269919e-05 2.420096e-29
9.624731e-05 2.360327e-29
1.000000e-04 2.263657e-29
1.029408e-04 2.167985e-29
1.060953e-04 2.027753e-29
1.072836e-04 1.962983e-29
1.100754e-04 1.779315e-29
1.115934e-04 1.661749e-29
1.133630e-04 1.517447e-29
1.138867e-04 1.475872e-29
1.147580e-04 1.402867e-29
1.151180e-04 1.368955e-29
1.154875e-04 1.330891e-29
1.160503e-04 1.266722e-29
1.165326e-04 1.207837e-29
1.175070e-04 1.093265e-29
1.179445e-04 1.050417e-29
1.183820e-04 1.015529e-29
1.186250e-04 9.997436e-30
1.190829e-04 9.764494e-30
1.194764e-04 9.620626e-30
1.201175e-04 9.458205e-30
1.207228e-04 9.336183e-30
1.214717e-04 9.165198e-30
1.221000e-04 8.980055e-30
1.230188e-04 8.644299e-30
1.252000e-04 7.785317e-30
1.257000e-04 7.627746e-30
1.263500e-04 7.470034e-30
1.269000e-04 7.389012e-30
1.275000e-04 7.366791e-30
1.283661e-04 7.478059e-30
1.292924e-04 7.816478e-30
1.301315e-04 8.351053e-30
1.307270e-04 8.878642e-30
1.314911e-04 9.751788e-30
1.323466e-04 1.100695e-29
1.332545e-04 1.267406e-29
1.345086e-04 1.555932e-29
1.358313e-04 1.932951e-29
1.371339e-04 2.374634e-29
1.387495e-04 3.012888e-29
1.390192e-04 3.128538e-29
1.406269e-04 3.867754e-29
1.423000e-04 4.718184e-29
1.425000e-04 4.824889e-29
1.442500e-04 5.801519e-29
1.465000e-04 7.162410e-29
1.487672e-04 8.650503e-29
1.492500e-04 8.983381e-29
1.513561e-04 1.050447e-28
1.520198e-04 1.100806e-28
1.540000e-04 1.258421e-28
1.550000e-04 1.342431e-28
1.570000e-04 1.519612e-28
1.595572e-04 1.764567e-28
1.610000e-04 1.912451e-28
1.640590e-04 2.248011e-28
1.670000e-04 2.598854e-28
1.680000e-04 2.724214e-28
1.705000e-04 3.050193e-28
1.717908e-04 3.225245e-28
1.740000e-04 3.534629e-28
1.757924e-04 3.794230e-28
1.780000e-04 4.123340e-28
1.800000e-04 4.429557e-28
1.843644e-04 5.119840e-28
1.895355e-04 5.973846e-28
1.935984e-04 6.667877e-28
2.002454e-04 7.844142e-28
2.069548e-04 9.081572e-28
2.116972e-04 9.976514e-28
2.171322e-04 1.103436e-27
2.219192e-04 1.196790e-27
2.259266e-04 1.274621e-27
2.288405e-04 1.337552e-27
2.302864e-04 1.379240e-27
2.314513e-04 1.421972e-27
2.327450e-04 1.479575e-27
2.340966e-04 1.547305e-27
2.354954e-04 1.616882e-27
2.363550e-04 1.655476e-27
2.377673e-04 1.709658e-27
2.400742e-04 1.786690e-27
2.414588e-04 1.838392e-27
2.441297e-04 1.954864e-27
2.458630e-04 2.029220e-27
2.471175e-04 2.077405e-27
2.487929e-04 2.135269e-27
2.581783e-04 2.450113e-27
2.645405e-04 2.669155e-27
2.725762e-04 2.951944e-27
2.798601e-04 3.211992e-27
2.875743e-04 3.487828e-27
2.978005e-04 3.855449e-27
3.038183e-04 4.071433e-27
3.066484e-04 4.185896e-27
3.092574e-04 4.306336e-27
3.213106e-04 4.964484e-27
3.287828e-04 5.364306e-27
3.362184e-04 5.740445e-27
3.486185e-04 6.365549e-27
3.594431e-04 6.914557e-27
3.772594e-04 7.846937e-27
3.961835e-04 8.876535e-27
4.374000e-04 1.125537e-26
4.680694e-04 1.315354e-26
5.101298e-04 1.590973e-26
5.559042e-04 1.911498e-26
6.053219e-04 2.279821e-26
6.683439e-04 2.778744e-26
7.088378e-04 3.110105e-26
7.964481e-04 3.865932e-26
8.896975e-04 4.723228e-26
9.359443e-04 5.161680e-26
1.038298e-03 6.139485e-26
1.098057e-03 6.720092e-26
1.152778e-03 7.249848e-26
1.216186e-03 7.854589e-26
1.277747e-03 8.417097e-26
1.343256e-03 8.957108e-26
1.400393e-03 9.375164e-26
1.452889e-03 9.705954e-26
1.499101e-03 9.939084e-26
1.541980e-03 1.008629e-25
1.576740e-03 1.013910e-25
1.609050e-03 1.011739e-25
1.636158e-03 1.002994e-25
1.661021e-03 9.872872e-26
1.684745e-03 9.627321e-26
1.704799e-03 9.325822e-26
1.716579e-03 9.093913e-26
1.728623e-03 8.797570e-26
1.740823e-03 8.413046e-26
1.750877e-03 8.011975e-26
1.759271e-03 7.610928e-26
1.765913e-03 7.257893e-26
1.779031e-03 6.563808e-26
1.782822e-03 6.399741e-26
1.786715e-03 6.266696e-26
1.790553e-03 6.180319e-26
1.792707e-03 6.154370e-26
1.797149e-03 6.157017e-26
1.800616e-03 6.213692e-26
1.803676e-03 6.303082e-26
1.805134e-03 6.358113e-26
1.807982e-03 6.487121e-26
1.812954e-03 6.771976e-26
1.818571e-03 7.161958e-26
1.829397e-03 8.006329e-26
1.833844e-03 8.357697e-26
1.838836e-03 8.746353e-26
1.864959e-03 1.089939e-25
1.882541e-03 1.266542e-25
1.887140e-03 1.313701e-25
1.893337e-03 1.375347e-25
1.901010e-03 1.446832e-25
1.907376e-03 1.501190e-25
1.914044e-03 1.553192e-25
1.924072e-03 1.622850e-25
1.936083e-03 1.695514e-25
1.949778e-03 1.767895e-25
1.962136e-03 1.825806e-25
1.977320e-03 1.888519e-25
1.991330e-03 1.938364e-25
2.022725e-03 2.035701e-25
2.031234e-03 2.068447e-25
2.039890e-03 2.109784e-25
2.051907e-03 2.182375e-25
2.076552e-03 2.364504e-25
2.087003e-03 2.440666e-25
2.097382e-03 2.510458e-25
2.109406e-03 2.583699e-25
2.122753e-03 2.657379e-25
2.137684e-03 2.733507e-25
2.158482e-03 2.833107e-25
2.179412e-03 2.928663e-25
2.227786e-03 3.138489e-25
2.286083e-03 3.378100e-25
2.346338e-03 3.615608e-25
2.418106e-03 3.887675e-25
2.517723e-03 4.257128e-25
2.634397e-03 4.684919e-25
2.762168e-03 5.145741e-25
2.957758e-03 5.836208e-25
3.145728e-03 6.491941e-25
3.378414e-03 7.294668e-25
3.701843e-03 8.399183e-25
4.068262e-03 9.631525e-25
4.531992e-03 1.117423e-24
4.982743e-03 1.264814e-24
5.743072e-03 1.507403e-24
6.364290e-03 1.699312e-24
6.972972e-03 1.879154e-24
7.640557e-03 2.065676e-24
8.219191e-03 2.216098e-24
8.871325e-03 2.373741e-24
9.637565e-03 2.540769e-24
1.037695e-02 2.683384e-24
1.116492e-02 2.813842e-24
1.161701e-02 2.877243e-24
1.234663e-02 2.960276e-24
1.293672e-02 3.005645e-24
1.341782e-02 3.022667e-24
1.377408e-02 3.017951e-24
1.408078e-02 2.995615e-24
1.431062e-02 2.960576e-24
1.441650e-02 2.936308e-24
1.451160e-02 2.908002e-24
1.459107e-02 2.877577e-24
1.466176e-02 2.843117e-24
1.472196e-02 2.806462e-24
1.480311e-02 2.744129e-24
1.491080e-02 2.641771e-24
1.500167e-02 2.558203e-24
1.505477e-02 2.524792e-24
1.509466e-02 2.512703e-24
1.514144e-02 2.516040e-24
1.517131e-02 2.528736e-24
1.520776e-02 2.555137e-24
1.526107e-02 2.612778e-24
1.533259e-02 2.715049e-24
1.545272e-02 2.904552e-24
1.551605e-02 2.995392e-24
1.559790e-02 3.096185e-24
1.568725e-02 3.186506e-24
1.581476e-02 3.290336e-24
1.595675e-02 3.385382e-24
1.613598e-02 3.487816e-24
1.635188e-02 3.594403e-24
1.660414e-02 3.703292e-24
1.702301e-02 3.860064e-24
1.749402e-02 4.012879e-24
1.822110e-02 4.219370e-24
1.925280e-02 4.476477e-24
2.025169e-02 4.695909e-24
2.179756e-02 4.996752e-24
2.377655e-02 5.338501e-24
2.567763e-02 5.627662e-24
2.829305e-02 5.972918e-24
3.128189e-02 6.314748e-24
3.523930e-02 6.700853e-24
3.783345e-02 6.914656e-24
4.175796e-02 7.172452e-24
5.159890e-02 7.676589e-24
5.959589e-02 7.985653e-24
8.609875e-02 8.700640e-24
1.085758e-01 9.126012e-24
1.297641e-01 9.402206e-24
1.573614e-01 9.644916e-24
1.985841e-01 9.875750e-24
2.691535e-01 1.010564e-23
3.785515e-01 1.029254e-23
5.543065e-01 1.042705e-23
9.093896e-01 1.051654e-23
2.235892e+00 1.056656e-23
6.752287e+00 1.057586e-23
