1.000000e-06 1.000000e+05 1305
1305
1.000000e-06 9.881858e-36
1.093285e-06 1.794389e-35
1.161540e-06 2.718607e-35
1.194115e-06 3.293306e-35
1.255195e-06 4.686015e-35
1.317281e-06 6.627076e-35
1.355437e-06 8.177919e-35
1.415693e-06 1.133111e-34
1.472241e-06 1.530305e-34
1.525311e-06 2.022011e-34
1.575115e-06 2.620707e-34
1.621856e-06 3.339049e-34
1.644136e-06 3.747312e-34
1.665720e-06 4.193510e-34
1.707540e-06 5.211291e-34
1.746745e-06 6.387891e-34
1.783501e-06 7.739059e-34
1.817959e-06 9.276307e-34
1.850263e-06 1.101028e-33
1.880549e-06 1.295061e-33
1.908942e-06 1.510568e-33
1.935560e-06 1.748254e-33
1.960514e-06 2.008673e-33
1.983909e-06 2.292229e-33
2.005842e-06 2.599242e-33
2.026403e-06 2.929913e-33
2.048000e-06 3.329052e-33
2.063752e-06 3.659090e-33
2.080695e-06 4.057273e-33
2.096578e-06 4.477386e-33
2.111469e-06 4.918862e-33
2.125429e-06 5.381420e-33
2.138517e-06 5.863878e-33
2.163056e-06 6.914319e-33
2.184528e-06 8.022483e-33
2.203316e-06 9.176464e-33
2.219755e-06 1.036142e-32
2.234140e-06 1.156205e-32
2.246726e-06 1.276374e-32
2.257739e-06 1.395216e-32
2.267376e-06 1.511335e-32
2.284240e-06 1.746914e-32
2.296887e-06 1.956498e-32
2.306373e-06 2.136468e-32
2.320602e-06 2.451566e-32
2.327717e-06 2.633660e-32
2.334831e-06 2.835433e-32
2.346325e-06 3.211229e-32
2.352072e-06 3.426693e-32
2.357819e-06 3.664057e-32
2.363566e-06 3.926643e-32
2.369312e-06 4.218508e-32
2.375059e-06 4.544702e-32
2.380806e-06 4.911593e-32
2.386553e-06 5.327420e-32
2.392300e-06 5.803114e-32
2.398047e-06 6.353583e-32
2.403794e-06 6.999627e-32
2.409541e-06 7.770716e-32
2.415288e-06 8.708586e-32
2.421034e-06 9.871433e-32
2.426781e-06 1.133802e-31
2.432528e-06 1.321028e-31
2.435402e-06 1.433675e-31
2.438275e-06 1.561299e-31
2.441149e-06 1.705731e-31
2.444022e-06 1.868837e-31
2.446895e-06 2.052477e-31
2.452768e-06 2.498954e-31
2.463566e-06 3.599805e-31
2.467826e-06 4.137109e-31
2.470856e-06 4.551819e-31
2.473885e-06 4.990303e-31
2.479945e-06 5.920576e-31
2.480702e-06 6.040097e-31
2.486004e-06 6.880144e-31
2.488087e-06 7.205521e-31
2.492063e-06 7.804458e-31
2.494146e-06 8.100567e-31
2.496134e-06 8.368071e-31
2.498123e-06 8.617957e-31
2.500774e-06 8.919082e-31
2.503330e-06 9.169567e-31
2.505697e-06 9.362205e-31
2.507685e-06 9.492214e-31
2.510241e-06 9.613752e-31
2.513650e-06 9.691471e-31
2.516490e-06 9.679882e-31
2.517545e-06 9.657685e-31
2.520554e-06 9.541359e-31
2.523341e-06 9.365199e-31
2.525685e-06 9.168237e-31
2.528584e-06 8.867294e-31
2.530675e-06 8.613919e-31
2.534668e-06 8.056819e-31
2.536851e-06 7.717832e-31
2.538464e-06 7.454709e-31
2.541295e-06 6.972058e-31
2.543988e-06 6.495310e-31
2.546597e-06 6.023872e-31
2.549248e-06 5.542336e-31
2.552018e-06 5.043442e-31
2.555686e-06 4.400225e-31
2.558337e-06 3.954975e-31
2.559095e-06 3.831497e-31
2.562645e-06 3.278290e-31
2.564775e-06 2.968726e-31
2.571213e-06 2.147662e-31
2.573166e-06 1.934472e-31
2.576894e-06 1.574688e-31
2.583847e-06 1.065591e-31
2.586254e-06 9.362273e-32
2.587872e-06 8.620884e-32
2.589343e-06 8.033816e-32
2.590889e-06 7.503704e-32
2.592220e-06 7.117493e-32
2.593643e-06 6.774107e-32
2.594905e-06 6.528956e-32
2.596050e-06 6.353948e-32
2.597052e-06 6.237329e-32
2.598805e-06 6.114248e-32
2.600120e-06 6.088936e-32
2.602092e-06 6.157889e-32
2.604064e-06 6.355104e-32
2.610474e-06 7.903918e-32
2.616883e-06 1.097023e-31
2.620088e-06 1.316321e-31
2.629703e-06 2.309246e-31
2.632907e-06 2.778103e-31
2.637715e-06 3.642945e-31
2.640118e-06 4.157614e-31
2.642522e-06 4.733165e-31
2.646675e-06 5.884225e-31
2.649761e-06 6.879418e-31
2.652908e-06 8.025686e-31
2.655947e-06 9.266029e-31
2.661750e-06 1.201111e-30
2.665069e-06 1.380516e-30
2.672005e-06 1.805147e-30
2.673535e-06 1.906986e-30
2.677551e-06 2.185865e-30
2.680636e-06 2.409168e-30
2.685224e-06 2.749639e-30
2.687233e-06 2.899733e-30
2.690106e-06 3.112685e-30
2.692875e-06 3.313810e-30
2.696244e-06 3.548886e-30
2.698117e-06 3.673274e-30
2.700794e-06 3.841176e-30
2.703993e-06 4.023588e-30
2.707703e-06 4.205414e-30
2.710864e-06 4.331465e-30
2.712503e-06 4.385351e-30
2.715804e-06 4.468712e-30
2.717762e-06 4.501664e-30
2.724022e-06 4.522191e-30
2.726941e-06 4.487806e-30
2.730345e-06 4.413881e-30
2.733861e-06 4.301768e-30
2.736873e-06 4.179459e-30
2.740188e-06 4.020235e-30
2.743400e-06 3.844985e-30
2.746256e-06 3.675128e-30
2.749010e-06 3.501556e-30
2.753192e-06 3.225372e-30
2.756456e-06 3.004086e-30
2.760127e-06 2.754271e-30
2.762983e-06 2.562310e-30
2.769511e-06 2.142109e-30
2.771755e-06 2.006127e-30
2.776038e-06 1.761483e-30
2.781750e-06 1.469216e-30
2.788781e-06 1.165699e-30
2.799706e-06 8.116153e-31
2.805105e-06 6.826423e-31
2.807788e-06 6.280897e-31
2.810461e-06 5.793641e-31
2.815787e-06 4.969948e-31
2.821070e-06 4.315499e-31
2.826313e-06 3.794186e-31
2.831514e-06 3.376217e-31
2.836675e-06 3.037810e-31
2.841796e-06 2.760455e-31
2.846876e-06 2.530033e-31
2.851917e-06 2.335931e-31
2.856919e-06 2.170224e-31
2.861881e-06 2.027011e-31
2.871728e-06 1.790679e-31
2.881422e-06 1.604092e-31
2.890964e-06 1.452773e-31
2.900357e-06 1.327554e-31
2.909603e-06 1.222285e-31
2.918704e-06 1.132650e-31
2.927664e-06 1.055507e-31
2.936483e-06 9.884959e-32
2.945165e-06 9.298066e-32
2.953711e-06 8.780174e-32
2.970536e-06 7.902397e-32
2.986835e-06 7.194404e-32
3.002624e-06 6.612477e-32
3.017921e-06 6.127026e-32
3.032739e-06 5.717015e-32
3.047094e-06 5.367017e-32
3.061001e-06 5.065395e-32
3.074473e-06 4.803061e-32
3.100575e-06 4.362761e-32
3.125046e-06 4.014808e-32
3.147987e-06 3.734207e-32
3.169494e-06 3.504350e-32
3.189658e-06 3.313523e-32
3.208561e-06 3.153057e-32
3.244004e-06 2.890435e-32
3.275017e-06 2.693308e-32
3.302153e-06 2.541947e-32
3.325897e-06 2.423406e-32
3.367449e-06 2.240421e-32
3.398614e-06 2.120008e-32
3.445360e-06 1.961160e-32
3.526488e-06 1.729268e-32
3.664014e-06 1.422507e-32
3.844132e-06 1.064139e-32
3.873079e-06 1.000386e-32
3.898408e-06 9.419249e-33
3.920571e-06 8.874816e-33
3.939964e-06 8.363827e-33
3.956932e-06 7.882820e-33
3.971780e-06 7.429823e-33
3.984771e-06 7.003678e-33
3.996139e-06 6.603856e-33
4.006085e-06 6.230336e-33
4.022404e-06 5.563892e-33
4.035731e-06 4.969100e-33
4.045726e-06 4.498745e-33
4.053222e-06 4.139388e-33
4.059000e-06 3.864116e-33
4.075712e-06 3.134701e-33
4.078219e-06 3.042581e-33
4.085743e-06 2.813046e-33
4.090759e-06 2.710772e-33
4.094521e-06 2.668292e-33
4.095775e-06 2.661639e-33
4.103299e-06 2.714880e-33
4.105807e-06 2.773404e-33
4.107061e-06 2.811360e-33
4.113644e-06 3.117024e-33
4.115839e-06 3.262898e-33
4.118817e-06 3.500189e-33
4.122344e-06 3.844491e-33
4.125430e-06 4.206784e-33
4.129846e-06 4.833261e-33
4.134773e-06 5.696378e-33
4.147057e-06 8.709304e-33
4.156351e-06 1.191436e-32
4.158960e-06 1.296893e-32
4.166552e-06 1.643592e-32
4.171566e-06 1.904864e-32
4.177465e-06 2.244153e-32
4.181846e-06 2.516925e-32
4.186580e-06 2.829802e-32
4.191288e-06 3.157014e-32
4.195881e-06 3.488727e-32
4.200746e-06 3.849725e-32
4.205758e-06 4.227024e-32
4.210479e-06 4.582463e-32
4.215122e-06 4.927079e-32
4.217120e-06 5.072618e-32
4.221891e-06 5.410212e-32
4.226662e-06 5.729495e-32
4.228491e-06 5.845910e-32
4.234753e-06 6.214413e-32
4.238669e-06 6.417836e-32
4.247018e-06 6.770753e-32
4.250517e-06 6.882960e-32
4.258150e-06 7.049834e-32
4.263072e-06 7.099747e-32
4.265422e-06 7.107736e-32
4.268945e-06 7.100931e-32
4.272469e-06 7.072250e-32
4.275029e-06 7.038232e-32
4.280788e-06 6.923685e-32
4.285219e-06 6.802807e-32
4.287730e-06 6.722972e-32
4.294397e-06 6.476600e-32
4.299163e-06 6.275039e-32
4.306794e-06 5.920606e-32
4.316969e-06 5.414396e-32
4.328441e-06 4.839839e-32
4.354380e-06 3.707331e-32
4.364619e-06 3.356916e-32
4.373531e-06 3.098165e-32
4.382165e-06 2.885212e-32
4.390529e-06 2.710138e-32
4.406734e-06 2.441904e-32
4.421926e-06 2.253464e-32
4.436169e-06 2.114350e-32
4.449522e-06 2.006544e-32
4.474558e-06 1.842541e-32
4.496465e-06 1.724689e-32
4.534801e-06 1.549160e-32
4.592306e-06 1.305110e-32
4.621058e-06 1.168313e-32
4.635435e-06 1.093064e-32
4.649811e-06 1.015304e-32
4.666978e-06 9.268402e-33
4.675089e-06 8.909526e-33
4.684146e-06 8.591560e-33
4.695590e-06 8.371246e-33
4.698103e-06 8.357101e-33
4.709610e-06 8.484461e-33
4.712487e-06 8.570865e-33
4.721117e-06 8.974967e-33
4.725566e-06 9.271884e-33
4.729812e-06 9.612888e-33
4.734058e-06 1.001004e-32
4.739854e-06 1.064070e-32
4.746361e-06 1.146414e-32
4.767438e-06 1.478065e-32
4.775886e-06 1.626182e-32
4.780213e-06 1.702189e-32
4.791751e-06 1.897029e-32
4.793194e-06 1.919992e-32
4.803290e-06 2.067579e-32
4.807783e-06 2.124336e-32
4.816360e-06 2.214402e-32
4.819238e-06 2.238805e-32
4.824276e-06 2.274094e-32
4.828054e-06 2.294253e-32
4.833722e-06 2.314307e-32
4.839389e-06 2.322327e-32
4.843542e-06 2.320826e-32
4.847696e-06 2.313384e-32
4.856326e-06 2.280420e-32
4.859203e-06 2.264668e-32
4.870710e-06 2.181866e-32
4.878709e-06 2.109545e-32
4.889590e-06 1.998616e-32
4.901097e-06 1.873386e-32
4.920840e-06 1.660693e-32
4.940146e-06 1.477495e-32
4.946219e-06 1.427835e-32
4.958363e-06 1.342498e-32
4.970508e-06 1.278034e-32
4.982652e-06 1.236507e-32
4.988725e-06 1.224726e-32
4.994797e-06 1.218966e-32
5.000869e-06 1.219115e-32
5.005424e-06 1.222966e-32
5.012255e-06 1.234389e-32
5.019086e-06 1.251957e-32
5.026860e-06 1.278269e-32
5.043375e-06 1.348944e-32
5.058556e-06 1.418429e-32
5.071446e-06 1.469724e-32
5.077118e-06 1.488022e-32
5.082791e-06 1.503070e-32
5.088118e-06 1.513993e-32
5.096108e-06 1.524307e-32
5.104098e-06 1.527414e-32
5.110171e-06 1.525272e-32
5.116243e-06 1.519674e-32
5.128388e-06 1.500257e-32
5.159062e-06 1.432200e-32
5.168014e-06 1.414853e-32
5.177430e-06 1.400131e-32
5.191868e-06 1.385398e-32
5.204584e-06 1.379625e-32
5.228944e-06 1.380360e-32
5.265585e-06 1.384836e-32
5.294949e-06 1.380065e-32
5.411283e-06 1.344987e-32
5.458423e-06 1.322870e-32
5.558235e-06 1.261092e-32
5.669563e-06 1.206164e-32
5.759701e-06 1.152427e-32
5.803577e-06 1.121344e-32
5.855830e-06 1.079171e-32
5.908082e-06 1.032234e-32
6.030886e-06 9.060207e-33
6.069018e-06 8.600704e-33
6.135751e-06 7.689851e-33
6.185800e-06 6.908698e-33
6.223337e-06 6.261870e-33
6.251490e-06 5.740588e-33
6.272605e-06 5.328889e-33
6.304277e-06 4.678359e-33
6.325871e-06 4.213384e-33
6.335949e-06 3.991083e-33
6.351544e-06 3.641523e-33
6.367139e-06 3.287026e-33
6.382734e-06 2.930595e-33
6.398329e-06 2.576748e-33
6.413924e-06 2.232359e-33
6.421722e-06 2.066850e-33
6.437317e-06 1.758660e-33
6.445115e-06 1.621442e-33
6.453995e-06 1.485240e-33
6.462875e-06 1.377919e-33
6.470828e-06 1.314778e-33
6.478782e-06 1.292949e-33
6.485341e-06 1.314885e-33
6.491900e-06 1.382303e-33
6.495799e-06 1.448249e-33
6.501647e-06 1.590154e-33
6.504571e-06 1.683172e-33
6.507495e-06 1.792763e-33
6.512248e-06 2.010236e-33
6.515812e-06 2.209099e-33
6.518485e-06 2.380623e-33
6.520490e-06 2.522885e-33
6.525001e-06 2.889534e-33
6.530179e-06 3.398955e-33
6.537713e-06 4.337820e-33
6.555727e-06 7.823247e-33
6.563907e-06 1.015939e-32
6.569876e-06 1.223756e-32
6.576699e-06 1.505664e-32
6.582181e-06 1.770622e-32
6.587420e-06 2.059231e-32
6.593390e-06 2.434301e-32
6.601066e-06 2.995940e-32
6.606712e-06 3.471253e-32
6.613200e-06 4.087786e-32
6.617575e-06 4.548482e-32
6.621950e-06 5.047077e-32
6.629904e-06 6.054646e-32
6.636863e-06 7.047104e-32
6.640748e-06 7.647132e-32
6.650646e-06 9.325728e-32
6.656867e-06 1.048950e-31
6.660201e-06 1.114679e-31
6.670203e-06 1.325123e-31
6.676459e-06 1.465990e-31
6.687428e-06 1.727224e-31
6.694349e-06 1.899151e-31
6.701956e-06 2.091942e-31
6.708711e-06 2.264383e-31
6.715767e-06 2.443463e-31
6.721855e-06 2.595230e-31
6.729590e-06 2.781675e-31
6.735742e-06 2.922797e-31
6.743617e-06 3.091273e-31
6.751524e-06 3.243606e-31
6.754992e-06 3.304314e-31
6.762967e-06 3.428121e-31
6.770403e-06 3.522030e-31
6.775121e-06 3.570102e-31
6.781877e-06 3.622684e-31
6.787491e-06 3.651476e-31
6.790744e-06 3.661900e-31
6.801528e-06 3.663731e-31
6.809324e-06 3.634486e-31
6.816880e-06 3.582956e-31
6.825196e-06 3.501837e-31
6.833256e-06 3.401290e-31
6.840420e-06 3.296120e-31
6.847790e-06 3.174827e-31
6.857820e-06 2.992812e-31
6.866007e-06 2.833742e-31
6.869894e-06 2.755997e-31
6.881555e-06 2.518292e-31
6.899978e-06 2.145201e-31
6.915135e-06 1.856558e-31
6.933558e-06 1.543029e-31
6.964262e-06 1.129963e-31
6.972450e-06 1.042904e-31
6.980638e-06 9.647891e-32
6.990750e-06 8.797458e-32
7.000704e-06 8.071958e-32
7.010502e-06 7.453542e-32
7.020147e-06 6.925828e-32
7.039136e-06 6.080286e-32
7.057531e-06 5.449704e-32
7.075352e-06 4.965945e-32
7.092616e-06 4.582981e-32
7.109340e-06 4.270493e-32
7.141743e-06 3.777383e-32
7.172121e-06 3.404222e-32
7.200601e-06 3.105277e-32
7.254000e-06 2.627826e-32
7.347448e-06 1.916673e-32
7.382491e-06 1.663864e-32
7.417533e-06 1.411329e-32
7.439983e-06 1.248809e-32
7.463459e-06 1.079229e-32
7.484001e-06 9.341981e-33
7.517702e-06 7.229897e-33
7.531463e-06 6.592532e-33
7.543504e-06 6.235141e-33
7.554040e-06 6.142135e-33
7.563259e-06 6.286082e-33
7.571325e-06 6.631226e-33
7.578384e-06 7.137643e-33
7.584560e-06 7.765018e-33
7.589964e-06 8.475557e-33
7.594692e-06 9.235836e-33
7.598830e-06 1.001771e-32
7.602450e-06 1.079858e-32
7.608389e-06 1.229236e-32
7.616418e-06 1.477711e-32
7.642760e-06 2.756562e-32
7.651260e-06 3.351494e-32
7.659401e-06 4.017585e-32
7.667065e-06 4.736213e-32
7.676656e-06 5.766574e-32
7.684703e-06 6.746457e-32
7.691701e-06 7.684936e-32
7.700093e-06 8.914740e-32
7.708190e-06 1.020495e-31
7.711559e-06 1.077033e-31
7.721666e-06 1.255864e-31
7.726576e-06 1.347247e-31
7.733172e-06 1.473933e-31
7.740283e-06 1.614670e-31
7.748628e-06 1.783655e-31
7.754717e-06 1.908391e-31
7.762399e-06 2.065853e-31
7.768851e-06 2.196852e-31
7.777448e-06 2.367416e-31
7.789495e-06 2.593616e-31
7.797776e-06 2.736811e-31
7.801423e-06 2.795960e-31
7.810246e-06 2.927641e-31
7.817263e-06 3.019583e-31
7.835488e-06 3.197994e-31
7.841539e-06 3.236390e-31
7.854263e-06 3.281696e-31
7.860314e-06 3.286363e-31
7.866089e-06 3.280849e-31
7.875008e-06 3.253829e-31
7.884636e-06 3.200873e-31
7.893920e-06 3.128493e-31
7.903215e-06 3.037563e-31
7.909414e-06 2.968000e-31
7.918802e-06 2.851335e-31
7.928189e-06 2.723807e-31
7.932883e-06 2.656956e-31
7.946964e-06 2.448663e-31
7.965739e-06 2.166080e-31
7.975523e-06 2.022565e-31
8.022167e-06 1.439561e-31
8.035027e-06 1.316851e-31
8.042742e-06 1.251439e-31
8.052515e-06 1.177052e-31
8.062234e-06 1.111877e-31
8.071953e-06 1.054727e-31
8.081671e-06 1.004753e-31
8.091390e-06 9.610624e-32
8.110827e-06 8.889558e-32
8.130265e-06 8.317542e-32
8.149442e-06 7.847042e-32
8.160949e-06 7.594208e-32
8.188577e-06 7.048570e-32
8.208015e-06 6.711279e-32
8.227452e-06 6.420182e-32
8.241297e-06 6.248226e-32
8.256325e-06 6.101365e-32
8.266327e-06 6.029029e-32
8.276046e-06 5.979268e-32
8.285765e-06 5.950045e-32
8.293454e-06 5.941315e-32
8.304987e-06 5.951067e-32
8.316520e-06 5.986050e-32
8.335260e-06 6.087396e-32
8.386929e-06 6.488871e-32
8.401994e-06 6.589057e-32
8.410636e-06 6.635171e-32
8.423598e-06 6.685220e-32
8.436561e-06 6.709630e-32
8.449408e-06 6.707029e-32
8.462256e-06 6.677810e-32
8.482343e-06 6.582426e-32
8.502430e-06 6.435759e-32
8.522517e-06 6.251429e-32
8.542604e-06 6.043832e-32
8.591501e-06 5.515541e-32
8.633795e-06 5.096145e-32
8.689011e-06 4.638429e-32
8.731785e-06 4.359375e-32
8.753172e-06 4.249102e-32
8.774559e-06 4.161952e-32
8.795946e-06 4.100296e-32
8.812388e-06 4.070916e-32
8.828831e-06 4.056804e-32
8.844469e-06 4.056328e-32
8.860106e-06 4.066488e-32
8.937633e-06 4.170765e-32
8.950998e-06 4.179743e-32
8.972145e-06 4.180091e-32
8.993292e-06 4.161986e-32
9.009814e-06 4.135574e-32
9.031201e-06 4.088195e-32
9.119752e-06 3.841647e-32
9.164317e-06 3.744848e-32
9.245564e-06 3.611708e-32
9.275730e-06 3.558733e-32
9.305684e-06 3.498167e-32
9.376514e-06 3.319770e-32
9.429126e-06 3.172030e-32
9.477600e-06 3.067879e-32
9.500654e-06 3.046991e-32
9.524630e-06 3.055029e-32
9.540608e-06 3.080216e-32
9.551977e-06 3.108500e-32
9.567516e-06 3.161236e-32
9.580528e-06 3.217487e-32
9.602606e-06 3.335421e-32
9.663539e-06 3.741196e-32
9.693800e-06 3.930069e-32
9.712666e-06 4.025393e-32
9.720633e-06 4.058843e-32
9.734574e-06 4.106542e-32
9.745031e-06 4.132830e-32
9.760715e-06 4.156685e-32
9.776400e-06 4.162192e-32
9.800629e-06 4.137519e-32
9.822703e-06 4.085382e-32
9.855484e-06 3.970730e-32
9.892129e-06 3.814299e-32
9.971172e-06 3.478715e-32
1.002026e-05 3.315780e-32
1.004480e-05 3.254611e-32
1.006934e-05 3.209444e-32
1.009389e-05 3.181543e-32
1.011106e-05 3.172469e-32
1.012823e-05 3.171684e-32
1.015008e-05 3.181504e-32
1.019206e-05 3.225163e-32
1.024114e-05 3.288312e-32
1.027957e-05 3.321806e-32
1.030039e-05 3.329113e-32
1.033931e-05 3.321156e-32
1.038840e-05 3.281777e-32
1.046827e-05 3.206218e-32
1.051359e-05 3.177301e-32
1.064333e-05 3.129594e-32
1.074331e-05 3.087946e-32
1.080153e-05 3.056580e-32
1.085905e-05 3.017248e-32
1.094658e-05 2.938557e-32
1.108753e-05 2.801932e-32
1.117681e-05 2.739328e-32
1.128737e-05 2.679311e-32
1.156501e-05 2.511076e-32
1.165000e-05 2.456312e-32
1.196547e-05 2.232654e-32
1.220000e-05 2.057588e-32
1.258925e-05 1.747095e-32
1.290938e-05 1.483126e-32
1.327004e-05 1.185725e-32
1.350000e-05 1.000589e-32
1.373664e-05 8.176126e-33
1.400000e-05 6.252800e-33
1.427365e-05 4.458059e-33
1.447917e-05 3.305163e-33
1.470658e-05 2.279468e-33
1.492663e-05 1.583767e-33
1.511967e-05 1.264904e-33
1.518207e-05 1.229760e-33
1.530705e-05 1.273506e-33
1.537734e-05 1.370668e-33
1.543503e-05 1.492362e-33
1.548273e-05 1.622608e-33
1.564742e-05 2.286834e-33
1.580183e-05 3.236084e-33
1.594658e-05 4.450264e-33
1.610000e-05 6.119961e-33
1.624274e-05 8.077329e-33
1.638400e-05 1.045482e-32
1.664370e-05 1.589625e-32
1.686959e-05 1.979313e-32
1.687935e-05 1.986641e-32
1.717510e-05 1.826366e-32
1.739606e-05 1.541202e-32
1.757924e-05 1.307597e-32
1.776260e-05 1.085261e-32
1.794022e-05 8.845155e-33
1.811785e-05 7.023986e-33
1.825164e-05 5.816026e-33
1.840941e-05 4.624222e-33
1.847461e-05 4.218388e-33
1.856380e-05 3.757286e-33
1.860839e-05 3.570953e-33
1.865299e-05 3.416336e-33
1.869758e-05 3.295258e-33
1.874218e-05 3.209721e-33
1.878677e-05 3.161865e-33
1.883137e-05 3.153941e-33
1.887596e-05 3.188196e-33
1.892056e-05 3.266787e-33
1.896515e-05 3.391684e-33
1.900975e-05 3.564697e-33
1.920975e-05 4.979822e-33
1.940975e-05 7.605154e-33
1.950530e-05 9.378201e-33
1.964863e-05 1.278489e-32
1.974418e-05 1.561665e-32
1.988750e-05 2.082019e-32
2.003082e-05 2.732029e-32
2.020000e-05 3.693579e-32
2.031747e-05 4.506203e-32
2.036525e-05 4.874641e-32
2.059623e-05 6.999721e-32
2.081278e-05 9.597736e-32
2.101579e-05 1.270271e-31
2.120611e-05 1.633868e-31
2.138454e-05 2.052049e-31
2.158060e-05 2.615079e-31
2.185566e-05 3.636064e-31
2.283821e-05 1.122628e-30
2.312479e-05 1.555073e-30
2.334421e-05 2.002549e-30
2.346536e-05 2.306877e-30
2.359060e-05 2.674753e-30
2.379638e-05 3.427542e-30
2.392868e-05 4.036187e-30
2.406097e-05 4.771084e-30
2.417942e-05 5.562754e-30
2.429786e-05 6.512802e-30
2.441169e-05 7.613640e-30
2.453502e-05 9.073067e-30
2.459476e-05 9.903767e-30
2.465357e-05 1.081629e-29
2.471242e-05 1.183802e-29
2.477165e-05 1.299297e-29
2.483087e-05 1.429614e-29
2.489009e-05 1.577332e-29
2.496086e-05 1.781198e-29
2.502680e-05 2.003924e-29
2.507859e-05 2.206025e-29
2.512964e-05 2.433719e-29
2.518621e-05 2.726438e-29
2.524543e-05 3.089916e-29
2.529910e-05 3.483695e-29
2.535277e-05 3.956543e-29
2.541518e-05 4.637444e-29
2.547758e-05 5.509145e-29
2.550878e-05 6.038231e-29
2.555773e-05 7.028119e-29
2.560238e-05 8.142048e-29
2.563359e-05 9.066908e-29
2.566479e-05 1.013472e-28
2.570524e-05 1.176859e-28
2.574570e-05 1.373377e-28
2.580907e-05 1.761988e-28
2.593626e-05 2.929051e-28
2.598402e-05 3.530527e-28
2.602638e-05 4.147719e-28
2.605921e-05 4.681547e-28
2.607891e-05 5.025009e-28
2.612693e-05 5.932694e-28
2.615095e-05 6.421640e-28
2.620697e-05 7.640153e-28
2.622898e-05 8.142846e-28
2.627602e-05 9.245172e-28
2.631420e-05 1.014996e-27
2.633271e-05 1.058514e-27
2.635902e-05 1.119363e-27
2.638644e-05 1.180796e-27
2.641723e-05 1.246266e-27
2.645122e-05 1.312752e-27
2.647602e-05 1.356529e-27
2.651502e-05 1.415677e-27
2.654793e-05 1.455022e-27
2.658099e-05 1.483686e-27
2.660963e-05 1.499097e-27
2.664389e-05 1.505558e-27
2.666168e-05 1.503685e-27
2.672123e-05 1.471712e-27
2.674987e-05 1.442819e-27
2.677909e-05 1.405010e-27
2.680362e-05 1.367304e-27
2.683385e-05 1.314170e-27
2.685154e-05 1.280062e-27
2.688056e-05 1.219997e-27
2.690278e-05 1.171126e-27
2.693454e-05 1.097983e-27
2.696771e-05 1.018794e-27
2.700738e-05 9.224711e-28
2.703939e-05 8.450056e-28
2.707541e-05 7.596621e-28
2.710343e-05 6.954520e-28
2.716779e-05 5.580413e-28
2.719074e-05 5.131043e-28
2.721694e-05 4.647038e-28
2.725623e-05 3.980926e-28
2.729996e-05 3.325295e-28
2.733372e-05 2.879666e-28
2.738300e-05 2.319327e-28
2.743266e-05 1.853978e-28
2.758765e-05 9.108709e-29
2.763854e-05 7.256925e-29
2.770641e-05 5.439168e-29
2.777427e-05 4.187866e-29
2.779123e-05 3.945356e-29
2.784213e-05 3.356092e-29
2.785910e-05 3.200461e-29
2.790999e-05 2.836783e-29
2.792139e-05 2.774252e-29
2.794412e-05 2.667787e-29
2.795630e-05 2.620025e-29
2.797874e-05 2.547570e-29
2.800119e-05 2.493443e-29
2.801524e-05 2.467971e-29
2.802753e-05 2.450531e-29
2.804904e-05 2.429911e-29
2.807727e-05 2.419556e-29
2.810450e-05 2.424428e-29
2.814751e-05 2.454247e-29
2.818992e-05 2.500457e-29
2.825778e-05 2.584735e-29
2.831716e-05 2.646653e-29
2.834049e-05 2.664114e-29
2.838691e-05 2.683734e-29
2.842459e-05 2.683258e-29
2.844190e-05 2.677930e-29
2.847572e-05 2.658368e-29
2.850040e-05 2.636767e-29
2.853634e-05 2.595160e-29
2.857299e-05 2.541927e-29
2.863690e-05 2.429145e-29
2.870320e-05 2.296207e-29
2.889871e-05 1.910684e-29
2.897420e-05 1.786909e-29
2.905634e-05 1.670518e-29
2.914246e-05 1.565044e-29
2.952749e-05 1.192639e-29
2.973914e-05 1.021768e-29
3.019811e-05 7.264347e-30
3.029950e-05 6.766924e-30
3.039427e-05 6.362117e-30
3.045075e-05 6.150928e-30
3.050846e-05 5.959937e-30
3.058378e-05 5.750085e-30
3.065139e-05 5.601104e-30
3.072363e-05 5.484987e-30
3.077700e-05 5.430488e-30
3.083309e-05 5.407545e-30
3.086404e-05 5.413685e-30
3.088619e-05 5.428280e-30
3.091167e-05 5.457679e-30
3.093514e-05 5.498958e-30
3.095869e-05 5.556859e-30
3.099255e-05 5.675871e-30
3.102468e-05 5.838110e-30
3.105087e-05 6.015461e-30
3.108264e-05 6.299000e-30
3.110825e-05 6.594619e-30
3.111979e-05 6.750934e-30
3.113756e-05 7.023741e-30
3.115985e-05 7.427471e-30
3.117147e-05 7.668641e-30
3.118764e-05 8.043065e-30
3.120330e-05 8.453354e-30
3.121847e-05 8.900165e-30
3.123316e-05 9.383934e-30
3.126163e-05 1.048195e-29
3.128833e-05 1.173254e-29
3.131335e-05 1.313142e-29
3.133681e-05 1.467127e-29
3.135881e-05 1.634222e-29
3.137943e-05 1.813229e-29
3.141688e-05 2.201488e-29
3.149273e-05 3.294693e-29
3.155742e-05 4.642691e-29
3.160076e-05 5.812611e-29
3.164029e-05 7.097308e-29
3.168350e-05 8.767209e-29
3.172023e-05 1.042499e-28
3.174348e-05 1.159461e-28
3.178059e-05 1.366451e-28
3.180572e-05 1.521193e-28
3.184472e-05 1.784981e-28
3.186787e-05 1.955231e-28
3.189529e-05 2.169765e-28
3.192792e-05 2.442632e-28
3.193767e-05 2.527756e-28
3.201084e-05 3.213431e-28
3.203623e-05 3.467739e-28
3.209097e-05 4.035615e-28
3.212522e-05 4.398509e-28
3.214527e-05 4.611281e-28
3.217815e-05 4.957856e-28
3.221360e-05 5.323337e-28
3.224508e-05 5.635932e-28
3.227987e-05 5.962896e-28
3.231216e-05 6.244341e-28
3.232349e-05 6.337194e-28
3.236165e-05 6.624340e-28
3.239938e-05 6.864916e-28
3.242612e-05 7.006428e-28
3.246164e-05 7.154500e-28
3.248694e-05 7.230862e-28
3.255983e-05 7.310720e-28
3.259506e-05 7.274621e-28
3.263101e-05 7.189325e-28
3.266063e-05 7.084040e-28
3.269322e-05 6.934208e-28
3.273209e-05 6.713012e-28
3.275542e-05 6.560506e-28
3.278124e-05 6.376494e-28
3.281512e-05 6.114014e-28
3.284780e-05 5.842449e-28
3.289769e-05 5.402584e-28
3.293669e-05 5.045872e-28
3.298056e-05 4.640035e-28
3.301468e-05 4.326298e-28
3.309268e-05 3.634900e-28
3.312071e-05 3.399971e-28
3.318470e-05 2.899016e-28
3.325284e-05 2.426713e-28
3.340868e-05 1.597221e-28
3.344885e-05 1.436654e-28
3.348901e-05 1.295393e-28
3.353525e-05 1.154622e-28
3.358148e-05 1.034848e-28
3.365450e-05 8.825553e-29
3.373630e-05 7.559458e-29
3.381873e-05 6.650291e-29
3.385994e-05 6.305856e-29
3.390116e-05 6.022521e-29
3.393390e-05 5.835682e-29
3.398302e-05 5.610710e-29
3.404040e-05 5.419274e-29
3.406374e-05 5.360091e-29
3.411114e-05 5.267884e-29
3.416235e-05 5.203366e-29
3.424315e-05 5.155761e-29
3.432783e-05 5.148883e-29
3.444666e-05 5.161522e-29
3.453600e-05 5.159245e-29
3.459547e-05 5.144954e-29
3.468372e-05 5.102217e-29
3.475121e-05 5.053482e-29
3.486853e-05 4.944851e-29
3.512684e-05 4.679806e-29
3.526963e-05 4.556009e-29
3.540546e-05 4.459840e-29
3.572683e-05 4.281961e-29
3.632331e-05 3.974506e-29
3.657598e-05 3.860351e-29
3.693720e-05 3.728404e-29
3.751581e-05 3.567222e-29
3.806404e-05 3.451460e-29
3.890451e-05 3.319876e-29
3.956940e-05 3.242985e-29
4.029035e-05 3.182082e-29
4.110000e-05 3.131268e-29
4.197272e-05 3.094315e-29
4.294486e-05 3.070285e-29
4.395956e-05 3.057527e-29
4.511977e-05 3.058821e-29
4.669017e-05 3.080754e-29
4.843533e-05 3.124007e-29
5.017946e-05 3.186220e-29
5.215682e-05 3.270818e-29
5.390783e-05 3.355641e-29
5.449196e-05 3.391016e-29
5.484375e-05 3.421739e-29
5.551050e-05 3.493586e-29
5.599743e-05 3.536776e-29
5.723467e-05 3.620288e-29
5.982732e-05 3.853773e-29
6.242152e-05 4.124739e-29
6.573601e-05 4.544111e-29
6.850000e-05 4.958793e-29
7.275758e-05 5.732881e-29
7.800000e-05 6.933715e-29
8.352824e-05 8.520802e-29
9.015711e-05 1.090310e-28
9.549926e-05 1.321348e-28
1.047129e-04 1.808059e-28
1.228800e-04 3.150539e-28
1.312457e-04 3.936058e-28
1.382400e-04 4.654129e-28
1.428894e-04 5.144529e-28
1.462177e-04 5.488601e-28
1.495526e-04 5.811844e-28
1.516773e-04 5.997486e-28
1.533371e-04 6.124809e-28
1.547363e-04 6.214138e-28
1.562296e-04 6.284918e-28
1.571085e-04 6.310474e-28
1.581203e-04 6.319865e-28
1.589426e-04 6.307515e-28
1.597548e-04 6.273915e-28
1.611466e-04 6.175418e-28
1.616421e-04 6.152016e-28
1.620214e-04 6.160131e-28
1.624366e-04 6.220216e-28
1.627739e-04 6.332535e-28
1.630553e-04 6.488690e-28
1.632605e-04 6.648566e-28
1.635670e-04 6.976058e-28
1.638266e-04 7.352374e-28
1.640204e-04 7.701861e-28
1.641969e-04 8.076607e-28
1.643336e-04 8.406500e-28
1.645695e-04 9.062299e-28
1.647480e-04 9.635302e-28
1.652127e-04 1.144929e-27
1.658406e-04 1.462585e-27
1.662456e-04 1.704584e-27
1.666032e-04 1.933637e-27
1.668599e-04 2.101636e-27
1.671226e-04 2.271929e-27
1.673455e-04 2.411537e-27
1.675651e-04 2.541631e-27
1.677993e-04 2.668844e-27
1.680102e-04 2.770529e-27
1.682425e-04 2.865588e-27
1.684842e-04 2.942836e-27
1.686459e-04 2.981050e-27
1.690304e-04 3.025467e-27
1.691717e-04 3.024964e-27
1.694343e-04 3.000257e-27
1.695720e-04 2.975369e-27
1.696789e-04 2.950705e-27
1.698244e-04 2.909995e-27
1.699757e-04 2.859575e-27
1.702260e-04 2.760389e-27
1.703844e-04 2.689044e-27
1.706281e-04 2.569632e-27
1.708306e-04 2.464454e-27
1.710838e-04 2.329886e-27
1.718229e-04 1.964785e-27
1.718483e-04 1.953965e-27
1.726533e-04 1.711591e-27
1.727759e-04 1.694684e-27
1.729047e-04 1.683222e-27
1.730923e-04 1.678226e-27
1.732436e-04 1.684333e-27
1.733906e-04 1.698828e-27
1.735891e-04 1.731419e-27
1.736846e-04 1.752224e-27
1.738246e-04 1.788414e-27
1.740147e-04 1.847728e-27
1.742992e-04 1.955650e-27
1.747885e-04 2.180364e-27
1.751691e-04 2.371491e-27
1.755433e-04 2.555741e-27
1.757671e-04 2.657840e-27
1.760923e-04 2.788084e-27
1.762078e-04 2.827976e-27
1.763991e-04 2.885563e-27
1.765803e-04 2.929607e-27
1.766695e-04 2.947366e-27
1.768999e-04 2.980865e-27
1.771142e-04 2.995896e-27
1.773701e-04 2.993897e-27
1.775768e-04 2.977274e-27
1.777714e-04 2.950372e-27
1.780780e-04 2.888593e-27
1.782410e-04 2.847562e-27
1.786311e-04 2.732227e-27
1.790391e-04 2.595749e-27
1.802894e-04 2.190348e-27
1.805420e-04 2.123825e-27
1.808118e-04 2.060704e-27
1.812957e-04 1.968265e-27
1.818957e-04 1.888181e-27
1.824786e-04 1.840803e-27
1.830966e-04 1.814876e-27
1.837267e-04 1.805867e-27
1.846810e-04 1.811371e-27
1.872210e-04 1.863743e-27
1.894681e-04 1.927028e-27
1.917140e-04 2.004808e-27
1.979500e-04 2.259787e-27
2.018214e-04 2.421983e-27
2.069236e-04 2.625233e-27
2.125814e-04 2.834840e-27
2.193522e-04 3.071709e-27
2.280000e-04 3.368063e-27
2.498921e-04 4.148303e-27
2.891214e-04 5.813446e-27
3.056219e-04 6.577698e-27
3.111907e-04 6.784882e-27
3.137336e-04 6.867890e-27
3.155828e-04 6.953183e-27
3.168390e-04 7.040434e-27
3.180440e-04 7.154270e-27
3.194077e-04 7.318595e-27
3.229985e-04 7.826771e-27
3.246460e-04 8.027144e-27
3.262813e-04 8.185832e-27
3.289556e-04 8.388147e-27
3.408703e-04 9.260773e-27
3.624442e-04 1.091033e-26
3.757177e-04 1.210700e-26
3.850000e-04 1.300676e-26
4.090135e-04 1.534645e-26
4.338718e-04 1.784497e-26
4.474785e-04 1.924455e-26
4.532284e-04 1.992066e-26
4.668778e-04 2.175467e-26
4.926064e-04 2.513775e-26
5.339493e-04 3.080030e-26
5.778069e-04 3.725743e-26
6.271405e-04 4.504886e-26
6.814516e-04 5.418648e-26
7.407770e-04 6.470900e-26
8.042824e-04 7.620434e-26
8.717804e-04 8.866028e-26
9.370775e-04 1.007173e-25
1.004717e-03 1.127527e-25
1.065561e-03 1.227147e-25
1.122018e-03 1.303624e-25
1.172934e-03 1.357105e-25
1.220182e-03 1.387898e-25
1.257969e-03 1.393886e-25
1.289881e-03 1.381455e-25
1.318270e-03 1.352035e-25
1.345086e-03 1.303126e-25
1.363442e-03 1.253613e-25
1.382124e-03 1.184540e-25
1.395903e-03 1.117588e-25
1.405440e-03 1.060906e-25
1.415163e-03 9.945015e-26
1.424878e-03 9.256652e-26
1.431895e-03 8.836542e-26
1.435400e-03 8.684761e-26
1.438907e-03 8.588512e-26
1.442942e-03 8.560522e-26
1.445814e-03 8.600577e-26
1.448221e-03 8.674440e-26
1.450546e-03 8.781100e-26
1.452768e-03 8.915211e-26
1.454546e-03 9.044929e-26
1.456475e-03 9.207967e-26
1.460030e-03 9.568472e-26
1.463562e-03 1.000491e-25
1.466997e-03 1.050752e-25
1.471734e-03 1.133746e-25
1.476550e-03 1.235628e-25
1.483632e-03 1.416652e-25
1.490612e-03 1.620354e-25
1.493120e-03 1.695337e-25
1.495458e-03 1.764335e-25
1.497851e-03 1.832995e-25
1.499602e-03 1.881412e-25
1.502142e-03 1.948281e-25
1.505050e-03 2.019186e-25
1.509572e-03 2.116799e-25
1.513000e-03 2.181245e-25
1.517082e-03 2.249648e-25
1.526885e-03 2.397677e-25
1.549714e-03 2.778105e-25
1.557560e-03 2.912757e-25
1.568975e-03 3.095519e-25
1.580574e-03 3.264204e-25
1.595625e-03 3.463951e-25
1.612791e-03 3.675620e-25
1.636903e-03 3.957636e-25
1.658918e-03 4.203041e-25
1.692734e-03 4.566391e-25
1.728576e-03 4.937115e-25
1.757824e-03 5.211400e-25
1.782398e-03 5.411299e-25
1.803442e-03 5.550333e-25
1.829377e-03 5.703873e-25
1.841345e-03 5.809652e-25
1.849084e-03 5.903955e-25
1.857191e-03 6.026311e-25
1.895491e-03 6.748486e-25
1.905454e-03 6.922575e-25
1.917015e-03 7.105898e-25
1.932948e-03 7.329513e-25
1.950178e-03 7.543936e-25
1.972352e-03 7.793699e-25
1.998359e-03 8.060094e-25
2.047735e-03 8.530659e-25
2.059505e-03 8.666888e-25
2.079974e-03 8.949207e-25
2.112776e-03 9.446622e-25
2.128940e-03 9.677161e-25
2.150100e-03 9.955248e-25
2.172940e-03 1.023082e-24
2.202990e-03 1.056496e-24
2.258582e-03 1.113579e-24
2.282059e-03 1.145255e-24
2.332524e-03 1.226223e-24
2.355800e-03 1.260032e-24
2.423324e-03 1.349839e-24
2.480324e-03 1.422267e-24
2.599314e-03 1.569902e-24
2.733859e-03 1.737019e-24
2.870130e-03 1.903718e-24
3.109431e-03 2.197227e-24
3.320620e-03 2.456302e-24
3.499950e-03 2.673475e-24
3.924190e-03 3.187383e-24
4.140007e-03 3.444190e-24
4.457204e-03 3.817245e-24
4.870551e-03 4.284946e-24
5.117746e-03 4.556190e-24
5.545060e-03 5.004378e-24
5.785119e-03 5.246180e-24
6.042964e-03 5.492153e-24
6.310039e-03 5.733132e-24
6.570488e-03 5.953225e-24
6.821032e-03 6.146367e-24
7.081704e-03 6.326680e-24
7.299154e-03 6.450517e-24
7.486636e-03 6.539315e-24
7.647079e-03 6.596695e-24
7.796955e-03 6.627027e-24
7.924733e-03 6.633108e-24
8.026519e-03 6.620359e-24
8.120425e-03 6.589325e-24
8.199907e-03 6.542758e-24
8.264157e-03 6.485063e-24
8.323210e-03 6.408361e-24
8.372462e-03 6.318958e-24
8.430486e-03 6.173583e-24
8.545132e-03 5.814885e-24
8.578706e-03 5.750289e-24
8.607055e-03 5.735347e-24
8.627370e-03 5.751366e-24
8.650439e-03 5.797675e-24
8.682995e-03 5.909948e-24
8.716237e-03 6.068348e-24
8.801080e-03 6.540253e-24
8.850666e-03 6.785878e-24
8.889284e-03 6.946142e-24
8.916929e-03 7.045059e-24
8.965074e-03 7.191316e-24
9.016351e-03 7.319209e-24
9.075856e-03 7.441329e-24
9.143105e-03 7.552780e-24
9.202509e-03 7.630482e-24
9.271443e-03 7.695796e-24
9.331536e-03 7.727294e-24
9.383003e-03 7.731871e-24
9.541292e-03 7.680392e-24
9.589368e-03 7.712467e-24
9.635917e-03 7.796856e-24
9.681681e-03 7.929485e-24
9.797098e-03 8.353665e-24
9.862149e-03 8.556944e-24
9.935410e-03 8.730543e-24
1.004824e-02 8.985759e-24
1.010782e-02 9.167883e-24
1.029563e-02 9.872363e-24
1.039621e-02 1.019366e-23
1.053521e-02 1.055880e-23
1.071519e-02 1.096388e-23
1.096478e-02 1.146415e-23
1.134627e-02 1.214427e-23
1.164745e-02 1.263040e-23
1.216186e-02 1.339339e-23
1.276645e-02 1.421033e-23
1.343063e-02 1.503164e-23
1.447312e-02 1.619836e-23
1.559931e-02 1.734535e-23
1.730942e-02 1.892794e-23
1.963793e-02 2.085981e-23
2.172101e-02 2.241833e-23
2.384460e-02 2.384611e-23
2.571314e-02 2.495410e-23
2.853410e-02 2.637616e-23
3.235936e-02 2.796285e-23
3.645411e-02 2.938380e-23
3.937625e-02 3.017695e-23
4.257234e-02 3.081484e-23
4.746185e-02 3.149281e-23
5.011872e-02 3.170661e-23
5.241168e-02 3.173063e-23
5.418811e-02 3.157215e-23
5.544759e-02 3.129821e-23
5.639622e-02 3.093728e-23
5.679110e-02 3.072168e-23
5.717947e-02 3.044959e-23
5.749819e-02 3.016046e-23
5.776284e-02 2.985658e-23
5.812382e-02 2.932523e-23
5.889910e-02 2.796130e-23
5.916116e-02 2.768808e-23
5.938434e-02 2.765097e-23
5.962467e-02 2.784550e-23
5.982714e-02 2.818692e-23
6.011864e-02 2.888659e-23
6.076830e-02 3.066809e-23
6.105000e-02 3.132839e-23
6.147027e-02 3.212830e-23
6.195742e-02 3.284676e-23
6.267559e-02 3.367039e-23
6.365932e-02 3.455802e-23
6.515456e-02 3.564008e-23
6.702824e-02 3.673472e-23
6.924945e-02 3.779258e-23
7.278255e-02 3.914585e-23
7.750054e-02 4.059250e-23
8.354474e-02 4.205297e-23
9.209476e-02 4.364838e-23
1.024399e-01 4.516059e-23
1.159696e-01 4.660587e-23
1.397757e-01 4.832614e-23
1.949845e-01 5.112116e-23
2.344229e-01 5.240504e-23
2.932480e-01 5.356431e-23
4.007297e-01 5.473260e-23
5.881026e-01 5.575428e-23
9.360412e-01 5.656586e-23
1.619761e+00 5.708312e-23
4.068655e+00 5.734377e-23
