  1.000E-03   7.171E+01   4.356E-03   7.172E+01   0.000E+00
   1.500E-03   5.808E+01   5.110E-03   5.808E+01   0.000E+00
   2.000E-03   4.905E+01   5.653E-03   4.906E+01   0.000E+00
   2.500E-03   4.267E+01   6.067E-03   4.268E+01   0.000E+00
   3.000E-03   3.791E+01   6.400E-03   3.791E+01   0.000E+00
   3.500E-03   3.421E+01   6.675E-03   3.421E+01   0.000E+00
   4.000E-03   3.124E+01   6.906E-03   3.124E+01   0.000E+00
   4.500E-03   2.880E+01   7.105E-03   2.881E+01   0.000E+00
   5.000E-03   2.676E+01   7.278E-03   2.676E+01   0.000E+00
   6.000E-03   2.352E+01   7.566E-03   2.352E+01   0.000E+00
   7.000E-03   2.105E+01   7.797E-03   2.106E+01   0.000E+00
   8.000E-03   1.911E+01   7.985E-03   1.912E+01   0.000E+00
   9.000E-03   1.754E+01   8.143E-03   1.754E+01   0.000E+00
   1.000E-02   1.623E+01   8.276E-03   1.624E+01   0.000E+00
   1.500E-02   1.202E+01   8.730E-03   1.203E+01   0.000E+00
   2.000E-02   9.704E+00   8.990E-03   9.713E+00   0.000E+00
   2.500E-02   8.224E+00   9.157E-03   8.233E+00   0.000E+00
   3.000E-02   7.190E+00   9.275E-03   7.199E+00   0.000E+00
   3.500E-02   6.424E+00   9.366E-03   6.433E+00   0.000E+00
   4.000E-02   5.833E+00   9.438E-03   5.842E+00   0.000E+00
   4.500E-02   5.361E+00   9.500E-03   5.371E+00   0.000E+00
   5.000E-02   4.977E+00   9.553E-03   4.986E+00   0.000E+00
   6.000E-02   4.385E+00   9.647E-03   4.395E+00   0.000E+00
   7.000E-02   3.951E+00   9.733E-03   3.961E+00   0.000E+00
   8.000E-02   3.619E+00   9.816E-03   3.629E+00   0.000E+00
   9.000E-02   3.356E+00   9.903E-03   3.366E+00   0.000E+00
   1.000E-01   3.143E+00   9.993E-03   3.153E+00   0.000E+00
   1.500E-01   2.489E+00   1.051E-02   2.499E+00   0.000E+00
   2.000E-01   2.156E+00   1.112E-02   2.168E+00   0.000E+00
   2.500E-01   1.958E+00   1.181E-02   1.970E+00   0.000E+00
   3.000E-01   1.829E+00   1.258E-02   1.841E+00   0.000E+00
   3.500E-01   1.739E+00   1.340E-02   1.753E+00   0.000E+00
   4.000E-01   1.675E+00   1.428E-02   1.689E+00   0.000E+00
   4.500E-01   1.627E+00   1.521E-02   1.642E+00   0.000E+00
   5.000E-01   1.591E+00   1.618E-02   1.607E+00   0.000E+00
   6.000E-01   1.542E+00   1.824E-02   1.560E+00   0.000E+00
   7.000E-01   1.512E+00   2.043E-02   1.532E+00   0.000E+00
   8.000E-01   1.494E+00   2.272E-02   1.517E+00   0.000E+00
   9.000E-01   1.483E+00   2.511E-02   1.508E+00   0.000E+00
   1.000E+00   1.478E+00   2.759E-02   1.505E+00   0.000E+00
   1.500E+00   1.484E+00   4.115E-02   1.525E+00   0.000E+00
   2.000E+00   1.509E+00   5.614E-02   1.565E+00   0.000E+00
   2.500E+00   1.538E+00   7.215E-02   1.610E+00   0.000E+00
   3.000E+00   1.565E+00   8.894E-02   1.654E+00   0.000E+00
   3.500E+00   1.590E+00   1.063E-01   1.697E+00   0.000E+00
   4.000E+00   1.614E+00   1.242E-01   1.738E+00   0.000E+00
   4.500E+00   1.636E+00   1.426E-01   1.778E+00   0.000E+00
   5.000E+00   1.656E+00   1.613E-01   1.817E+00   0.000E+00
   6.000E+00   1.691E+00   1.998E-01   1.891E+00   0.000E+00
   7.000E+00   1.722E+00   2.394E-01   1.962E+00   0.000E+00
   8.000E+00   1.750E+00   2.799E-01   2.030E+00   0.000E+00
   9.000E+00   1.774E+00   3.211E-01   2.096E+00   0.000E+00
   1.000E+01   1.797E+00   3.629E-01   2.160E+00   0.000E+00
   1.500E+01   1.883E+00   5.792E-01   2.463E+00   0.000E+00
   2.000E+01   1.945E+00   8.036E-01   2.749E+00   8.170E-03
   2.500E+01   1.990E+00   1.033E+00   3.023E+00   6.431E-02
   3.000E+01   2.024E+00   1.266E+00   3.290E+00   1.406E-01
   3.500E+01   2.052E+00   1.501E+00   3.553E+00   2.213E-01
   4.000E+01   2.076E+00   1.738E+00   3.814E+00   3.009E-01
   4.500E+01   2.096E+00   1.977E+00   4.073E+00   3.773E-01
   5.000E+01   2.114E+00   2.218E+00   4.332E+00   4.500E-01
   6.000E+01   2.144E+00   2.703E+00   4.846E+00   5.841E-01
   7.000E+01   2.169E+00   3.191E+00   5.360E+00   7.049E-01
   8.000E+01   2.190E+00   3.682E+00   5.872E+00   8.148E-01
   9.000E+01   2.209E+00   4.176E+00   6.385E+00   9.157E-01
   1.000E+02   2.225E+00   4.672E+00   6.897E+00   1.009E+00
   1.500E+02   2.285E+00   7.172E+00   9.457E+00   1.407E+00
   2.000E+02   2.325E+00   9.694E+00   1.202E+01   1.735E+00
   2.500E+02   2.353E+00   1.223E+01   1.458E+01   2.022E+00
   3.000E+02   2.374E+00   1.478E+01   1.715E+01   2.277E+00
   3.500E+02   2.392E+00   1.733E+01   1.972E+01   2.506E+00
   4.000E+02   2.406E+00   1.988E+01   2.229E+01   2.713E+00
   4.500E+02   2.418E+00   2.244E+01   2.486E+01   2.900E+00
   5.000E+02   2.429E+00   2.501E+01   2.744E+01   3.071E+00
   6.000E+02   2.447E+00   3.014E+01   3.259E+01   3.374E+00
   7.000E+02   2.461E+00   3.528E+01   3.774E+01   3.636E+00
   8.000E+02   2.474E+00   4.043E+01   4.290E+01   3.866E+00
   9.000E+02   2.485E+00   4.558E+01   4.806E+01   4.071E+00
   1.000E+03   2.495E+00   5.073E+01   5.322E+01   4.256E+00
   1.500E+03   2.531E+00   7.653E+01   7.906E+01   4.981E+00
   2.000E+03   2.555E+00   1.024E+02   1.049E+02   5.508E+00
   2.500E+03   2.574E+00   1.282E+02   1.308E+02   5.925E+00
   3.000E+03   2.589E+00   1.541E+02   1.567E+02   6.271E+00
   3.500E+03   2.601E+00   1.800E+02   1.826E+02   6.566E+00
   4.000E+03   2.612E+00   2.058E+02   2.085E+02   6.824E+00
   4.500E+03   2.621E+00   2.317E+02   2.344E+02   7.053E+00
   5.000E+03   2.629E+00   2.576E+02   2.602E+02   7.259E+00
   5.500E+03   2.636E+00   2.835E+02   2.861E+02   7.445E+00
   6.000E+03   2.643E+00   3.094E+02   3.120E+02   7.616E+00
   6.500E+03   2.649E+00   3.353E+02   3.379E+02   7.774E+00
   7.000E+03   2.655E+00   3.612E+02   3.639E+02   7.921E+00
   7.500E+03   2.660E+00   3.871E+02   3.898E+02   8.057E+00
   8.000E+03   2.665E+00   4.130E+02   4.157E+02   8.185E+00
   8.500E+03   2.669E+00   4.389E+02   4.416E+02   8.305E+00
   9.000E+03   2.673E+00   4.648E+02   4.675E+02   8.418E+00
   9.500E+03   2.677E+00   4.907E+02   4.934E+02   8.526E+00
   1.000E+04   2.681E+00   5.166E+02   5.193E+02   8.628E+00

