0.63096 0
0.076314 0.076314 0.35364 2.487 2.487 2.487 2.487 2.161 1.946 1.725 1.585 1.428 1.351 1.261 1.175 1.122 1.092 1.08 1.073 1.077 1.143 1.268 1.421 
1 0.08868
0.077241 0.077241 0.4349 3.438 3.439 3.438 3.437 2.886 2.519 2.179 1.96 1.722 1.586 1.459 1.331 1.246 1.191 1.158 1.135 1.126 1.17 1.265 1.384 
3 0.27159
0.078204 0.078204 0.59813 5.389 5.39 5.388 5.386 4.374 3.695 3.113 2.73 2.331 2.073 1.87 1.657 1.508 1.402 1.327 1.271 1.234 1.232 1.265 1.318 
9 0.41413
0.077409 0.077409 0.71817 6.893 6.893 6.892 6.891 5.522 4.602 3.836 3.327 2.805 2.456 2.196 1.918 1.721 1.577 1.47 1.389 1.329 1.29 1.27 1.285 
15.849 0.47179
0.076314 0.076314 0.76314 7.492 7.492 7.492 7.492 5.981 4.964 4.126 3.568 2.997 2.612 2.33 2.027 1.811 1.653 1.534 1.442 1.372 1.317 1.275 1.281 
1e+05 1.7587
0.076314 0.076314 0.76314 13.81 13.81 13.81 13.81 11.09 9.176 7.516 6.42 5.267 4.471 3.884 3.27 2.834 2.513 2.267 2.075 1.925 1.801 1.697 2.152 
-1 -1
0.12589 0
0.013396 0.013396 0.069644 1.096 1.096 1.096 1.096 1.016 0.9686 0.9686 0.9035 0.8703 0.8759 0.8509 0.8038 0.7796 0.7676 0.7675 0.7718 0.784 0.826 0.8957 1.057 
1 0.0166
0.011834 0.011834 0.094491 2.902 2.902 2.902 2.902 2.687 2.496 2.3 2.18 1.978 1.883 1.727 1.567 1.463 1.392 1.336 1.266 1.212 1.181 1.168 1.203 
3 0.062149
0.012635 0.012635 0.11948 3.879 3.879 3.879 3.879 3.553 3.266 2.957 2.793 2.502 2.351 2.131 1.914 1.772 1.671 1.588 1.484 1.402 1.339 1.291 1.284 
5.0119 0.092152
0.013396 0.013396 0.13396 4.34 4.34 4.34 4.34 3.953 3.616 3.253 3.064 2.731 2.553 2.306 2.064 1.903 1.789 1.694 1.576 1.482 1.405 1.343 1.322 
9 0.10378
0.013396 0.013396 0.13629 4.917 4.917 4.917 4.917 4.448 4.091 3.677 3.41 3.049 2.803 2.545 2.271 2.069 1.924 1.806 1.679 1.571 1.482 1.408 1.367 
31.623 0.12593
0.013396 0.013396 0.13396 6.212 6.212 6.212 6.212 5.536 5.161 4.645 4.156 3.754 3.327 3.068 2.725 2.412 2.19 2.012 1.877 1.743 1.632 1.543 1.466 
1e+05 0.24146
0.013396 0.013396 0.13396 7.697 7.697 7.697 7.697 7.084 6.505 5.842 5.484 4.838 4.481 3.985 3.549 3.236 2.929 2.596 2.34 2.134 1.97 1.829 1.901 
-1 -1
0.15849 0
0.012859 0.012859 0.085674 2.134 2.134 2.134 2.134 1.796 1.575 1.384 1.212 1.096 1.034 0.9813 0.9128 0.8615 0.8301 0.8127 0.8024 0.8023 0.834 0.8973 1.079 
1 0.046354
0.012845 0.012845 0.10995 5.645 5.645 5.645 5.645 4.461 3.71 3.13 2.575 2.246 1.908 1.698 1.549 1.429 1.316 1.236 1.178 1.136 1.116 1.116 1.206 
3 0.072012
0.01285 0.01285 0.12175 7.321 7.321 7.321 7.321 5.756 4.762 3.998 3.27 2.835 2.368 2.08 1.887 1.73 1.575 1.462 1.377 1.312 1.265 1.233 1.279 
6.3096 0.088532
0.012859 0.012859 0.12859 8.278 8.278 8.278 8.278 6.507 5.38 4.513 3.691 3.192 2.654 2.318 2.098 1.919 1.739 1.603 1.502 1.422 1.358 1.306 1.328 
9 0.093203
0.012859 0.012859 0.1297 8.94 8.94 8.94 8.94 7.019 5.791 4.845 3.945 3.399 2.815 2.451 2.204 2 1.806 1.66 1.551 1.465 1.394 1.336 1.346 
39.811 0.10538
0.012859 0.012859 0.12859 11.84 11.84 11.84 11.84 9.27 7.594 6.287 5.038 4.272 3.497 3.015 2.63 2.297 2.052 1.865 1.724 1.61 1.516 1.444 1.407 
1e+05 0.21434
0.012859 0.012859 0.12859 14.15 14.15 14.15 14.15 11.28 9.372 7.842 6.324 5.378 4.379 3.759 3.231 2.768 2.43 2.178 1.972 1.81 1.678 1.569 1.833 
-1 -1
0.1 0
0.011214 0.011214 0.055607 1.75 1.75 1.75 1.75 1.504 1.313 1.187 1.086 0.993 0.9063 0.8618 0.8364 0.8185 0.7948 0.7838 0.7782 0.7802 0.8173 0.8862 1.04 
1 0.032419
0.011184 0.011184 0.096132 5.408 5.408 5.408 5.408 4.228 3.465 2.843 2.366 2.111 1.828 1.612 1.473 1.382 1.314 1.251 1.189 1.142 1.116 1.105 1.141 
3 0.048353
0.011212 0.011212 0.11147 6.929 6.929 6.929 6.929 5.373 4.378 3.556 2.919 2.59 2.22 1.932 1.743 1.618 1.527 1.441 1.355 1.288 1.236 1.195 1.194 
3.1623 0.049125
0.011214 0.011214 0.11214 6.999 6.999 6.999 6.999 5.426 4.42 3.589 2.945 2.612 2.238 1.947 1.756 1.629 1.537 1.449 1.363 1.295 1.241 1.199 1.196 
9 0.064162
0.011214 0.011214 0.11588 8.895 8.895 8.895 8.895 6.857 5.538 4.458 3.645 3.112 2.605 2.253 2.015 1.834 1.7 1.584 1.482 1.4 1.334 1.278 1.266 
31.623 0.082327
0.011214 0.011214 0.11214 11.36 11.36 11.36 11.36 8.727 6.989 5.589 4.572 3.72 3.025 2.606 2.315 2.055 1.858 1.704 1.589 1.496 1.423 1.362 1.364 
1e+05 0.13376
0.011214 0.011214 0.11214 13.83 13.83 13.83 13.83 10.81 8.77 7.069 5.806 4.715 3.893 3.35 2.832 2.444 2.166 1.957 1.787 1.651 1.54 1.449 1.596 
-1 -1
0.031623 0
0.0031458 0.0031458 0.017384 0.7536 0.7536 0.7536 0.7536 0.7146 0.734 0.7272 0.7456 0.7266 0.7385 0.7327 0.7167 0.7104 0.7162 0.7182 0.7203 0.7302 0.7709 0.8401 1.005 
1 0.019758
0.0031458 0.0031458 0.031458 2.606 2.606 2.606 2.606 2.526 2.433 2.342 2.32 2.165 2.087 1.999 1.835 1.735 1.661 1.618 1.521 1.429 1.355 1.294 1.278 
3 0.027494
0.0031458 0.0031458 0.03308 3.215 3.215 3.215 3.215 3.124 3.001 2.878 2.841 2.634 2.524 2.401 2.183 2.044 1.943 1.88 1.752 1.631 1.529 1.441 1.403 
9 0.03593
0.0031458 0.0031458 0.033323 3.834 3.834 3.834 3.834 3.733 3.582 3.426 3.372 3.109 2.964 2.802 2.527 2.345 2.215 2.129 1.97 1.822 1.698 1.59 1.546 
39.811 0.048463
0.0031458 0.0031458 0.031458 4.686 4.686 4.686 4.686 4.573 4.389 4.185 4.106 3.761 3.565 3.345 2.987 2.74 2.57 2.447 2.246 2.064 1.917 1.794 1.769 
1e+05 0.079063
0.0031458 0.0031458 0.031458 4.817 4.817 4.817 4.817 4.611 4.523 4.42 4.353 4.036 3.862 3.657 3.296 3.048 2.881 2.764 2.535 2.318 2.14 1.996 2.257 
-1 -1
0.025119 0
0.0029003 0.0029003 0.01401 0.8662 0.8662 0.8662 0.8662 0.8283 0.7968 0.8079 0.7718 0.7735 0.754 0.7257 0.7236 0.7197 0.7109 0.7127 0.7182 0.7315 0.7753 0.8764 1.003 
1 0.024164
0.0028991 0.0028991 0.028323 3.642 3.642 3.642 3.642 3.498 3.362 3.13 2.95 2.691 2.58 2.339 2.187 1.959 1.792 1.658 1.556 1.48 1.421 1.367 1.387 
1.2589 0.025568
0.0029003 0.0029003 0.029003 3.777 3.777 3.777 3.777 3.628 3.487 3.244 3.058 2.787 2.671 2.42 2.26 2.022 1.848 1.707 1.6 1.52 1.455 1.393 1.41 
3 0.029916
0.0029003 0.0029003 0.03017 4.471 4.471 4.471 4.471 4.312 4.154 3.862 3.637 3.3 3.155 2.839 2.634 2.333 2.109 1.93 1.793 1.688 1.595 1.505 1.487 
9 0.034728
0.0029003 0.0029003 0.030523 5.374 5.374 5.374 5.374 5.212 5.034 4.684 4.407 3.983 3.796 3.391 3.125 2.739 2.444 2.213 2.036 1.897 1.766 1.645 1.578 
39.811 0.040015
0.0029003 0.0029003 0.029003 6.641 6.641 6.641 6.641 6.489 6.29 5.868 5.515 4.97 4.719 4.178 3.819 3.308 2.905 2.598 2.363 2.174 1.987 1.832 1.689 
1e+05 0.056185
0.0029003 0.0029003 0.029003 6.812 6.812 6.812 6.812 6.702 6.546 6.167 5.853 5.335 5.116 4.58 4.231 3.709 3.324 3.022 2.749 2.46 2.228 2.036 1.969 
-1 -1
0.019953 0
0.0025391 0.0025391 0.011246 0.9459 0.9459 0.9459 0.9459 0.8942 0.8742 0.823 0.7874 0.7861 0.7474 0.721 0.7006 0.7029 0.7062 0.7102 0.7172 0.7312 0.7717 0.8515 1.002 
0.50119 0.014359
0.0025391 0.0025391 0.025391 3.741 3.741 3.741 3.741 3.531 3.178 2.974 2.677 2.495 2.233 2.072 1.906 1.713 1.576 1.471 1.392 1.333 1.285 1.25 1.218 
1 0.017328
0.0025391 0.0025391 0.026812 4.422 4.422 4.422 4.422 4.188 3.766 3.501 3.169 2.911 2.606 2.403 2.191 1.955 1.777 1.641 1.538 1.458 1.39 1.333 1.275 
3 0.021972
0.0025391 0.0025391 0.027901 5.566 5.566 5.566 5.566 5.3 4.771 4.387 4.016 3.611 3.238 2.96 2.663 2.361 2.107 1.916 1.77 1.653 1.552 1.464 1.374 
9 0.026519
0.0025391 0.0025391 0.027552 6.784 6.784 6.784 6.784 6.494 5.86 5.333 4.94 4.357 3.919 3.553 3.159 2.789 2.451 2.197 2.003 1.844 1.71 1.593 1.484 
31.623 0.031603
0.0025391 0.0025391 0.025391 8.267 8.267 8.267 8.267 7.961 7.21 6.487 6.093 5.265 4.757 4.278 3.755 3.308 2.86 2.527 2.27 2.058 1.884 1.739 1.621 
1e+05 0.048299
0.0025391 0.0025391 0.025391 8.533 8.533 8.533 8.533 8.001 7.457 6.932 6.533 5.72 5.228 4.751 4.213 3.734 3.242 2.852 2.557 2.318 2.12 1.945 1.951 
-1 -1
0.019953 0
0.0021233 0.0021233 0.011038 0.7122 0.7122 0.7122 0.7122 1.134 1.633 1.408 1.223 1.07 0.9336 0.8531 0.7982 0.7633 0.7444 0.7312 0.7289 0.7309 0.7651 0.8427 1.002 
0.50119 0.014182
0.0021233 0.0025213 0.025213 2.032 2.937 4.522 6.842 5.634 4.626 3.643 3.078 2.541 2.151 1.897 1.705 1.565 1.46 1.379 1.32 1.27 1.231 1.202 1.217 
1 0.016674
0.0021233 0.0025613 0.026637 2.297 3.425 5.358 8.221 6.728 5.455 4.264 3.584 2.928 2.457 2.147 1.91 1.735 1.603 1.501 1.423 1.358 1.303 1.256 1.265 
3 0.020242
0.0021233 0.0025919 0.027728 2.707 4.209 6.703 10.46 8.563 6.909 5.353 4.467 3.595 2.979 2.564 2.243 2.004 1.822 1.682 1.571 1.479 1.398 1.325 1.344 
9 0.023321
0.0021233 0.0025821 0.027379 3.102 5.004 8.065 12.76 10.51 8.53 6.568 5.446 4.328 3.542 3.004 2.585 2.271 2.032 1.849 1.699 1.575 1.469 1.374 1.425 
31.623 0.026246
0.0021233 0.0025213 0.025213 3.534 5.925 9.645 15.45 12.89 10.59 8.112 6.684 5.244 4.236 3.537 2.987 2.574 2.261 2.021 1.819 1.654 1.519 1.405 1.52 
1e+05 0.033867
0.0021233 0.0025213 0.025213 3.6 6.067 9.919 15.95 13.42 11.12 8.608 7.159 5.659 4.602 3.867 3.249 2.778 2.422 2.149 1.921 1.735 1.582 1.454 1.672 
-1 -1
0.019953 0
0.0020449 0.0020449 0.010999 0.6351 0.6351 0.6351 0.6351 1.949 1.679 1.367 1.208 1.071 0.9344 0.8522 0.7983 0.763 0.7408 0.7311 0.7265 0.7302 0.7647 0.8415 1.002 
0.50119 0.010287
0.0020449 0.002131 0.02131 1.652 2.801 5.304 8.592 6.984 5.522 4.393 3.615 2.963 2.435 2.098 1.874 1.707 1.589 1.499 1.433 1.349 1.279 1.222 1.19 
1 0.012564
0.0020449 0.002139 0.022339 1.84 3.208 6.156 10.3 8.269 6.534 5.188 4.249 3.456 2.818 2.408 2.122 1.907 1.754 1.638 1.549 1.447 1.358 1.282 1.243 
3 0.016238
0.0020449 0.0021442 0.023119 2.117 3.815 7.402 13 10.46 8.279 6.56 5.341 4.302 3.471 2.932 2.527 2.225 2.005 1.839 1.708 1.577 1.462 1.362 1.336 
9 0.019976
0.0020449 0.0021401 0.022845 2.368 4.371 8.515 15.71 12.84 10.19 8.063 6.538 5.226 4.178 3.494 2.948 2.541 2.241 2.016 1.836 1.676 1.538 1.423 1.439 
31.623 0.024331
0.0020449 0.002124 0.02124 2.622 4.946 9.625 18.8 15.78 12.58 9.944 8.036 6.378 5.053 4.185 3.448 2.901 2.494 2.191 1.944 1.752 1.592 1.469 1.572 
1e+05 0.034924
0.0020449 0.002124 0.02124 2.662 5.043 9.842 19.26 16.27 13.08 10.43 8.504 6.807 5.437 4.537 3.751 3.138 2.693 2.358 2.093 1.878 1.708 1.558 1.822 
-1 -1
0.0063096 0
0.00067542 0.00067542 0.0034924 0.5641 0.5641 0.5641 0.5641 0.544 0.5672 0.5772 0.6 0.5993 0.6207 0.623 0.6166 0.6202 0.6304 0.6495 0.6754 0.7204 0.7718 0.8318 1 
0.15849 0.0031983
0.00067542 0.0013063 0.013063 1.607 1.6 1.666 1.728 1.678 1.68 1.675 1.607 1.564 1.549 1.48 1.407 1.351 1.31 1.277 1.236 1.177 1.125 1.082 1.026 
1 0.0071051
0.00067542 0.0014189 0.014772 2.126 2.126 2.217 2.298 2.223 2.214 2.197 2.086 2.015 1.98 1.871 1.76 1.674 1.607 1.549 1.485 1.399 1.322 1.254 1.188 
3 0.010155
0.00067542 0.0014003 0.014489 2.41 2.417 2.518 2.604 2.513 2.498 2.471 2.338 2.249 2.202 2.069 1.937 1.834 1.752 1.682 1.608 1.518 1.438 1.367 1.334 
9 0.013743
0.00067542 0.0013176 0.013234 2.674 2.69 2.799 2.886 2.776 2.755 2.717 2.565 2.457 2.398 2.241 2.089 1.97 1.874 1.793 1.713 1.628 1.552 1.488 1.519 
10 0.014115
0.00067542 0.0013063 0.013063 2.698 2.716 2.825 2.912 2.8 2.778 2.739 2.585 2.476 2.415 2.257 2.102 1.981 1.885 1.802 1.723 1.638 1.563 1.5 1.539 
1e+05 0.02681
0.00067542 0.0013063 0.013063 2.749 2.796 2.937 3.054 2.965 2.968 2.953 2.814 2.72 2.677 2.517 2.357 2.234 2.135 2.054 1.964 1.859 1.766 1.683 2.026 
-1 -1
0.0050119 0
0.00057045 0.00057045 0.0027911 0.5114 0.5114 0.5114 0.5114 0.5059 0.5324 0.5519 0.5602 0.5905 0.6033 0.6143 0.6211 0.6202 0.6304 0.6422 0.6647 0.6905 0.7453 0.8303 1 
0.12589 0.0036195
0.00057045 0.0012013 0.012013 1.338 1.523 1.693 1.75 1.705 1.703 1.728 1.645 1.588 1.559 1.5 1.409 1.335 1.274 1.225 1.182 1.146 1.115 1.089 1.033 
1 0.0075831
0.00057045 0.0012852 0.01324 1.761 2.074 2.339 2.427 2.364 2.359 2.39 2.257 2.16 2.106 2.005 1.855 1.733 1.631 1.546 1.471 1.405 1.343 1.285 1.236 
3 0.010204
0.00057045 0.0012276 0.012397 1.951 2.335 2.646 2.748 2.678 2.675 2.711 2.554 2.441 2.374 2.252 2.072 1.925 1.802 1.7 1.61 1.532 1.461 1.399 1.403 
3.9811 0.010937
0.00057045 0.0012013 0.012013 1.996 2.398 2.722 2.826 2.755 2.753 2.791 2.628 2.51 2.441 2.313 2.126 1.972 1.844 1.738 1.644 1.563 1.491 1.429 1.452 
9 0.013567
0.00057045 0.0014692 0.014692 2.06 2.689 2.933 3.046 2.928 2.875 2.866 2.713 2.551 2.431 2.289 2.123 1.986 1.862 1.754 1.658 1.574 1.499 1.434 1.466 
19.953 0.016466
0.00057045 0.0018293 0.018293 2.089 3.003 3.127 3.248 3.069 2.948 2.874 2.741 2.526 2.34 2.185 2.058 1.949 1.838 1.732 1.637 1.553 1.477 1.41 1.449 
1e+05 0.028178
0.00057045 0.0018293 0.018293 2.096 3.032 3.187 3.337 3.178 3.076 3.021 2.902 2.694 2.514 2.365 2.243 2.138 2.011 1.895 1.786 1.692 1.605 1.526 1.77 
-1 -1
0.0039811 0
0.00048465 0.00048465 0.0022328 0.5924 0.5924 0.5924 0.5924 0.582 0.6114 0.5983 0.6216 0.6255 0.6217 0.6357 0.6386 0.6356 0.6434 0.6529 0.6735 0.6968 0.7598 0.866 1 
0.081548 0.0024816
0.00048465 0.00098574 0.0098574 1.688 1.783 1.841 1.889 1.799 1.763 1.745 1.621 1.539 1.484 1.446 1.402 1.312 1.238 1.177 1.125 1.081 1.04 1.006 0.9806 
1 0.0064945
0.00048465 0.00090306 0.0092717 2.6 2.81 2.853 3.003 2.873 2.875 2.765 2.62 2.542 2.41 2.254 2.136 2.025 1.881 1.756 1.648 1.555 1.472 1.393 1.333 
1.9953 0.0079117
0.00048465 0.00080078 0.0080078 2.851 3.099 3.129 3.316 3.179 3.207 3.057 2.922 2.858 2.698 2.499 2.354 2.246 2.083 1.938 1.816 1.71 1.623 1.543 1.489 
3 0.008594
0.00048465 0.00084391 0.0084391 2.947 3.237 3.29 3.468 3.316 3.321 3.184 3.027 2.939 2.773 2.574 2.41 2.285 2.118 1.969 1.843 1.734 1.643 1.561 1.507 
9 0.01042
0.00048465 0.0010352 0.010352 3.145 3.576 3.723 3.842 3.64 3.552 3.482 3.24 3.058 2.883 2.711 2.486 2.301 2.131 1.979 1.85 1.737 1.638 1.552 1.506 
12.589 0.010975
0.00048465 0.0011155 0.011155 3.188 3.67 3.854 3.947 3.727 3.6 3.56 3.286 3.066 2.89 2.734 2.488 2.28 2.112 1.96 1.832 1.719 1.619 1.532 1.491 
1e+05 0.019121
0.00048465 0.0011155 0.011155 3.212 3.726 3.944 4.069 3.877 3.777 3.764 3.512 3.311 3.154 3.011 2.741 2.517 2.328 2.164 2.023 1.904 1.792 1.693 1.857 
-1 -1
0.0025119 0
0.00031062 0.00031062 0.0014112 0.5068 0.5068 0.5068 0.5068 0.4965 0.5253 0.5357 0.5686 0.6157 0.6297 0.6348 0.6559 0.6721 0.6709 0.6787 0.6904 0.709 0.757 0.8644 1 
0.063096 0.0020948
0.00031062 0.00070863 0.0070863 1.278 1.572 1.944 2.209 2.172 2.183 2.023 1.915 1.837 1.728 1.587 1.477 1.38 1.301 1.234 1.175 1.124 1.081 1.039 1.006 
1 0.0053348
0.00031062 0.00089573 0.0092992 1.75 2.658 3.531 3.835 3.637 3.522 3.316 3.082 2.809 2.555 2.313 2.109 1.934 1.787 1.66 1.549 1.447 1.351 1.252 1.205 
3 0.0069935
0.00031062 0.00093062 0.009499 1.889 3.134 4.252 4.525 4.227 4.033 3.834 3.55 3.175 2.854 2.578 2.341 2.14 1.967 1.817 1.687 1.567 1.457 1.353 1.333 
6.3096 0.0082356
0.00031062 0.00094148 0.0094148 1.967 3.471 4.77 5.005 4.628 4.372 4.187 3.868 3.417 3.047 2.75 2.493 2.275 2.084 1.919 1.777 1.645 1.529 1.426 1.436 
9 0.0085222
0.00031062 0.00094511 0.0094511 1.981 3.517 4.856 5.112 4.739 4.484 4.308 3.99 3.531 3.158 2.858 2.589 2.35 2.142 1.963 1.809 1.668 1.547 1.447 1.453 
31.623 0.0093212
0.00031062 0.00094148 0.0094148 1.983 3.563 5.005 5.365 5.04 4.817 4.685 4.392 3.928 3.565 3.257 2.948 2.62 2.346 2.108 1.907 1.728 1.594 1.509 1.495 
1e+05 0.016704
0.00031062 0.00094148 0.0094148 1.984 3.568 5.019 5.39 5.074 4.858 4.733 4.449 3.994 3.637 3.335 3.04 2.727 2.461 2.232 2.032 1.858 1.702 1.566 1.887 
-1 -1
0.0025119 0
0.00029468 0.00029468 0.0014032 0.4996 0.4996 0.4996 0.4996 0.4858 0.5259 0.5407 0.5764 0.6283 0.6452 0.6467 0.6661 0.6814 0.6774 0.6829 0.6921 0.7085 0.7562 0.8637 1 
0.063096 0.0017687
0.00029468 0.00069269 0.0069269 1.247 1.634 2.093 2.271 2.215 2.214 2.046 1.928 1.84 1.736 1.594 1.477 1.382 1.304 1.233 1.171 1.118 1.072 1.031 0.9938 
1 0.0051976
0.00029468 0.00081635 0.0084441 1.685 2.611 3.588 3.925 3.874 3.671 3.41 3.213 2.999 2.698 2.419 2.184 1.991 1.834 1.692 1.573 1.478 1.387 1.295 1.245 
3 0.0070516
0.00029468 0.00080973 0.0082222 1.807 3 4.215 4.617 4.58 4.253 3.97 3.757 3.49 3.087 2.75 2.468 2.235 2.043 1.872 1.73 1.622 1.523 1.432 1.411 
5.0119 0.0080133
0.00029468 0.00079577 0.0079577 1.854 3.182 4.515 4.947 4.918 4.526 4.236 4.017 3.725 3.27 2.905 2.601 2.35 2.14 1.955 1.803 1.69 1.589 1.501 1.502 
9 0.00854
0.00029468 0.00083718 0.0083718 1.873 3.403 4.75 5.14 5.008 4.65 4.39 4.148 3.797 3.358 3.003 2.696 2.424 2.196 1.996 1.83 1.698 1.587 1.501 1.513 
25.119 0.0092875
0.00029468 0.00092554 0.0092554 1.873 3.799 5.113 5.382 5.012 4.761 4.581 4.292 3.819 3.447 3.13 2.832 2.522 2.264 2.036 1.843 1.672 1.541 1.465 1.501 
1e+05 0.015768
0.00029468 0.00092554 0.0092554 1.874 3.807 5.136 5.42 5.062 4.821 4.652 4.373 3.91 3.545 3.235 2.947 2.65 2.398 2.179 1.987 1.821 1.67 1.539 1.852 
-1 -1
0.00063096 0
7.143e-05 7.143e-05 0.00035114 0.3325 0.3325 0.3325 0.3325 0.3337 0.3431 0.3653 0.3936 0.4356 0.4872 0.5473 0.6197 0.7109 0.8273 0.8623 0.877 0.899 0.9258 0.9603 1 
0.015849 0.00065844
7.143e-05 0.00032252 0.0032252 0.8399 1.713 3.043 3.5 3.215 2.983 2.71 2.365 2.081 1.851 1.65 1.478 1.333 1.213 1.145 1.084 1.029 0.9792 0.9309 0.8715 
0.39811 0.0040694
7.143e-05 0.00032252 0.0032252 1.225 3.043 6.572 8.313 7.826 7.439 6.82 5.925 5.183 4.453 3.798 3.264 2.808 2.433 2.113 1.918 1.793 1.677 1.574 1.614 
1 0.0045843
7.143e-05 0.00032252 0.0032252 1.271 3.257 7.273 9.399 8.923 8.551 7.896 6.892 6.058 5.195 4.398 3.752 3.205 2.758 2.374 2.121 1.946 1.808 1.685 1.719 
3 0.0049312
7.143e-05 0.00032252 0.0032252 1.29 3.417 7.932 10.53 10.1 9.785 9.121 8.017 7.095 6.078 5.105 4.321 3.666 3.13 2.677 2.341 2.089 1.923 1.776 1.781 
9 0.0049875
7.143e-05 0.00032252 0.0032252 1.268 3.473 8.395 11.47 11.14 10.92 10.28 9.11 8.125 6.961 5.804 4.876 4.112 3.488 2.969 2.538 2.191 1.996 1.821 1.775 
10 0.0049777
7.143e-05 0.00032252 0.0032252 1.263 3.473 8.43 11.56 11.24 11.02 10.39 9.213 8.223 7.046 5.87 4.928 4.154 3.521 2.997 2.556 2.198 2 1.823 1.771 
1e+05 0.0073163
7.143e-05 0.00032252 0.0032252 1.264 3.478 8.462 11.63 11.34 11.15 10.55 9.39 8.417 7.247 6.102 5.174 4.408 3.762 3.232 2.778 2.402 2.077 1.864 2.134 
-1 -1
0.00063096 0
6.816e-05 6.816e-05 0.00034951 0.345 0.345 0.345 0.345 0.3444 0.3497 0.3704 0.3973 0.4388 0.49 0.5501 0.6224 0.7137 0.8305 0.8688 0.8821 0.9029 0.9283 0.9617 1 
0.015849 0.00066129
6.816e-05 0.00031925 0.0031925 0.8619 1.739 3.076 3.522 3.224 2.979 2.706 2.365 2.083 1.855 1.655 1.483 1.337 1.215 1.148 1.087 1.032 0.982 0.9341 0.8743 
0.39811 0.0039802
6.816e-05 0.00031925 0.0031925 1.255 3.056 6.609 8.327 7.804 7.38 6.757 5.862 5.119 4.404 3.761 3.237 2.787 2.416 2.1 1.901 1.779 1.667 1.565 1.607 
1 0.0045169
6.816e-05 0.00031925 0.0031925 1.302 3.279 7.309 9.41 8.891 8.477 7.815 6.81 5.974 5.132 4.35 3.715 3.178 2.735 2.356 2.1 1.927 1.794 1.674 1.716 
3 0.0049177
6.816e-05 0.00031925 0.0031925 1.321 3.455 7.964 10.53 10.06 9.691 9.019 7.913 6.987 6 5.045 4.274 3.63 3.1 2.652 2.317 2.065 1.906 1.762 1.787 
9 0.0050582
6.816e-05 0.00031925 0.0031925 1.299 3.533 8.423 11.47 11.09 10.8 10.16 8.983 7.993 6.867 5.732 4.818 4.068 3.45 2.939 2.513 2.161 1.974 1.804 1.794 
10 0.005058
6.816e-05 0.00031925 0.0031925 1.295 3.536 8.456 11.55 11.18 10.91 10.27 9.084 8.089 6.95 5.798 4.869 4.109 3.483 2.966 2.531 2.168 1.979 1.806 1.792 
1e+05 0.0071428
6.816e-05 0.00031925 0.0031925 1.295 3.541 8.488 11.63 11.28 11.03 10.42 9.255 8.276 7.14 6.023 5.11 4.358 3.725 3.202 2.752 2.38 2.059 1.842 2.119 
-1 -1
0.001 0
9.924e-05 9.924e-05 0.00054957 0.4395 0.4395 0.4395 0.4395 0.4356 0.4643 0.472 0.4994 0.5232 0.531 0.5558 0.575 0.5785 0.593 0.6095 0.6352 0.6652 0.7235 0.8114 1 
0.025119 0.00077572
9.924e-05 0.00035033 0.0035033 0.9938 1.26 1.398 1.491 1.457 1.444 1.446 1.435 1.368 1.317 1.272 1.237 1.208 1.184 1.161 1.106 1.057 1.013 0.9729 0.945 
0.63096 0.0025251
9.924e-05 0.00035033 0.0035033 1.205 1.586 1.784 1.911 1.863 1.843 1.842 1.825 1.735 1.666 1.605 1.556 1.517 1.483 1.453 1.408 1.369 1.334 1.301 1.353 
1 0.0027619
9.924e-05 0.00035033 0.0035033 1.222 1.613 1.819 1.95 1.902 1.882 1.882 1.864 1.773 1.703 1.64 1.59 1.551 1.516 1.485 1.44 1.401 1.366 1.333 1.398 
3 0.0033133
9.924e-05 0.00035033 0.0035033 1.249 1.661 1.882 2.024 1.977 1.958 1.96 1.943 1.849 1.776 1.711 1.66 1.619 1.583 1.551 1.506 1.465 1.429 1.395 1.495 
9 0.003846
9.924e-05 0.00035033 0.0035033 1.257 1.682 1.916 2.069 2.024 2.008 2.013 1.999 1.903 1.83 1.765 1.713 1.672 1.636 1.604 1.555 1.512 1.472 1.436 1.574 
50.119 0.0046411
9.924e-05 0.00035033 0.0035033 1.231 1.662 1.912 2.081 2.044 2.036 2.049 2.041 1.947 1.876 1.813 1.763 1.724 1.69 1.659 1.601 1.549 1.501 1.458 1.662 
1e+05 0.0073915
9.924e-05 0.00035033 0.0035033 1.231 1.662 1.912 2.081 2.044 2.036 2.049 2.042 1.949 1.877 1.814 1.765 1.726 1.693 1.662 1.604 1.553 1.506 1.463 2.055 
-1 -1
0.00063096 0
6.578e-05 6.578e-05 0.00034832 1.022 1.022 1.022 1.022 0.9138 0.7817 0.716 0.6299 0.5809 0.5651 0.5554 0.564 0.574 0.587 0.6017 0.626 0.6541 0.7144 0.8083 1 
0.015849 0.00055337
6.578e-05 6.578e-05 0.0006578 2.999 2.999 2.999 2.999 2.661 2.142 1.735 1.583 1.443 1.366 1.341 1.354 1.388 1.411 1.373 1.355 1.351 1.354 1.363 1.345 
0.50119 0.0013395
6.578e-05 6.578e-05 0.0006578 5.009 5.009 5.009 5.009 4.5 3.585 2.863 2.349 2.045 1.883 1.791 1.757 1.758 1.784 1.82 1.769 1.734 1.712 1.705 2.015 
1 0.001474
6.578e-05 6.6079e-05 0.00066079 5.231 5.218 5.225 5.232 4.666 3.715 2.974 2.425 2.109 1.94 1.843 1.805 1.803 1.831 1.871 1.819 1.782 1.759 1.751 2.117 
3 0.0016723
6.578e-05 6.6761e-05 0.00066761 5.46 5.419 5.44 5.462 4.791 3.811 3.07 2.495 2.171 2 1.9 1.86 1.855 1.885 1.927 1.874 1.838 1.817 1.81 2.259 
9 0.0018515
6.578e-05 6.7695e-05 0.00067695 5.537 5.457 5.499 5.541 4.747 3.774 3.07 2.499 2.186 2.022 1.924 1.888 1.883 1.916 1.95 1.901 1.869 1.853 1.851 2.375 
50.119 0.0020931
6.578e-05 6.9661e-05 0.00069661 5.353 5.191 5.276 5.362 4.336 3.446 2.875 2.378 2.112 1.978 1.899 1.877 1.878 1.917 1.922 1.886 1.87 1.869 1.877 2.502 
1e+05 0.0024751
6.578e-05 6.9661e-05 0.00069661 5.353 5.191 5.276 5.362 4.336 3.446 2.876 2.378 2.112 1.978 1.899 1.877 1.878 1.917 1.922 1.887 1.871 1.87 1.878 2.777 
-1 -1
0.00050119 0
5.176e-05 5.176e-05 0.00027642 1.043 1.043 1.043 1.043 0.8823 0.7476 0.6656 0.5935 0.5685 0.5574 0.5659 0.5721 0.5747 0.5879 0.603 0.6275 0.656 0.7159 0.8086 1 
0.012589 0.00041764
5.176e-05 5.176e-05 0.0005176 3.022 3.022 3.022 3.022 2.377 1.955 1.611 1.492 1.44 1.393 1.396 1.429 1.446 1.432 1.433 1.452 1.419 1.368 1.33 1.33 
0.31623 0.0010748
5.176e-05 5.176e-05 0.0005176 4.818 4.818 4.818 4.818 3.797 2.986 2.495 2.124 1.97 1.892 1.899 1.879 1.847 1.85 1.871 1.915 1.878 1.811 1.761 2.034 
1 0.0012982
5.176e-05 5.176e-05 0.0005176 5.149 5.149 5.149 5.149 4.06 3.181 2.661 2.247 2.071 1.987 1.992 1.973 1.941 1.942 1.963 2.007 1.983 1.927 1.874 2.26 
3 0.0015057
5.176e-05 5.176e-05 0.0005176 5.313 5.313 5.313 5.313 4.193 3.282 2.745 2.315 2.123 2.036 2.037 2.029 2.008 2.002 2.019 2.06 2.054 2.016 1.962 2.464 
9 0.0017078
5.176e-05 5.176e-05 0.0005176 5.328 5.328 5.328 5.328 4.208 3.3 2.757 2.333 2.133 2.046 2.041 2.054 2.051 2.034 2.045 2.077 2.097 2.085 2.03 2.656 
19.953 0.0018509
5.176e-05 5.176e-05 0.0005176 5.246 5.246 5.246 5.246 4.147 3.261 2.721 2.315 2.113 2.027 2.018 2.051 2.068 2.041 2.045 2.067 2.111 2.123 2.067 2.788 
1e+05 0.002358
5.176e-05 5.176e-05 0.0005176 5.247 5.247 5.247 5.247 4.148 3.262 2.721 2.316 2.114 2.028 2.018 2.052 2.069 2.041 2.046 2.069 2.113 2.125 2.069 3.278 
-1 -1
0.0001 0
8.09e-06 8.09e-06 5.3995e-05 0.7711 0.7711 0.7711 0.7711 0.8026 0.8186 0.9157 1.039 1.109 1.207 1.303 1.323 1.366 1.357 1.271 1.143 1.046 0.9639 0.8981 1 
0.0025119 0.00011395
8.09e-06 2.7943e-05 0.00027943 1.293 2.207 3.169 3.722 3.662 3.4 2.957 2.464 2.088 1.787 1.595 1.479 1.382 1.295 1.219 1.172 1.129 1.091 1.055 1.05 
0.063096 0.00044012
8.09e-06 3.3109e-05 0.00033109 1.825 3.883 6.183 7.313 6.955 5.869 4.832 4.018 3.385 2.877 2.465 2.121 1.979 1.894 1.82 1.75 1.689 1.633 1.58 1.653 
1 0.00063891
8.09e-06 3.3567e-05 0.00033567 1.978 4.388 7.193 8.689 8.347 7.118 5.924 4.981 4.115 3.415 2.863 2.405 2.182 2.032 1.9 1.822 1.769 1.718 1.671 1.971 
1.9953 0.00067695
8.09e-06 3.3109e-05 0.00033109 1.972 4.38 7.218 8.787 8.489 7.305 6.123 5.168 4.242 3.492 2.912 2.438 2.189 2.012 1.857 1.779 1.731 1.685 1.642 2.022 
3 0.00072158
8.09e-06 3.3109e-05 0.00033109 1.978 4.399 7.258 8.844 8.547 7.36 6.172 5.212 4.274 3.516 2.93 2.451 2.198 2.018 1.859 1.782 1.736 1.691 1.649 2.09 
9 0.0008593
8.09e-06 3.3109e-05 0.00033109 1.981 4.41 7.279 8.873 8.577 7.386 6.195 5.232 4.291 3.529 2.941 2.46 2.205 2.023 1.864 1.79 1.748 1.707 1.67 2.298 
12.589 0.00090647
8.09e-06 3.3109e-05 0.00033109 1.979 4.402 7.261 8.846 8.549 7.359 6.171 5.21 4.275 3.518 2.933 2.455 2.202 2.023 1.865 1.792 1.752 1.712 1.676 2.369 
1e+05 0.0010795
8.09e-06 3.3109e-05 0.00033109 1.979 4.403 7.263 8.848 8.551 7.362 6.173 5.212 4.276 3.519 2.934 2.456 2.203 2.023 1.865 1.794 1.754 1.716 1.681 2.63 
-1 -1
6.3096e-05 0
6.89e-06 6.89e-06 3.4943e-05 0.7759 0.7759 0.7759 0.7759 0.7936 0.8179 0.8437 0.8519 0.9092 0.9772 1.01 1.022 1.057 1.1 1.076 1.042 1.022 1.008 1.003 1 
0.0019953 6.7222e-05
6.89e-06 3.1909e-05 0.00031909 1.36 2.4 3.17 3.247 2.807 2.45 2.132 1.838 1.594 1.447 1.371 1.301 1.239 1.185 1.136 1.088 1.04 0.9966 0.956 0.9181 
0.039811 0.00033948
6.89e-06 3.1909e-05 0.00031909 1.946 3.906 5.889 6.628 6.084 5.203 4.353 3.682 3.146 2.7 2.342 2.036 1.876 1.799 1.73 1.666 1.608 1.554 1.505 1.515 
1 0.00055236
6.89e-06 3.1909e-05 0.00031909 2.13 4.525 7.012 8.186 7.657 6.581 5.531 4.699 3.918 3.273 2.759 2.338 2.111 1.988 1.88 1.779 1.687 1.641 1.597 1.865 
3 0.00064109
6.89e-06 3.1909e-05 0.00031909 2.152 4.599 7.145 8.368 7.839 6.742 5.669 4.819 4.01 3.342 2.81 2.376 2.135 1.999 1.88 1.782 1.704 1.661 1.62 2.005 
9 0.00073805
6.89e-06 3.1909e-05 0.00031909 2.155 4.602 7.152 8.373 7.842 6.746 5.673 4.823 4.014 3.346 2.815 2.381 2.13 1.985 1.854 1.767 1.716 1.676 1.639 2.157 
12.589 0.00076931
6.89e-06 3.1909e-05 0.00031909 2.151 4.589 7.129 8.339 7.808 6.716 5.648 4.802 3.998 3.335 2.807 2.376 2.123 1.975 1.841 1.758 1.718 1.679 1.643 2.205 
1e+05 0.0010246
6.89e-06 3.1909e-05 0.00031909 2.152 4.59 7.131 8.341 7.81 6.718 5.65 4.803 4 3.336 2.808 2.376 2.124 1.975 1.841 1.759 1.72 1.682 1.647 2.605 
-1 -1
-2 -2
