1 0
0.083353 0.083353 0.54168 2.982 2.982 2.982 2.982 2.477 2.171 1.962 1.737 1.601 1.422 1.318 1.248 1.208 1.171 1.153 1.141 1.142 1.201 1.314 1.577 
3 0.25475
0.085677 0.085677 0.67674 5.245 5.245 5.243 5.24 4.245 3.588 3.033 2.662 2.303 2.025 1.8 1.618 1.496 1.401 1.336 1.287 1.258 1.269 1.317 1.463 
9 0.45576
0.085833 0.085833 0.77241 7.007 7.007 7.005 7.002 5.626 4.695 3.87 3.386 2.854 2.503 2.186 1.915 1.73 1.591 1.491 1.412 1.359 1.33 1.325 1.388 
31.623 0.61979
0.083353 0.083353 0.83353 8.408 8.408 8.408 8.408 6.732 5.582 4.539 3.969 3.3 2.896 2.507 2.167 1.932 1.759 1.633 1.53 1.455 1.392 1.339 1.353 
1e+05 2.0918
0.083353 0.083353 0.83353 14.05 14.05 14.05 14.05 11.33 9.396 7.589 6.584 5.366 4.628 3.894 3.313 2.875 2.555 2.317 2.131 1.973 1.848 1.744 2.255 
-1 -1
0.15849 0
0.014826 0.014826 0.086657 1.176 1.176 1.176 1.176 1.094 1.041 1.018 0.9496 0.9493 0.9228 0.8807 0.8576 0.8484 0.8214 0.8096 0.8018 0.8028 0.8388 0.906 1.08 
1 0.015555
0.013287 0.013287 0.10809 2.8 2.8 2.8 2.8 2.516 2.373 2.178 2.08 1.929 1.795 1.704 1.547 1.443 1.361 1.303 1.247 1.192 1.163 1.156 1.2 
3 0.066416
0.014044 0.014044 0.1333 3.792 3.792 3.792 3.792 3.363 3.14 2.83 2.7 2.457 2.261 2.133 1.904 1.749 1.638 1.554 1.473 1.39 1.328 1.284 1.278 
5.0119 0.10082
0.014826 0.014826 0.14826 4.261 4.261 4.261 4.261 3.758 3.492 3.125 2.976 2.69 2.464 2.317 2.058 1.88 1.755 1.66 1.568 1.473 1.398 1.339 1.316 
9 0.11619
0.014826 0.014826 0.15074 4.837 4.837 4.837 4.837 4.28 3.976 3.509 3.329 2.991 2.725 2.551 2.248 2.039 1.892 1.78 1.672 1.564 1.476 1.404 1.369 
31.623 0.14751
0.014826 0.014826 0.14826 6.127 6.127 6.127 6.127 5.47 5.082 4.357 4.099 3.645 3.286 3.042 2.643 2.366 2.166 2.012 1.87 1.735 1.626 1.536 1.493 
1e+05 0.27474
0.014826 0.014826 0.14826 7.967 7.967 7.967 7.967 7.08 6.593 5.871 5.56 4.96 4.48 4.152 3.62 3.248 2.971 2.659 2.393 2.176 2 1.853 1.927 
-1 -1
0.15849 0
0.014254 0.014254 0.086371 2.019 2.019 2.019 2.019 1.714 1.516 1.349 1.177 1.068 1.017 0.9642 0.8929 0.8508 0.8225 0.809 0.8009 0.8023 0.8373 0.9029 1.08 
1 0.0499
0.014239 0.014239 0.11818 5.463 5.463 5.463 5.463 4.389 3.697 3.037 2.565 2.175 1.878 1.682 1.549 1.412 1.304 1.228 1.17 1.129 1.111 1.113 1.2 
3 0.077832
0.014244 0.014244 0.13361 7.117 7.117 7.117 7.117 5.689 4.772 3.882 3.273 2.748 2.333 2.068 1.898 1.711 1.562 1.452 1.368 1.303 1.257 1.226 1.271 
6.3096 0.095958
0.014254 0.014254 0.14254 8.067 8.067 8.067 8.067 6.444 5.404 4.385 3.702 3.099 2.616 2.311 2.116 1.899 1.726 1.594 1.492 1.412 1.348 1.297 1.319 
9 0.10226
0.014254 0.014254 0.1443 8.715 8.715 8.715 8.715 6.953 5.821 4.706 3.961 3.301 2.778 2.446 2.218 1.981 1.794 1.652 1.542 1.455 1.385 1.327 1.34 
63.096 0.12762
0.014254 0.014254 0.14254 12.47 12.47 12.47 12.47 9.916 8.236 6.56 5.424 4.425 3.69 3.203 2.723 2.375 2.113 1.916 1.764 1.646 1.544 1.46 1.446 
1e+05 0.19839
0.014254 0.014254 0.14254 14.56 14.56 14.56 14.56 11.81 9.919 7.988 6.657 5.443 4.534 3.932 3.285 2.805 2.461 2.203 1.994 1.827 1.689 1.577 1.696 
-1 -1
0.1 0
0.012287 0.012287 0.056143 1.659 1.659 1.659 1.659 1.44 1.265 1.142 1.056 0.9637 0.8949 0.8448 0.8274 0.8079 0.7881 0.7798 0.7772 0.7818 0.8309 0.9249 1.041 
1 0.034809
0.012251 0.012251 0.10397 5.232 5.232 5.232 5.232 4.065 3.365 2.844 2.349 2.079 1.781 1.577 1.453 1.369 1.31 1.234 1.176 1.132 1.111 1.108 1.137 
3 0.051172
0.012285 0.012285 0.12208 6.736 6.736 6.736 6.736 5.191 4.274 3.577 2.915 2.559 2.164 1.896 1.722 1.605 1.525 1.419 1.338 1.275 1.225 1.185 1.185 
3.1623 0.051953
0.012287 0.012287 0.12287 6.805 6.805 6.805 6.805 5.243 4.316 3.611 2.942 2.581 2.182 1.91 1.734 1.615 1.535 1.428 1.345 1.281 1.23 1.189 1.187 
9 0.071924
0.012287 0.012287 0.12728 8.677 8.677 8.677 8.677 6.69 5.431 4.427 3.633 3.063 2.58 2.246 1.989 1.812 1.689 1.561 1.462 1.385 1.32 1.264 1.272 
31.623 0.098524
0.012287 0.012287 0.12287 11.12 11.12 11.12 11.12 8.609 6.887 5.449 4.539 3.637 3.062 2.657 2.284 2.019 1.829 1.683 1.569 1.48 1.409 1.351 1.398 
1e+05 0.1545
0.012287 0.012287 0.12287 14.21 14.21 14.21 14.21 11.01 8.995 7.395 5.798 4.923 3.945 3.34 2.891 2.489 2.208 1.98 1.804 1.664 1.549 1.454 1.629 
-1 -1
0.031623 0
0.0035369 0.0035369 0.01758 0.708 0.708 0.708 0.708 0.6793 0.6931 0.6921 0.7048 0.6931 0.7077 0.7046 0.6892 0.6922 0.6992 0.7047 0.7121 0.7268 0.772 0.8466 1.005 
1 0.024698
0.0034957 0.0034957 0.034102 2.489 2.489 2.489 2.489 2.432 2.338 2.302 2.237 2.127 2.019 1.984 1.831 1.705 1.625 1.568 1.519 1.43 1.36 1.305 1.324 
1.2589 0.026579
0.0035369 0.0035369 0.035369 2.636 2.636 2.636 2.636 2.562 2.454 2.408 2.332 2.213 2.094 2.055 1.893 1.76 1.675 1.614 1.561 1.467 1.391 1.329 1.342 
3 0.033023
0.0035369 0.0035369 0.036888 3.127 3.127 3.127 3.127 3.051 2.92 2.836 2.741 2.581 2.45 2.354 2.158 2.004 1.903 1.818 1.735 1.618 1.521 1.439 1.435 
9 0.041274
0.0035369 0.0035369 0.037347 3.767 3.767 3.767 3.767 3.693 3.537 3.392 3.273 3.053 2.916 2.721 2.483 2.308 2.189 2.072 1.939 1.797 1.678 1.576 1.56 
39.811 0.052616
0.0035369 0.0035369 0.035369 4.669 4.669 4.669 4.669 4.605 4.423 4.167 4.019 3.702 3.574 3.2 2.904 2.713 2.575 2.405 2.189 2.016 1.875 1.757 1.742 
1e+05 0.092875
0.0035369 0.0036953 0.036953 4.902 4.768 4.837 4.907 4.817 4.669 4.443 4.382 4.055 3.845 3.69 3.353 3.123 2.959 2.694 2.439 2.238 2.077 1.933 2.257 
-1 -1
0.031623 0
0.003274 0.003274 0.017448 0.8963 0.8963 0.8963 0.8963 0.8581 0.8299 0.8364 0.8021 0.7976 0.7804 0.7464 0.7423 0.7372 0.723 0.7201 0.7216 0.7302 0.771 0.8417 1.005 
1 0.023412
0.003274 0.003274 0.03274 3.433 3.433 3.433 3.433 3.353 3.166 2.947 2.867 2.587 2.44 2.248 2.023 1.87 1.766 1.689 1.567 1.47 1.391 1.327 1.317 
3 0.029943
0.003274 0.0032979 0.034741 4.34 4.34 4.34 4.341 4.221 4.022 3.72 3.582 3.215 3.023 2.744 2.455 2.255 2.095 1.964 1.8 1.669 1.559 1.464 1.414 
9 0.03603
0.003274 0.0033334 0.03536 5.295 5.296 5.296 5.297 5.124 4.932 4.541 4.325 3.871 3.633 3.25 2.9 2.651 2.423 2.222 2.017 1.852 1.714 1.594 1.511 
39.811 0.043565
0.003274 0.0033998 0.033998 6.664 6.666 6.667 6.668 6.404 6.252 5.731 5.376 4.804 4.502 3.95 3.522 3.205 2.866 2.546 2.282 2.073 1.901 1.758 1.64 
1e+05 0.069396
0.003274 0.0033998 0.033998 6.977 6.985 6.993 7.001 6.802 6.713 6.239 5.926 5.367 5.089 4.511 4.056 3.723 3.338 2.936 2.629 2.375 2.176 2.001 2.021 
-1 -1
0.031623 0
0.002837 0.002837 0.01723 1.115 1.115 1.115 1.115 1.057 0.9879 0.9602 0.9132 0.8898 0.8363 0.8188 0.8005 0.7646 0.7444 0.737 0.7336 0.7382 0.7731 0.8359 1.005 
1 0.021761
0.0028349 0.0028343 0.027808 4.445 4.445 4.445 4.445 4.196 3.839 3.438 3.165 2.811 2.628 2.306 2.07 1.911 1.794 1.681 1.561 1.467 1.392 1.335 1.357 
1.2589 0.023089
0.002837 0.002837 0.02837 4.625 4.625 4.625 4.625 4.367 3.997 3.577 3.292 2.921 2.731 2.392 2.144 1.977 1.855 1.735 1.608 1.508 1.427 1.363 1.378 
3 0.027259
0.002837 0.002837 0.029321 5.557 5.557 5.557 5.557 5.266 4.822 4.304 3.95 3.482 3.243 2.828 2.527 2.286 2.104 1.941 1.782 1.657 1.552 1.465 1.453 
9 0.031838
0.002837 0.002837 0.029609 6.792 6.792 6.792 6.792 6.469 5.928 5.284 4.836 4.238 3.926 3.416 3.047 2.69 2.413 2.186 1.985 1.827 1.693 1.581 1.541 
39.811 0.036799
0.002837 0.002837 0.02837 8.565 8.565 8.565 8.565 8.213 7.539 6.718 6.13 5.341 4.915 4.276 3.817 3.258 2.818 2.49 2.228 2.025 1.855 1.716 1.648 
1e+05 0.055234
0.002837 0.0029628 0.029628 8.898 8.658 8.782 8.908 8.387 7.726 6.956 6.561 5.729 5.16 4.674 3.997 3.488 3.132 2.85 2.582 2.319 2.104 1.926 1.932 
-1 -1
0.019953 0
0.0023949 0.0023949 0.011174 0.7908 0.7908 0.7908 0.7908 1.159 1.578 1.297 1.169 1.034 0.9084 0.8302 0.7839 0.7513 0.7322 0.7258 0.7248 0.7315 0.7684 0.8475 1.002 
0.63096 0.016489
0.0023949 0.0028444 0.028444 2.621 3.745 5.422 7.343 5.737 4.504 3.79 3.006 2.522 2.222 1.986 1.768 1.613 1.497 1.402 1.327 1.268 1.221 1.184 1.234 
1 0.018232
0.0023949 0.0028725 0.029524 2.876 4.174 6.082 8.32 6.467 5.05 4.204 3.328 2.779 2.42 2.144 1.897 1.721 1.589 1.48 1.394 1.325 1.268 1.219 1.264 
3 0.02196
0.0023949 0.0029093 0.030937 3.493 5.229 7.699 10.75 8.325 6.5 5.27 4.168 3.448 2.913 2.527 2.205 1.972 1.796 1.654 1.539 1.446 1.367 1.294 1.337 
9 0.025078
0.0023949 0.0029034 0.030711 4.124 6.33 9.374 13.31 10.34 8.159 6.446 5.111 4.196 3.437 2.916 2.511 2.215 1.989 1.811 1.665 1.548 1.448 1.357 1.408 
31.623 0.027898
0.0023949 0.0028444 0.028444 4.863 7.647 11.36 16.42 12.85 10.31 7.925 6.316 5.148 4.074 3.369 2.857 2.481 2.192 1.971 1.786 1.639 1.518 1.413 1.489 
1e+05 0.045606
0.0023949 0.0028444 0.028444 5.047 7.997 11.89 17.38 13.77 10.81 9.066 6.941 5.69 4.692 3.834 3.21 2.752 2.402 2.134 1.922 1.742 1.598 1.472 1.802 
-1 -1
0.019953 0
0.0023009 0.0023009 0.011127 0.6945 0.6945 0.6945 0.6945 1.807 1.552 1.336 1.174 1.026 0.904 0.8354 0.7839 0.7512 0.7338 0.7272 0.7258 0.7312 0.7675 0.8462 1.002 
0.63096 0.016102
0.0023009 0.0024008 0.024008 2.101 3.437 5.746 8.905 6.986 5.483 4.486 3.565 3.023 2.461 2.115 1.863 1.684 1.552 1.453 1.381 1.321 1.277 1.243 1.285 
1 0.017679
0.0023009 0.0024067 0.024835 2.281 3.78 6.367 10.05 7.821 6.138 5.014 3.962 3.349 2.705 2.308 2.02 1.812 1.658 1.541 1.455 1.384 1.328 1.282 1.317 
3 0.020901
0.0023009 0.0024139 0.025964 2.705 4.579 7.797 12.83 9.949 7.824 6.377 4.986 4.182 3.323 2.792 2.41 2.121 1.906 1.745 1.621 1.519 1.436 1.361 1.389 
9 0.02336
0.0023009 0.0024111 0.0259 3.119 5.347 9.158 15.67 12.27 9.686 7.885 6.115 5.095 3.99 3.306 2.817 2.435 2.15 1.937 1.769 1.633 1.521 1.421 1.455 
39.811 0.025474
0.0023009 0.0023916 0.023916 3.665 6.34 10.89 19.63 15.72 12.49 10.16 7.811 6.457 4.97 4.05 3.399 2.868 2.472 2.18 1.941 1.753 1.601 1.471 1.532 
1e+05 0.034483
0.0023009 0.0023916 0.023916 3.745 6.503 11.19 20.22 16.33 13.09 10.74 8.352 6.965 5.4 4.43 3.727 3.118 2.665 2.333 2.061 1.848 1.676 1.529 1.721 
-1 -1
0.0063096 0
0.00078754 0.00078754 0.0035485 0.5426 0.5426 0.5426 0.5426 0.5154 0.5462 0.5421 0.5681 0.5852 0.5974 0.595 0.5906 0.597 0.6138 0.6328 0.6603 0.6924 0.7593 0.8658 1 
0.15849 0.0033229
0.00078754 0.0014184 0.014184 1.584 1.545 1.606 1.674 1.63 1.647 1.63 1.576 1.55 1.535 1.449 1.385 1.339 1.303 1.279 1.219 1.16 1.111 1.064 1.014 
1 0.0080052
0.00078754 0.0015145 0.015805 2.165 2.095 2.17 2.254 2.181 2.188 2.15 2.057 2.004 1.967 1.837 1.739 1.663 1.602 1.557 1.473 1.393 1.318 1.243 1.2 
3 0.011761
0.00078754 0.0014803 0.015228 2.506 2.414 2.491 2.577 2.481 2.48 2.425 2.31 2.241 2.189 2.034 1.915 1.823 1.748 1.691 1.603 1.52 1.445 1.372 1.373 
6.3096 0.014712
0.00078754 0.0014184 0.014184 2.735 2.627 2.702 2.786 2.671 2.665 2.596 2.467 2.387 2.324 2.153 2.019 1.917 1.832 1.768 1.681 1.6 1.531 1.469 1.516 
9 0.015508
0.00078754 0.0014184 0.014184 2.793 2.69 2.774 2.865 2.751 2.748 2.678 2.547 2.465 2.4 2.221 2.081 1.973 1.884 1.817 1.725 1.639 1.566 1.501 1.547 
31.623 0.017901
0.00078754 0.0014184 0.014184 2.924 2.858 2.98 3.106 3.004 3.018 2.956 2.818 2.734 2.667 2.461 2.299 2.174 2.071 1.992 1.878 1.774 1.686 1.602 1.63 
1e+05 0.028428
0.00078754 0.0014184 0.014184 2.937 2.879 3.01 3.145 3.052 3.077 3.027 2.902 2.831 2.776 2.579 2.426 2.308 2.212 2.14 2.02 1.905 1.806 1.718 2.002 
-1 -1
0.0063096 0
0.00067327 0.00067327 0.0034914 0.5169 0.5169 0.5169 0.5169 0.5211 0.5556 0.5569 0.5859 0.6097 0.6222 0.6205 0.614 0.6177 0.6278 0.6467 0.6726 0.7178 0.7696 0.8299 1 
0.15849 0.003219
0.00067327 0.0016732 0.016732 1.345 1.585 1.713 1.795 1.723 1.685 1.686 1.61 1.522 1.457 1.411 1.377 1.323 1.252 1.191 1.138 1.093 1.051 1.014 0.9795 
1 0.0078257
0.00067327 0.0019308 0.019887 1.721 2.181 2.325 2.431 2.312 2.236 2.218 2.1 1.958 1.847 1.767 1.703 1.626 1.527 1.44 1.362 1.29 1.221 1.159 1.111 
3 0.011531
0.00067327 0.0019759 0.020242 1.912 2.532 2.665 2.777 2.63 2.532 2.496 2.358 2.188 2.05 1.945 1.86 1.772 1.664 1.567 1.481 1.401 1.327 1.26 1.24 
9 0.015953
0.00067327 0.0019398 0.019456 2.078 2.879 2.988 3.099 2.923 2.804 2.745 2.593 2.396 2.23 2.099 1.989 1.892 1.779 1.678 1.588 1.508 1.435 1.371 1.405 
10 0.016414
0.00067327 0.0019321 0.019321 2.092 2.912 3.018 3.128 2.949 2.829 2.768 2.614 2.414 2.246 2.112 2 1.902 1.789 1.688 1.598 1.518 1.445 1.383 1.423 
1e+05 0.030251
0.00067327 0.0019321 0.019321 2.141 3.071 3.275 3.469 3.315 3.221 3.188 3.039 2.824 2.643 2.499 2.379 2.273 2.119 1.987 1.865 1.756 1.66 1.573 1.783 
-1 -1
0.0050119 0
0.00056723 0.00056723 0.0027895 0.6035 0.6035 0.6035 0.6035 0.6151 0.6233 0.6308 0.6256 0.6476 0.6507 0.6529 0.6527 0.6462 0.6519 0.6588 0.6775 0.6988 0.7504 0.8327 1 
0.12589 0.0026108
0.00056723 0.00096524 0.0096524 1.811 1.983 1.967 2.067 2.019 1.957 1.881 1.856 1.775 1.656 1.573 1.517 1.477 1.404 1.318 1.249 1.185 1.133 1.088 1.042 
1 0.0063362
0.00056723 0.0010313 0.010791 2.573 2.906 2.89 3.049 2.967 2.861 2.731 2.682 2.54 2.349 2.213 2.118 1.994 1.857 1.723 1.611 1.511 1.421 1.335 1.256 
3 0.008961
0.00056723 0.001006 0.010355 2.972 3.407 3.394 3.582 3.484 3.355 3.196 3.132 2.959 2.731 2.568 2.452 2.264 2.089 1.932 1.801 1.687 1.586 1.493 1.428 
6.3096 0.010993
0.00056723 0.00096524 0.0096524 3.24 3.75 3.742 3.949 3.84 3.695 3.517 3.44 3.247 2.995 2.815 2.684 2.444 2.241 2.071 1.93 1.808 1.703 1.61 1.567 
9 0.011591
0.00056723 0.00096524 0.0096524 3.296 3.827 3.828 4.046 3.942 3.8 3.623 3.551 3.355 3.098 2.915 2.782 2.53 2.317 2.139 1.991 1.864 1.753 1.654 1.601 
50.119 0.014101
0.00056723 0.00096524 0.0096524 3.394 4.006 4.067 4.346 4.288 4.187 4.042 4.006 3.822 3.558 3.372 3.241 2.945 2.68 2.466 2.289 2.133 1.993 1.857 1.73 
1e+05 0.020619
0.00056723 0.00096524 0.0096524 3.398 4.013 4.078 4.359 4.305 4.209 4.07 4.04 3.864 3.609 3.431 3.308 3.021 2.763 2.555 2.382 2.231 2.093 1.951 2.068 
-1 -1
0.0031623 0
0.00037831 0.00037831 0.0017702 0.5085 0.5085 0.5085 0.5085 0.4958 0.5391 0.6018 0.6196 0.6594 0.6662 0.6611 0.6751 0.6848 0.6794 0.6829 0.6911 0.7055 0.7536 0.8356 1 
0.081548 0.0024327
0.00037831 0.0010092 0.010092 1.305 1.967 2.234 2.327 2.157 2.035 1.969 1.833 1.679 1.557 1.457 1.376 1.309 1.251 1.201 1.158 1.121 1.073 1.026 0.9731 
1 0.00581
0.00037831 0.0011156 0.011496 1.777 3.12 3.787 3.934 3.634 3.409 3.278 3.005 2.69 2.449 2.255 2.068 1.903 1.763 1.643 1.539 1.445 1.345 1.248 1.185 
3 0.0077023
0.00037831 0.0010579 0.010735 1.944 3.634 4.529 4.695 4.335 4.071 3.922 3.584 3.194 2.897 2.654 2.413 2.193 2.007 1.848 1.712 1.588 1.472 1.365 1.341 
5.0119 0.0086723
0.00037831 0.0010092 0.010092 2.015 3.876 4.888 5.062 4.673 4.393 4.237 3.867 3.443 3.118 2.852 2.583 2.336 2.126 1.946 1.794 1.655 1.532 1.424 1.428 
9 0.009487
0.00037831 0.0010092 0.010092 2.049 4 5.101 5.325 4.938 4.663 4.515 4.13 3.68 3.336 3.053 2.755 2.478 2.243 2.042 1.873 1.718 1.583 1.464 1.473 
31.623 0.011175
0.00037831 0.0010092 0.010092 2.066 4.144 5.42 5.783 5.429 5.186 5.075 4.672 4.177 3.799 3.488 3.127 2.78 2.488 2.24 2.032 1.844 1.68 1.537 1.553 
1e+05 0.017619
0.00037831 0.0010092 0.010092 2.068 4.156 5.45 5.832 5.493 5.265 5.167 4.78 4.299 3.931 3.629 3.261 2.915 2.623 2.371 2.155 1.967 1.803 1.653 1.873 
-1 -1
0.0031623 0
0.00035852 0.00035852 0.0017603 0.5031 0.5031 0.5031 0.5031 0.4994 0.5549 0.607 0.6498 0.6699 0.6709 0.6919 0.6948 0.6784 0.6741 0.6789 0.6882 0.7037 0.7517 0.8318 1 
0.081548 0.0024309
0.00035852 0.00098938 0.0098938 1.274 2.052 2.299 2.364 2.181 2.048 1.97 1.828 1.668 1.543 1.439 1.356 1.283 1.22 1.165 1.118 1.077 1.039 1.005 0.9776 
1 0.0055945
0.00035852 0.0010958 0.011266 1.707 3.261 3.896 3.992 3.657 3.414 3.252 2.975 2.655 2.41 2.203 2.013 1.847 1.701 1.575 1.465 1.367 1.294 1.23 1.181 
3 0.0073348
0.00035852 0.0010381 0.010522 1.851 3.795 4.654 4.758 4.352 4.072 3.878 3.544 3.148 2.844 2.59 2.342 2.121 1.928 1.764 1.621 1.495 1.415 1.353 1.331 
5.0119 0.0082217
0.00035852 0.00098938 0.0098938 1.91 4.046 5.02 5.127 4.688 4.392 4.183 3.823 3.39 3.057 2.782 2.504 2.255 2.038 1.854 1.695 1.554 1.474 1.416 1.414 
9 0.0089625
0.00035852 0.00098938 0.0098938 1.939 4.173 5.236 5.39 4.952 4.654 4.455 4.078 3.619 3.265 2.973 2.673 2.399 2.161 1.959 1.787 1.633 1.532 1.453 1.456 
31.623 0.010483
0.00035852 0.00098938 0.0098938 1.952 4.314 5.555 5.846 5.443 5.159 5.003 4.603 4.096 3.706 3.383 3.042 2.711 2.432 2.192 1.992 1.81 1.652 1.514 1.529 
1e+05 0.017536
0.00035852 0.00098938 0.0098938 1.953 4.326 5.584 5.894 5.506 5.235 5.091 4.705 4.21 3.829 3.513 3.166 2.821 2.53 2.28 2.071 1.882 1.718 1.574 1.886 
-1 -1
0.00081548 0
0.0001136 0.0001136 0.00046449 0.3136 0.3136 0.3136 0.3136 0.3368 0.3467 0.3755 0.4169 0.4674 0.5292 0.6062 0.703 0.7916 0.866 0.9552 1.004 0.9943 0.9891 0.9943 1 
0.019953 0.00084048
0.0001136 0.00036469 0.0036469 0.8107 1.508 3.005 3.838 3.546 3.337 2.952 2.54 2.216 1.957 1.747 1.564 1.413 1.283 1.181 1.116 1.057 1.005 0.9579 0.9009 
0.39811 0.0042136
0.0001136 0.00036469 0.0036469 1.156 2.684 6.009 8.706 8.245 7.942 7.104 6.179 5.429 4.575 3.889 3.334 2.875 2.497 2.18 1.909 1.774 1.677 1.59 1.56 
1 0.0049133
0.0001136 0.00036469 0.0036469 1.212 2.916 6.708 9.904 9.444 9.158 8.235 7.197 6.35 5.319 4.496 3.831 3.284 2.834 2.458 2.135 1.959 1.828 1.714 1.686 
3 0.00554
0.0001136 0.00036469 0.0036469 1.247 3.112 7.404 11.15 10.72 10.49 9.495 8.349 7.407 6.167 5.187 4.395 3.746 3.214 2.771 2.393 2.156 1.974 1.817 1.79 
9 0.0059402
0.0001136 0.00036469 0.0036469 1.248 3.221 7.95 12.19 11.84 11.68 10.66 9.433 8.418 6.974 5.843 4.926 4.181 3.57 3.064 2.638 2.329 2.084 1.873 1.842 
31.623 0.0061205
0.0001136 0.00036469 0.0036469 1.208 3.239 8.39 13.14 12.91 12.88 11.87 10.59 9.519 7.847 6.55 5.495 4.645 3.947 3.375 2.904 2.498 2.163 1.878 1.839 
1e+05 0.0086141
0.0001136 0.00036469 0.0036469 1.208 3.24 8.398 13.16 12.93 12.91 11.91 10.64 9.57 7.9 6.604 5.547 4.695 3.995 3.421 2.947 2.538 2.201 1.913 2.181 
-1 -1
0.00081548 0
0.00010923 0.00010923 0.0004623 0.318 0.318 0.318 0.318 0.3438 0.3522 0.3799 0.4214 0.472 0.5527 0.6581 0.7288 0.7957 0.8726 0.9642 1.014 1.002 0.9938 0.9967 1 
0.019953 0.000871
0.00010923 0.000333 0.00333 0.8162 1.421 2.716 3.78 3.686 3.453 3.221 2.758 2.396 2.104 1.867 1.667 1.501 1.36 1.236 1.155 1.093 1.037 0.9856 0.9283 
0.39811 0.0042176
0.00010923 0.00036032 0.0036032 1.156 2.68 6.337 8.726 8.232 7.895 7.059 6.121 5.374 4.505 3.808 3.243 2.779 2.398 2.108 1.933 1.782 1.642 1.522 1.567 
1 0.004894
0.00010923 0.00036426 0.0036426 1.211 2.947 7.113 9.933 9.405 9.08 8.138 7.09 6.254 5.214 4.38 3.706 3.156 2.707 2.361 2.139 1.948 1.778 1.641 1.688 
3 0.0054833
0.00010923 0.00036621 0.0036621 1.246 3.193 7.832 11.18 10.66 10.38 9.361 8.206 7.281 6.042 5.046 4.246 3.597 3.071 2.655 2.365 2.119 1.909 1.755 1.786 
9 0.0058361
0.00010923 0.00036517 0.0036517 1.247 3.358 8.325 12.21 11.77 11.56 10.52 9.277 8.283 6.85 5.695 4.771 4.027 3.428 2.939 2.57 2.26 2.007 1.839 1.833 
31.623 0.0059496
0.00010923 0.00036032 0.0036032 1.207 3.448 8.611 13.14 12.85 12.76 11.75 10.45 9.4 7.75 6.416 5.354 4.506 3.828 3.252 2.776 2.384 2.077 1.896 1.825 
1e+05 0.0073538
0.00010923 0.00036032 0.0036032 1.207 3.45 8.619 13.15 12.88 12.79 11.79 10.49 9.449 7.803 6.471 5.409 4.559 3.879 3.301 2.823 2.427 2.117 1.929 2.02 
-1 -1
0.001 0
0.00012583 0.00012583 0.00056287 0.4372 0.4372 0.4372 0.4372 0.4255 0.447 0.4695 0.4879 0.497 0.5008 0.5188 0.5443 0.5692 0.5863 0.6062 0.6346 0.6673 0.7381 0.853 1 
0.025119 0.0011087
0.00012583 0.00062692 0.0062692 1.001 1.326 1.403 1.43 1.373 1.326 1.291 1.268 1.251 1.213 1.149 1.094 1.046 1.003 0.9644 0.9272 0.8943 0.8641 0.8352 0.8241 
0.63096 0.003019
0.00012583 0.00037692 0.0037692 1.288 1.567 1.754 1.898 1.859 1.849 1.867 1.844 1.763 1.704 1.663 1.629 1.605 1.544 1.49 1.44 1.398 1.36 1.325 1.392 
1 0.00329
0.00012583 0.00036107 0.0036107 1.312 1.593 1.792 1.946 1.908 1.9 1.922 1.899 1.812 1.751 1.71 1.677 1.654 1.592 1.539 1.487 1.443 1.404 1.369 1.446 
3 0.0039345
0.00012583 0.00034333 0.0034333 1.353 1.646 1.872 2.04 2.003 1.999 2.025 2.003 1.906 1.84 1.796 1.763 1.739 1.68 1.627 1.572 1.525 1.483 1.445 1.551 
9 0.0045763
0.00012583 0.00035385 0.0035385 1.371 1.687 1.935 2.108 2.07 2.065 2.089 2.069 1.966 1.895 1.846 1.808 1.781 1.726 1.677 1.619 1.57 1.525 1.484 1.618 
63.096 0.0057073
0.00012583 0.00044196 0.0044196 1.344 1.728 2.006 2.162 2.115 2.099 2.105 2.09 1.989 1.912 1.843 1.789 1.746 1.708 1.673 1.611 1.556 1.506 1.46 1.646 
1e+05 0.0092457
0.00012583 0.00044196 0.0044196 1.344 1.728 2.007 2.163 2.116 2.1 2.106 2.091 1.991 1.914 1.846 1.792 1.749 1.712 1.678 1.618 1.566 1.518 1.473 2.046 
-1 -1
0.001 0
8.744e-05 8.744e-05 0.00054367 0.7335 0.7335 0.7335 0.7335 0.736 0.6781 0.6293 0.5826 0.5567 0.5549 0.5667 0.5815 0.582 0.5913 0.6085 0.6301 0.658 0.714 0.8003 1 
0.025119 0.00074469
8.744e-05 9.9929e-05 0.00099929 2.114 2.245 2.291 2.317 1.934 1.623 1.514 1.411 1.384 1.392 1.439 1.441 1.438 1.45 1.474 1.423 1.381 1.349 1.329 1.304 
0.63096 0.0018079
8.744e-05 9.9929e-05 0.00099929 3.329 3.601 3.709 3.778 3.052 2.415 2.148 1.934 1.815 1.767 1.774 1.811 1.811 1.77 1.754 1.753 1.766 1.756 1.675 1.901 
1 0.0019499
8.744e-05 9.9929e-05 0.00099929 3.434 3.716 3.832 3.906 3.153 2.491 2.204 1.98 1.854 1.802 1.805 1.846 1.847 1.802 1.784 1.786 1.805 1.797 1.712 1.977 
3 0.0022784
8.744e-05 9.9929e-05 0.00099929 3.613 3.91 4.045 4.129 3.334 2.634 2.302 2.063 1.925 1.866 1.865 1.91 1.913 1.864 1.844 1.854 1.882 1.879 1.788 2.149 
9 0.0025927
8.744e-05 9.9929e-05 0.00099929 3.693 3.992 4.146 4.236 3.432 2.725 2.35 2.105 1.964 1.903 1.902 1.948 1.953 1.907 1.889 1.903 1.936 1.936 1.846 2.308 
63.096 0.0031151
8.744e-05 9.9929e-05 0.00099929 3.594 3.861 4.047 4.142 3.398 2.756 2.314 2.081 1.954 1.904 1.911 1.953 1.961 1.933 1.931 1.945 1.975 1.979 1.906 2.559 
1e+05 0.0039031
8.744e-05 9.9929e-05 0.00099929 3.594 3.861 4.048 4.142 3.398 2.756 2.314 2.082 1.955 1.904 1.912 1.953 1.962 1.934 1.932 1.945 1.975 1.98 1.907 2.953 
-1 -1
0.00063096 0
6.84e-05 6.84e-05 0.00034963 0.7115 0.7115 0.7115 0.7115 0.6599 0.6351 0.5892 0.5685 0.5403 0.5348 0.5393 0.5576 0.5778 0.5911 0.6064 0.6312 0.6598 0.72 0.8133 1 
0.015849 0.00054398
6.84e-05 7.1462e-05 0.00071462 1.978 1.981 1.984 1.987 1.817 1.587 1.438 1.381 1.386 1.433 1.421 1.435 1.477 1.455 1.437 1.43 1.433 1.366 1.31 1.302 
0.50119 0.0014782
6.84e-05 7.1462e-05 0.00071462 3.199 3.212 3.224 3.237 2.943 2.494 2.11 1.967 1.942 1.978 1.925 1.921 1.945 2.002 1.985 1.915 1.868 1.838 1.818 2.03 
1 0.0016626
6.84e-05 7.1462e-05 0.00071462 3.328 3.342 3.356 3.37 3.066 2.594 2.187 2.036 2.007 2.043 1.988 1.984 2.009 2.076 2.061 1.991 1.943 1.92 1.899 2.166 
3 0.0019543
6.84e-05 7.1462e-05 0.00071462 3.454 3.469 3.485 3.501 3.19 2.697 2.269 2.11 2.08 2.116 2.062 2.062 2.091 2.167 2.16 2.096 2.053 2.041 2.013 2.375 
9 0.0022439
6.84e-05 7.1462e-05 0.00071462 3.482 3.499 3.516 3.533 3.227 2.732 2.303 2.144 2.114 2.152 2.105 2.111 2.148 2.229 2.231 2.184 2.153 2.152 2.109 2.576 
19.953 0.0024524
6.84e-05 7.1462e-05 0.00071462 3.442 3.459 3.477 3.495 3.2 2.714 2.297 2.142 2.114 2.154 2.116 2.129 2.174 2.254 2.265 2.236 2.22 2.226 2.167 2.716 
1e+05 0.0031258
6.84e-05 7.1462e-05 0.00071462 3.442 3.46 3.478 3.495 3.2 2.715 2.298 2.143 2.115 2.155 2.117 2.131 2.176 2.257 2.258 2.203 2.171 2.158 2.156 3.187 
-1 -1
0.00015849 0
1.608e-05 1.608e-05 8.7234e-05 0.7233 0.7233 0.7233 0.7233 0.7855 0.896 1.037 1.222 1.466 1.674 1.831 1.948 1.913 1.574 1.318 1.118 0.9535 0.8882 0.8695 1 
0.0039811 0.00017064
1.608e-05 4.1099e-05 0.00041099 1.29 2.396 4.171 5.233 4.586 3.603 2.892 2.371 1.974 1.679 1.441 1.345 1.29 1.243 1.206 1.172 1.144 1.121 1.1 1.063 
0.081548 0.0006317
1.608e-05 4.1099e-05 0.00041099 1.902 3.855 7.784 10.54 9.487 7.461 5.993 4.691 3.669 2.927 2.367 2.109 1.94 1.798 1.736 1.686 1.642 1.606 1.573 1.756 
1 0.0010001
1.608e-05 4.1099e-05 0.00041099 2.113 4.392 9.249 12.81 11.67 9.394 7.418 5.77 4.479 3.512 2.791 2.439 2.199 1.997 1.935 1.888 1.848 1.816 1.786 2.241 
3 0.0011574
1.608e-05 4.1099e-05 0.00041099 2.12 4.435 9.453 13.2 12.08 9.878 7.715 6 4.663 3.639 2.878 2.496 2.231 2.01 1.954 1.913 1.879 1.852 1.829 2.428 
9 0.0013123
1.608e-05 4.1099e-05 0.00041099 2.076 4.36 9.389 13.22 12.16 10.14 7.812 6.083 4.744 3.688 2.906 2.5 2.215 1.978 1.93 1.898 1.873 1.856 1.84 2.599 
10 0.001327
1.608e-05 4.1099e-05 0.00041099 2.069 4.347 9.369 13.2 12.15 10.15 7.811 6.083 4.746 3.689 2.905 2.497 2.211 1.972 1.926 1.895 1.871 1.854 1.839 2.614 
1e+05 0.0015597
1.608e-05 4.1099e-05 0.00041099 2.07 4.348 9.373 13.21 12.16 10.16 7.816 6.088 4.75 3.692 2.908 2.5 2.212 1.974 1.929 1.901 1.878 1.864 1.851 2.898 
-1 -1
0.00012589 0
1.406e-05 1.406e-05 6.9927e-05 0.7203 0.7203 0.7203 0.7203 0.7623 0.8302 0.9197 1.051 1.217 1.432 1.658 1.755 1.717 1.708 1.477 1.255 1.084 0.982 0.9236 1 
0.0031623 0.00013282
1.406e-05 3.9079e-05 0.00039079 1.26 2.343 4.082 4.679 4.052 3.176 2.534 2.067 1.739 1.537 1.37 1.271 1.219 1.176 1.138 1.108 1.08 1.056 1.035 1.008 
0.081548 0.00059421
1.406e-05 3.9079e-05 0.00039079 1.922 4.091 8.108 10.06 8.965 7.095 5.684 4.507 3.578 2.881 2.355 2.069 1.93 1.81 1.735 1.683 1.638 1.598 1.565 1.748 
1 0.00094156
1.406e-05 3.9079e-05 0.00039079 2.098 4.589 9.514 12.12 10.94 8.954 7.004 5.441 4.268 3.391 2.735 2.36 2.158 1.984 1.897 1.851 1.812 1.779 1.751 2.219 
3 0.0010915
1.406e-05 3.9079e-05 0.00039079 2.083 4.574 9.664 12.44 11.3 9.448 7.278 5.59 4.371 3.47 2.798 2.399 2.17 1.974 1.886 1.848 1.817 1.793 1.771 2.397 
3.1623 0.0010986
1.406e-05 3.9079e-05 0.00039079 2.081 4.569 9.664 12.45 11.31 9.467 7.286 5.593 4.373 3.472 2.799 2.4 2.17 1.972 1.884 1.847 1.817 1.793 1.771 2.405 
9 0.0012395
1.406e-05 3.9079e-05 0.00039079 2.088 4.591 9.73 12.55 11.41 9.566 7.357 5.643 4.411 3.501 2.822 2.418 2.183 1.982 1.896 1.865 1.839 1.82 1.803 2.586 
15.849 0.0013151
1.406e-05 3.9079e-05 0.00039079 2.085 4.58 9.695 12.5 11.36 9.512 7.323 5.622 4.396 3.491 2.815 2.413 2.18 1.98 1.897 1.869 1.846 1.83 1.816 2.683 
1e+05 0.0014953
1.406e-05 3.9079e-05 0.00039079 2.085 4.581 9.697 12.5 11.36 9.514 7.325 5.623 4.397 3.492 2.816 2.413 2.18 1.981 1.898 1.871 1.849 1.834 1.821 2.913 
-1 -1
0.0001 0
9.65e-06 9.65e-06 5.4775e-05 0.7218 0.7218 0.7218 0.7218 0.6308 0.5706 0.5241 0.5187 0.5146 0.5103 0.515 0.5336 0.5555 0.5707 0.5882 0.6142 0.6447 0.7062 0.7999 1 
0.0025119 8.6392e-05
9.65e-06 9.65e-06 9.65e-05 1.826 1.826 1.826 1.826 1.558 1.317 1.24 1.195 1.163 1.187 1.239 1.295 1.301 1.323 1.365 1.359 1.328 1.311 1.303 1.375 
0.063096 0.00014152
9.65e-06 9.65e-06 9.65e-05 2.435 2.435 2.435 2.435 2.073 1.729 1.602 1.474 1.449 1.475 1.51 1.499 1.52 1.56 1.622 1.624 1.594 1.578 1.575 1.73 
1 0.00020739
9.65e-06 9.65e-06 9.65e-05 2.668 2.668 2.668 2.668 2.252 1.853 1.698 1.533 1.484 1.497 1.537 1.565 1.562 1.585 1.628 1.664 1.675 1.642 1.623 2.079 
1.9953 0.00022654
9.65e-06 9.65e-06 9.65e-05 2.685 2.685 2.685 2.685 2.259 1.851 1.692 1.522 1.462 1.47 1.515 1.565 1.552 1.566 1.598 1.647 1.674 1.633 1.608 2.174 
3 0.00023412
9.65e-06 9.65e-06 9.65e-05 2.694 2.694 2.694 2.694 2.266 1.856 1.695 1.524 1.463 1.47 1.515 1.567 1.553 1.566 1.598 1.648 1.676 1.635 1.609 2.213 
9 0.00025199
9.65e-06 9.65e-06 9.65e-05 2.698 2.698 2.698 2.698 2.268 1.857 1.696 1.525 1.464 1.471 1.516 1.567 1.553 1.567 1.599 1.648 1.675 1.635 1.61 2.306 
10 0.0002535
9.65e-06 9.65e-06 9.65e-05 2.696 2.696 2.696 2.696 2.267 1.857 1.695 1.525 1.464 1.471 1.516 1.566 1.553 1.567 1.599 1.648 1.675 1.635 1.61 2.313 
1e+05 0.00031416
9.65e-06 9.65e-06 9.65e-05 2.697 2.697 2.697 2.697 2.268 1.857 1.696 1.525 1.465 1.471 1.516 1.566 1.553 1.567 1.599 1.648 1.675 1.635 1.61 2.628 
-1 -1
-2 -2
