0.1 0
0.011067 0.011067 0.055533 2.445 2.445 2.445 2.445 2.095 1.859 1.614 1.451 1.253 1.145 1.081 1.015 0.9399 0.89 0.8577 0.8323 0.8165 0.8401 0.8964 1.04 
1 0.041519
0.011272 0.011272 0.097403 6.64 6.632 6.622 6.612 5.254 4.364 3.625 3.072 2.585 2.172 1.927 1.752 1.582 1.445 1.344 1.266 1.205 1.168 1.149 1.164 
3 0.05548
0.011081 0.011081 0.11018 8.042 8.042 8.041 8.041 6.341 5.229 4.324 3.637 3.052 2.535 2.228 2.016 1.813 1.647 1.522 1.425 1.349 1.291 1.244 1.225 
3.1623 0.056055
0.011067 0.011067 0.11067 8.1 8.1 8.1 8.1 6.386 5.265 4.353 3.66 3.072 2.55 2.241 2.027 1.823 1.656 1.53 1.432 1.356 1.296 1.248 1.228 
9 0.066505
0.011067 0.011067 0.11432 10.1 10.1 10.1 10.1 7.927 6.494 5.325 4.433 3.681 3.041 2.644 2.326 2.058 1.847 1.687 1.564 1.466 1.387 1.317 1.279 
31.623 0.075049
0.011067 0.011067 0.11067 12.67 12.67 12.67 12.67 9.927 8.092 6.581 5.426 4.448 3.67 3.162 2.681 2.32 2.05 1.849 1.692 1.567 1.467 1.378 1.337 
1e+05 0.171
0.011067 0.011067 0.11067 16.6 16.6 16.6 16.6 13.21 10.9 8.93 7.396 6.057 4.971 4.26 3.533 2.981 2.591 2.282 2.041 1.848 1.694 1.562 1.773 
-1 -1
0.01 0
0.0014024 0.0014024 0.0057012 0.9814 0.9814 0.9814 0.9814 0.9213 0.9276 0.8715 0.8728 0.8393 0.8085 0.8006 0.7776 0.7534 0.7426 0.741 0.745 0.7554 0.8021 0.8915 1.001 
0.25119 0.0043331
0.0014024 0.0014654 0.014654 3.31 3.316 3.321 3.327 3.066 2.912 2.612 2.55 2.31 2.141 2.02 1.807 1.66 1.557 1.478 1.394 1.301 1.225 1.165 1.08 
1 0.0081237
0.0014024 0.001475 0.016015 4.49 4.501 4.512 4.524 4.16 3.943 3.549 3.365 3.042 2.818 2.582 2.304 2.112 1.936 1.798 1.668 1.54 1.428 1.33 1.214 
3 0.011966
0.0014024 0.0014751 0.016038 5.506 5.523 5.541 5.558 5.105 4.84 4.376 4.053 3.667 3.401 3.045 2.723 2.499 2.25 2.054 1.883 1.732 1.598 1.48 1.363 
9 0.016542
0.0014024 0.0014687 0.015121 6.592 6.616 6.64 6.665 6.117 5.805 5.275 4.777 4.331 4.024 3.524 3.163 2.91 2.576 2.312 2.097 1.926 1.776 1.649 1.551 
12.589 0.018086
0.0014024 0.0014654 0.014654 6.937 6.964 6.99 7.017 6.439 6.113 5.564 5.006 4.541 4.222 3.673 3.302 3.04 2.678 2.391 2.162 1.986 1.832 1.704 1.616 
1e+05 0.030304
0.0014024 0.0014654 0.014654 7.812 7.858 7.904 7.95 7.431 7.094 6.355 6.201 5.563 5.104 4.753 4.164 3.749 3.438 3.058 2.726 2.455 2.235 2.05 2.034 
-1 -1
0.01 0
0.0012555 0.0012555 0.0056277 1.896 1.896 1.896 1.896 1.876 1.607 1.468 1.294 1.132 1 0.9246 0.8753 0.8351 0.8015 0.7809 0.7669 0.7605 0.8021 0.8912 1.001 
0.31623 0.0048925
0.0012555 0.0014139 0.014139 6.877 6.965 7 7.023 5.638 4.645 3.69 3.185 2.615 2.249 2.008 1.837 1.653 1.512 1.4 1.316 1.249 1.191 1.144 1.12 
1 0.0071692
0.0012555 0.0014337 0.015203 8.889 9.027 9.091 9.137 7.285 5.974 4.679 4.006 3.236 2.749 2.42 2.162 1.918 1.733 1.586 1.473 1.383 1.3 1.224 1.204 
3 0.0096427
0.0012555 0.0014372 0.015391 10.97 11.17 11.27 11.34 9.04 7.391 5.739 4.877 3.887 3.264 2.837 2.474 2.169 1.936 1.755 1.612 1.497 1.394 1.299 1.303 
9 0.01241
0.0012555 0.0014257 0.014773 13.22 13.48 13.62 13.74 10.97 8.951 6.912 5.834 4.596 3.817 3.278 2.788 2.415 2.133 1.914 1.739 1.597 1.478 1.371 1.423 
15.849 0.013951
0.0012555 0.0014139 0.014139 14.44 14.73 14.9 15.04 12.04 9.811 7.561 6.361 4.983 4.117 3.514 2.95 2.541 2.231 1.992 1.8 1.643 1.517 1.408 1.492 
1e+05 0.021227
0.0012555 0.0014139 0.014139 15.66 16.06 16.32 16.54 13.45 11.13 8.705 7.415 5.848 4.86 4.15 3.449 2.937 2.556 2.261 2.024 1.834 1.673 1.541 1.751 
-1 -1
0.01 0
0.0012229 0.0012229 0.0056114 1.869 1.869 1.869 1.869 1.902 1.666 1.448 1.294 1.136 1.002 0.9257 0.8753 0.8349 0.8009 0.7803 0.766 0.7594 0.8015 0.8908 1.001 
0.31623 0.004748
0.0012229 0.0012729 0.012729 6.726 7.027 7.341 7.669 6.28 5.044 4.141 3.423 2.897 2.416 2.093 1.875 1.725 1.604 1.476 1.374 1.297 1.23 1.178 1.138 
1 0.0068192
0.0012229 0.0012792 0.013619 8.676 9.09 9.524 9.977 8.135 6.501 5.296 4.328 3.626 2.981 2.552 2.246 2.021 1.846 1.678 1.546 1.442 1.348 1.266 1.222 
3 0.0090233
0.0012229 0.0012803 0.013777 10.69 11.22 11.77 12.35 10.09 8.045 6.518 5.284 4.388 3.562 3.022 2.619 2.304 2.064 1.856 1.695 1.564 1.448 1.346 1.32 
9 0.01145
0.0012229 0.0012766 0.013259 12.86 13.51 14.19 14.9 12.23 9.74 7.858 6.328 5.216 4.186 3.524 3.008 2.586 2.271 2.021 1.83 1.67 1.536 1.423 1.435 
15.849 0.012786
0.0012229 0.0012729 0.012729 14.03 14.75 15.49 16.28 13.4 10.67 8.594 6.901 5.667 4.524 3.795 3.216 2.731 2.373 2.1 1.894 1.719 1.577 1.461 1.501 
1e+05 0.019136
0.0012229 0.0012859 0.012859 15.18 16.74 17.27 17.53 14.58 11.99 9.606 7.881 6.487 5.237 4.425 3.706 3.144 2.708 2.376 2.114 1.905 1.739 1.593 1.744 
-1 -1
0.0015849 0
0.00017935 0.00017935 0.00088207 0.6189 0.6189 0.6189 0.6189 0.607 0.6418 0.6326 0.6609 0.6699 0.6633 0.6778 0.6795 0.6684 0.6685 0.6772 0.6906 0.7102 0.7592 0.8373 1 
0.039811 0.00086586
0.00017935 0.00037878 0.0037878 1.686 1.799 1.893 1.957 1.866 1.827 1.82 1.69 1.597 1.536 1.491 1.452 1.362 1.281 1.216 1.16 1.111 1.068 1.032 0.9996 
1 0.0028669
0.00017935 0.00030514 0.0030514 2.537 2.712 2.795 3.018 2.908 2.933 2.827 2.7 2.633 2.517 2.315 2.165 2.052 1.96 1.872 1.759 1.661 1.581 1.507 1.465 
3 0.003622
0.00017935 0.0003255 0.003255 2.715 2.964 3.087 3.303 3.173 3.176 3.078 2.928 2.826 2.69 2.486 2.334 2.208 2.094 1.99 1.867 1.759 1.67 1.587 1.549 
9 0.0044143
0.00017935 0.00036896 0.0036896 2.836 3.186 3.371 3.549 3.394 3.351 3.281 3.097 2.938 2.781 2.602 2.465 2.322 2.18 2.054 1.926 1.812 1.714 1.625 1.594 
25.119 0.0051881
0.00017935 0.00043044 0.0043044 2.898 3.366 3.628 3.744 3.558 3.452 3.429 3.202 2.969 2.791 2.659 2.553 2.392 2.215 2.066 1.938 1.82 1.716 1.623 1.602 
1e+05 0.0083014
0.00017935 0.00043044 0.0043044 2.901 3.373 3.64 3.761 3.581 3.48 3.462 3.244 3.021 2.85 2.725 2.626 2.473 2.301 2.152 2.022 1.91 1.809 1.721 1.964 
-1 -1
0.0015849 0
0.00012948 0.00012948 0.00085713 0.5406 0.5406 0.5406 0.5406 0.5583 0.6017 0.6628 0.6722 0.7163 0.7526 0.7376 0.7393 0.7504 0.7336 0.7236 0.7179 0.7205 0.7541 0.8187 1 
0.039811 0.00072694
0.00012948 0.00032891 0.0032891 1.26 1.831 2.141 2.277 2.168 2.103 2.087 1.956 1.809 1.699 1.61 1.539 1.461 1.374 1.299 1.234 1.176 1.125 1.08 1.011 
1 0.0026388
0.00012948 0.00038057 0.0038057 1.62 2.75 3.47 3.583 3.357 3.2 3.109 2.903 2.608 2.38 2.183 2.02 1.884 1.764 1.662 1.574 1.496 1.425 1.364 1.342 
3 0.0031582
0.00012948 0.00038637 0.0038637 1.683 2.952 3.799 3.957 3.72 3.558 3.467 3.245 2.915 2.654 2.431 2.245 2.091 1.943 1.816 1.705 1.608 1.52 1.442 1.42 
9 0.0036104
0.00012948 0.00038617 0.0038617 1.716 3.099 4.065 4.293 4.062 3.909 3.83 3.595 3.239 2.948 2.705 2.502 2.331 2.145 1.984 1.844 1.721 1.611 1.512 1.481 
25.119 0.0039722
0.00012948 0.00038057 0.0038057 1.72 3.186 4.257 4.575 4.362 4.229 4.174 3.932 3.558 3.242 2.985 2.769 2.584 2.356 2.156 1.981 1.828 1.693 1.568 1.522 
1e+05 0.0060085
0.00012948 0.00038057 0.0038057 1.72 3.19 4.268 4.593 4.387 4.26 4.211 3.978 3.613 3.304 3.052 2.842 2.661 2.427 2.221 2.042 1.884 1.746 1.618 1.789 
-1 -1
0.001 0
0.00012508 0.00012508 0.00056249 0.4966 0.4966 0.4966 0.4966 0.5017 0.5409 0.5801 0.6151 0.6305 0.6395 0.6645 0.6697 0.6638 0.6692 0.6762 0.6951 0.7164 0.7754 0.8753 1 
0.025119 0.00074903
0.00012508 0.00032451 0.0032451 1.213 1.69 2.019 2.114 2.003 1.931 1.906 1.784 1.649 1.538 1.451 1.382 1.322 1.273 1.206 1.144 1.088 1.038 0.9935 0.9604 
0.63096 0.0025819
0.00012508 0.00032451 0.0032451 1.629 2.66 3.199 3.454 3.28 3.171 3.139 2.967 2.756 2.571 2.337 2.149 1.985 1.844 1.722 1.616 1.525 1.44 1.364 1.39 
1 0.0027558
0.00012508 0.00032451 0.0032451 1.667 2.765 3.347 3.636 3.471 3.375 3.315 3.132 2.917 2.728 2.47 2.262 2.08 1.925 1.793 1.678 1.579 1.487 1.405 1.426 
3 0.0030818
0.00012508 0.00032451 0.0032451 1.736 2.983 3.682 4.062 3.934 3.888 3.735 3.52 3.306 3.112 2.793 2.533 2.309 2.119 1.958 1.819 1.7 1.588 1.489 1.485 
9 0.0032828
0.00012508 0.00032451 0.0032451 1.775 3.153 3.989 4.476 4.41 4.438 4.154 3.902 3.7 3.511 3.124 2.809 2.538 2.312 2.119 1.952 1.807 1.673 1.556 1.507 
10 0.0032955
0.00012508 0.00032451 0.0032451 1.777 3.166 4.017 4.515 4.456 4.493 4.194 3.938 3.738 3.55 3.156 2.835 2.56 2.331 2.134 1.964 1.817 1.681 1.561 1.507 
1e+05 0.0054862
0.00012508 0.00032451 0.0032451 1.781 3.184 4.059 4.588 4.456 4.402 4.443 4.261 4.002 3.765 3.373 3.055 2.779 2.555 2.358 2.173 2.002 1.849 1.718 1.845 
-1 -1
0.00039811 0
3.892e-05 3.892e-05 0.00021846 0.4464 0.4464 0.4464 0.4464 0.4712 0.5208 0.5935 0.6935 0.8247 0.933 0.9939 1.046 1.056 1.002 0.9601 0.934 0.9138 0.905 0.8983 1 
0.0081548 0.00034735
3.892e-05 0.00013882 0.0013882 1.05 2.387 3.321 3.431 3.181 2.994 2.71 2.399 2.152 1.941 1.764 1.612 1.484 1.371 1.271 1.183 1.103 1.031 0.982 0.9204 
0.19953 0.0011801
3.892e-05 0.00013882 0.0013882 1.477 4.314 6.372 6.934 6.533 6.244 5.658 4.914 4.329 3.849 3.397 2.953 2.582 2.273 2.016 1.87 1.742 1.622 1.513 1.413 
1 0.0015245
3.892e-05 0.00013882 0.0013882 1.58 4.891 7.425 8.247 7.842 7.563 6.911 6.057 5.381 4.726 4.123 3.558 3.089 2.698 2.371 2.167 1.988 1.827 1.68 1.577 
3 0.0017304
3.892e-05 0.00013882 0.0013882 1.607 5.132 7.956 8.968 8.589 8.34 7.676 6.789 6.08 5.291 4.581 3.944 3.416 2.976 2.606 2.351 2.128 1.932 1.754 1.656 
9 0.0019127
3.892e-05 0.00013882 0.0013882 1.599 5.251 8.335 9.549 9.217 9.018 8.368 7.481 6.765 5.829 5.009 4.307 3.729 3.245 2.835 2.519 2.243 2.008 1.797 1.709 
19.953 0.0020302
3.892e-05 0.00013882 0.0013882 1.572 5.26 8.516 9.881 9.598 9.447 8.824 7.959 7.252 6.202 5.3 4.557 3.946 3.434 2.996 2.632 2.313 2.045 1.808 1.731 
1e+05 0.0025807
3.892e-05 0.00013882 0.0013882 1.572 5.262 8.522 9.893 9.613 9.466 8.847 7.986 7.282 6.236 5.336 4.593 3.982 3.47 3.031 2.665 2.345 2.076 1.838 1.93 
-1 -1
0.00039811 0
3.829e-05 3.829e-05 0.00021815 0.4489 0.4489 0.4489 0.4489 0.4707 0.5211 0.5943 0.6952 0.8279 0.9392 0.9986 1.05 1.062 1.005 0.9622 0.9349 0.9135 0.9036 0.8958 1 
0.0081548 0.00034645
3.829e-05 0.00013819 0.0013819 1.054 2.406 3.342 3.436 3.182 2.991 2.708 2.399 2.153 1.942 1.766 1.615 1.486 1.373 1.273 1.185 1.105 1.033 0.9829 0.9214 
0.19953 0.0011611
3.829e-05 0.00013819 0.0013819 1.48 4.351 6.401 6.929 6.518 6.219 5.636 4.893 4.308 3.828 3.379 2.939 2.571 2.264 2.006 1.862 1.736 1.617 1.513 1.408 
1 0.0015121
3.829e-05 0.00013819 0.0013819 1.569 4.945 7.565 8.421 8.018 7.74 7.09 6.234 5.551 4.842 4.206 3.629 3.151 2.751 2.414 2.187 1.988 1.812 1.656 1.564 
3 0.0017284
3.829e-05 0.00013819 0.0013819 1.581 5.201 8.214 9.335 8.971 8.736 8.073 7.181 6.458 5.559 4.774 4.107 3.558 3.098 2.707 2.402 2.134 1.907 1.705 1.635 
5.0119 0.0018231
3.829e-05 0.00013819 0.0013819 1.573 5.279 8.477 9.734 9.396 9.19 8.53 7.632 6.899 5.901 5.041 4.333 3.752 3.264 2.848 2.5 2.196 1.94 1.715 1.659 
9 0.0019168
3.829e-05 0.00013819 0.0013819 1.577 5.321 8.577 9.881 9.557 9.366 8.714 7.819 7.087 6.059 5.174 4.447 3.85 3.35 2.922 2.562 2.247 1.983 1.75 1.694 
25.119 0.0020614
3.829e-05 0.00013819 0.0013819 1.574 5.301 8.55 9.87 9.573 9.405 8.784 7.917 7.208 6.176 5.282 4.544 3.938 3.429 2.994 2.631 2.313 2.045 1.81 1.746 
1e+05 0.0025596
3.829e-05 0.00013819 0.0013819 1.574 5.302 8.553 9.877 9.582 9.417 8.799 7.935 7.227 6.198 5.305 4.568 3.962 3.453 3.018 2.654 2.335 2.067 1.83 1.926 
-1 -1
0.00012589 0
1.488e-05 1.488e-05 7.0336e-05 0.4418 0.4418 0.4418 0.4418 0.4277 0.4319 0.461 0.4688 0.4899 0.5222 0.5333 0.5417 0.5569 0.5786 0.6073 0.6437 0.695 0.7563 0.8301 1 
0.0031623 7.9689e-05
1.488e-05 6.4899e-05 0.00064899 0.9886 1.232 1.383 1.455 1.398 1.354 1.323 1.306 1.297 1.253 1.188 1.132 1.084 1.04 1.003 0.9667 0.9346 0.9057 0.8783 0.8455 
0.081548 0.00014272
1.488e-05 6.4899e-05 0.00064899 1.171 1.431 1.664 1.779 1.713 1.662 1.628 1.61 1.601 1.555 1.489 1.432 1.383 1.34 1.302 1.267 1.236 1.207 1.182 1.1 
1 0.00038724
1.488e-05 7.3982e-05 0.00073982 1.21 1.548 1.79 1.897 1.826 1.77 1.728 1.703 1.685 1.644 1.579 1.523 1.473 1.429 1.39 1.355 1.322 1.292 1.266 1.269 
1.9953 0.00048462
1.488e-05 7.7876e-05 0.00077876 1.205 1.574 1.81 1.909 1.838 1.779 1.735 1.706 1.685 1.647 1.582 1.526 1.476 1.432 1.393 1.357 1.324 1.293 1.266 1.311 
3 0.00054406
1.488e-05 7.829e-05 0.0007829 1.207 1.58 1.817 1.916 1.845 1.787 1.743 1.715 1.694 1.656 1.591 1.536 1.486 1.442 1.402 1.366 1.333 1.303 1.275 1.349 
9 0.00072199
1.488e-05 7.801e-05 0.0007801 1.207 1.578 1.819 1.922 1.854 1.799 1.758 1.732 1.714 1.678 1.613 1.559 1.51 1.466 1.426 1.39 1.358 1.328 1.3 1.463 
10 0.00074042
1.488e-05 7.7876e-05 0.00077876 1.207 1.577 1.818 1.922 1.854 1.799 1.759 1.733 1.716 1.68 1.615 1.561 1.512 1.468 1.429 1.393 1.36 1.33 1.302 1.475 
1e+05 0.0012155
1.488e-05 7.7876e-05 0.00077876 1.207 1.577 1.818 1.922 1.855 1.801 1.761 1.736 1.718 1.682 1.619 1.568 1.52 1.477 1.438 1.404 1.373 1.344 1.317 1.78 
-1 -1
6.3096e-05 0
6.6e-06 6.6e-06 3.4798e-05 1.036 1.036 1.036 1.036 1.056 1.083 1.125 1.093 0.9821 0.8833 0.7927 0.7344 0.6978 0.6718 0.6581 0.6542 0.6756 0.73 0.8154 1 
0.0015849 4.8001e-05
6.6e-06 9.6623e-06 9.6623e-05 2.887 3.156 3.331 3.677 3.2 2.623 2.245 1.998 1.819 1.658 1.543 1.46 1.404 1.36 1.329 1.31 1.298 1.276 1.214 1.158 
0.039811 0.00010214
6.6e-06 9.6623e-06 9.6623e-05 3.982 4.495 5.035 5.582 4.967 4.232 3.439 2.95 2.601 2.299 2.084 1.928 1.8 1.701 1.623 1.561 1.514 1.471 1.437 1.524 
1 0.00014652
6.6e-06 9.6623e-06 9.6623e-05 4.458 5.068 5.716 6.383 5.7 4.859 3.927 3.352 2.941 2.576 2.308 2.105 1.948 1.828 1.73 1.654 1.586 1.53 1.483 1.758 
3 0.00015986
6.6e-06 9.6623e-06 9.6623e-05 4.541 5.168 5.834 6.522 5.826 4.967 4.011 3.421 2.999 2.624 2.349 2.139 1.978 1.854 1.753 1.675 1.604 1.546 1.496 1.828 
9 0.00017229
6.6e-06 9.6623e-06 9.6623e-05 4.583 5.218 5.894 6.592 5.889 5.021 4.052 3.455 3.028 2.65 2.371 2.158 1.997 1.871 1.769 1.69 1.619 1.559 1.507 1.892 
125.89 0.00019843
6.6e-06 9.6623e-06 9.6623e-05 4.52 5.141 5.8 6.48 5.784 4.929 3.979 3.394 2.979 2.615 2.35 2.148 1.999 1.875 1.779 1.704 1.639 1.582 1.528 2.027 
1e+05 0.00021258
6.6e-06 9.6623e-06 9.6623e-05 4.52 5.141 5.8 6.48 5.784 4.929 3.979 3.394 2.979 2.615 2.35 2.148 1.999 1.875 1.779 1.704 1.639 1.582 1.528 2.1 
-1 -1
6.3096e-05 0
6.39e-06 6.39e-06 3.4693e-05 0.9687 0.9687 0.9687 0.9687 0.9891 1.014 1.028 1.031 0.9643 0.8479 0.7797 0.733 0.7039 0.686 0.6791 0.6768 0.6818 0.7292 0.8136 1 
0.0015849 4.7917e-05
6.39e-06 9.4523e-06 9.4523e-05 2.696 2.953 3.121 3.452 3.153 2.675 2.228 1.928 1.731 1.595 1.508 1.44 1.397 1.368 1.352 1.345 1.305 1.244 1.192 1.164 
0.039811 9.7931e-05
6.39e-06 1.0271e-05 0.00010271 3.657 4.232 4.865 5.223 4.34 3.596 3.038 2.662 2.348 2.115 1.942 1.809 1.707 1.626 1.561 1.51 1.47 1.435 1.407 1.472 
1 0.00014491
6.39e-06 1.0271e-05 0.00010271 4.08 4.839 5.577 5.977 4.966 4.097 3.44 2.997 2.622 2.342 2.133 1.971 1.845 1.749 1.665 1.598 1.544 1.498 1.461 1.705 
3 0.00016175
6.39e-06 1.0271e-05 0.00010271 4.154 4.944 5.7 6.107 5.074 4.183 3.509 3.054 2.669 2.381 2.166 1.999 1.868 1.77 1.683 1.613 1.557 1.509 1.47 1.788 
9 0.00017902
6.39e-06 1.0271e-05 0.00010271 4.192 4.996 5.761 6.173 5.127 4.226 3.542 3.082 2.693 2.4 2.181 2.012 1.88 1.779 1.691 1.62 1.564 1.515 1.474 1.872 
125.89 0.00022223
6.39e-06 1.0271e-05 0.00010271 4.136 4.908 5.659 6.066 5.037 4.152 3.482 3.031 2.656 2.366 2.15 1.985 1.858 1.757 1.675 1.606 1.554 1.506 1.465 2.082 
1e+05 0.0002406
6.39e-06 1.0271e-05 0.00010271 4.136 4.908 5.659 6.066 5.037 4.152 3.482 3.031 2.656 2.366 2.15 1.985 1.858 1.757 1.675 1.606 1.554 1.506 1.465 2.171 
-1 -1
-2 -2
