0.39811 0
0.040456 0.040456 0.21928 2.636 2.636 2.636 2.636 2.278 1.917 1.767 1.551 1.429 1.291 1.162 1.084 1.027 0.9899 0.9704 0.9582 0.9575 0.9992 1.078 1.267 
1 0.087321
0.041301 0.041301 0.2872 4.63 4.621 4.618 4.617 3.836 3.166 2.724 2.301 2.028 1.781 1.545 1.397 1.287 1.21 1.16 1.123 1.098 1.107 1.144 1.269 
3 0.17321
0.041505 0.041505 0.35061 6.566 6.555 6.551 6.549 5.357 4.389 3.661 3.038 2.619 2.266 1.925 1.71 1.548 1.432 1.351 1.29 1.241 1.216 1.211 1.277 
9 0.23923
0.040835 0.040835 0.39486 8.02 8.016 8.015 8.014 6.512 5.321 4.376 3.604 3.074 2.642 2.222 1.956 1.755 1.609 1.505 1.425 1.357 1.305 1.266 1.29 
12.589 0.25544
0.040456 0.040456 0.40456 8.368 8.368 8.368 8.368 6.792 5.548 4.55 3.742 3.186 2.735 2.296 2.018 1.807 1.655 1.545 1.46 1.387 1.328 1.28 1.295 
1e+05 0.69073
0.040456 0.040456 0.40456 15.69 15.69 15.69 15.69 12.83 10.47 8.513 6.876 5.734 4.778 3.896 3.3 2.878 2.564 2.275 2.051 1.873 1.726 1.608 1.854 
-1 -1
0.063096 0
0.0065134 0.0065134 0.034805 1.127 1.127 1.127 1.127 1.046 0.9963 0.9909 0.9361 0.9187 0.8769 0.8231 0.7967 0.7815 0.78 0.7722 0.7639 0.7645 0.7985 0.862 1.018 
1 0.024647
0.0060941 0.0060941 0.056049 3.484 3.484 3.484 3.484 3.239 2.969 2.7 2.57 2.302 2.152 1.974 1.776 1.641 1.549 1.481 1.388 1.316 1.263 1.226 1.222 
1.9953 0.038987
0.0065134 0.0065134 0.065134 4.108 4.108 4.108 4.108 3.794 3.451 3.108 2.942 2.614 2.432 2.22 1.984 1.821 1.709 1.627 1.516 1.429 1.358 1.301 1.269 
3 0.043091
0.0065134 0.0065134 0.066213 4.515 4.515 4.515 4.515 4.142 3.774 3.41 3.19 2.844 2.619 2.391 2.134 1.943 1.81 1.71 1.592 1.495 1.415 1.348 1.303 
9 0.053622
0.0065134 0.0065134 0.066489 5.671 5.671 5.671 5.671 5.105 4.676 4.278 3.867 3.493 3.125 2.858 2.549 2.271 2.074 1.917 1.785 1.662 1.56 1.473 1.397 
15.849 0.058747
0.0065134 0.0065134 0.065134 6.3 6.3 6.3 6.3 5.616 5.159 4.756 4.223 3.845 3.388 3.102 2.768 2.439 2.204 2.014 1.877 1.74 1.629 1.534 1.447 
1e+05 0.12091
0.0065134 0.0065134 0.065134 8.524 8.524 8.524 8.524 7.963 7.255 6.503 6.12 5.362 4.927 4.411 3.88 3.508 3.18 2.794 2.497 2.264 2.065 1.901 1.928 
-1 -1
0.050119 0
0.0061654 0.0061654 0.028142 1.744 1.744 1.744 1.744 1.497 1.328 1.199 1.086 0.9937 0.9257 0.8734 0.8346 0.7961 0.7741 0.7636 0.7589 0.7612 0.8082 0.8997 1.012 
1 0.026016
0.0061624 0.0061624 0.058078 6.378 6.378 6.378 6.378 5.082 4.219 3.542 2.882 2.531 2.137 1.882 1.722 1.602 1.464 1.362 1.285 1.225 1.183 1.154 1.182 
1.5849 0.029969
0.0061654 0.0061654 0.061654 6.941 6.941 6.941 6.941 5.53 4.587 3.845 3.123 2.738 2.305 2.025 1.847 1.714 1.561 1.446 1.358 1.289 1.235 1.191 1.209 
3 0.035296
0.0061654 0.0061654 0.063444 8.115 8.115 8.115 8.115 6.448 5.323 4.433 3.563 3.098 2.572 2.232 2.015 1.855 1.681 1.55 1.449 1.37 1.304 1.249 1.256 
9 0.044316
0.0061654 0.0061654 0.06331 10.29 10.29 10.29 10.29 8.155 6.688 5.517 4.366 3.743 3.04 2.585 2.292 2.076 1.87 1.713 1.592 1.497 1.418 1.35 1.344 
15.849 0.048886
0.0061654 0.0061654 0.061654 11.49 11.49 11.49 11.49 9.096 7.439 6.112 4.803 4.089 3.285 2.765 2.427 2.18 1.958 1.79 1.659 1.556 1.473 1.404 1.393 
1e+05 0.084083
0.0061654 0.0061654 0.061654 15.56 15.56 15.56 15.56 12.55 10.38 8.594 6.751 5.737 4.578 3.862 3.327 2.817 2.443 2.158 1.94 1.76 1.617 1.5 1.682 
-1 -1
0.063096 0
0.0057129 0.0057129 0.034404 2.002 2.002 2.002 2.002 1.689 1.485 1.313 1.14 1.031 0.9793 0.9262 0.8559 0.8143 0.786 0.772 0.7632 0.7635 0.7946 0.8534 1.018 
1 0.025402
0.0057073 0.0057073 0.053408 6.407 6.407 6.407 6.407 5.09 4.197 3.492 2.829 2.452 2.081 1.821 1.638 1.518 1.434 1.353 1.277 1.218 1.178 1.151 1.205 
1.9953 0.031068
0.0057129 0.0057129 0.057129 7.374 7.374 7.374 7.374 5.842 4.801 3.98 3.206 2.769 2.326 2.021 1.811 1.67 1.572 1.474 1.383 1.313 1.256 1.212 1.247 
3 0.035
0.0057129 0.0057129 0.057856 8.132 8.132 8.132 8.132 6.431 5.268 4.348 3.478 2.986 2.487 2.143 1.907 1.748 1.636 1.528 1.431 1.356 1.295 1.245 1.283 
9 0.045869
0.0057129 0.0057129 0.057757 10.3 10.3 10.3 10.3 8.119 6.603 5.396 4.242 3.587 2.921 2.464 2.148 1.935 1.776 1.643 1.533 1.449 1.38 1.323 1.391 
12.589 0.04927
0.0057129 0.0057129 0.057129 11 11 11 11 8.665 7.034 5.732 4.484 3.774 3.055 2.56 2.216 1.985 1.81 1.669 1.557 1.471 1.401 1.344 1.427 
1e+05 0.095802
0.0057129 0.0057129 0.057129 15.38 15.38 15.38 15.38 12.32 10.1 8.283 6.445 5.395 4.331 3.601 3.097 2.649 2.308 2.055 1.854 1.697 1.563 1.451 1.838 
-1 -1
0.015849 0
0.00141 0.00141 0.0086294 0.8093 0.8093 0.8093 0.8093 0.7757 0.7747 0.7896 0.7802 0.7815 0.7821 0.756 0.7521 0.7545 0.7368 0.7304 0.728 0.7334 0.7687 0.8319 1.001 
0.39811 0.006357
0.00141 0.00141 0.0141 2.495 2.495 2.495 2.495 2.399 2.31 2.274 2.204 2.093 1.986 1.954 1.802 1.677 1.598 1.542 1.492 1.394 1.315 1.25 1.182 
1 0.0090799
0.00141 0.00141 0.014836 2.99 2.99 2.99 2.99 2.88 2.767 2.716 2.625 2.481 2.341 2.298 2.105 1.948 1.848 1.768 1.689 1.566 1.463 1.373 1.277 
3 0.012855
0.00141 0.00141 0.015232 3.588 3.588 3.588 3.588 3.464 3.322 3.254 3.135 2.95 2.77 2.709 2.467 2.275 2.149 2.033 1.913 1.762 1.634 1.521 1.415 
9 0.017203
0.00141 0.00141 0.015105 4.195 4.195 4.195 4.195 4.059 3.889 3.804 3.655 3.427 3.206 3.122 2.832 2.606 2.451 2.295 2.123 1.947 1.799 1.671 1.582 
39.811 0.024001
0.00141 0.00141 0.0141 5.029 5.029 5.029 5.029 4.88 4.675 4.566 4.373 4.086 3.807 3.683 3.329 3.062 2.864 2.642 2.386 2.18 2.015 1.877 1.85 
1e+05 0.039003
0.00141 0.00141 0.0141 5.123 5.123 5.123 5.123 4.995 4.814 4.732 4.565 4.304 4.048 3.949 3.604 3.346 3.157 2.924 2.635 2.402 2.217 2.058 2.383 
-1 -1
0.01 0
0.00126 0.00126 0.0056299 0.8358 0.8358 0.8358 0.8358 0.7984 0.7922 0.7784 0.7614 0.7299 0.7175 0.726 0.7179 0.7014 0.697 0.7013 0.7107 0.7262 0.7814 0.8791 1.001 
0.25119 0.005447
0.00126 0.00126 0.0126 2.958 2.958 2.958 2.958 2.919 2.768 2.608 2.539 2.312 2.184 2.047 1.847 1.71 1.618 1.554 1.446 1.351 1.276 1.211 1.151 
1 0.008996
0.00126 0.0013015 0.014136 4.026 4.015 4 4.03 3.926 3.697 3.507 3.317 3.031 2.827 2.589 2.327 2.141 1.982 1.863 1.713 1.582 1.47 1.366 1.274 
3 0.012338
0.00126 0.0013524 0.014735 4.943 4.918 4.886 4.953 4.769 4.471 4.27 3.943 3.621 3.345 3.01 2.707 2.484 2.257 2.083 1.905 1.75 1.617 1.494 1.397 
9 0.016141
0.00126 0.001419 0.014784 5.921 5.877 5.822 5.937 5.65 5.277 5.078 4.576 4.226 3.869 3.422 3.086 2.826 2.521 2.281 2.079 1.904 1.756 1.627 1.542 
15.849 0.01828
0.00126 0.0014594 0.014594 6.448 6.393 6.324 6.468 6.118 5.704 5.51 4.904 4.544 4.141 3.63 3.281 3.002 2.652 2.375 2.161 1.978 1.826 1.698 1.625 
1e+05 0.028706
0.00126 0.0015111 0.015111 6.931 6.903 6.835 7.039 6.667 6.461 6.081 5.654 5.135 4.831 4.337 3.848 3.484 3.185 2.821 2.535 2.292 2.09 1.918 1.95 
-1 -1
0.01 0
0.0011706 0.0011706 0.0055852 0.9339 0.9339 0.9339 0.9339 0.8904 0.8483 0.8533 0.8306 0.7975 0.7636 0.758 0.7422 0.7198 0.7108 0.7115 0.717 0.7291 0.7726 0.8467 1.001 
0.25119 0.0051679
0.0011706 0.0011706 0.011706 3.379 3.379 3.379 3.379 3.236 3.003 2.827 2.67 2.425 2.236 2.119 1.892 1.738 1.63 1.549 1.462 1.361 1.28 1.216 1.16 
1 0.008278
0.0011706 0.0011706 0.01269 4.619 4.619 4.619 4.619 4.444 4.118 3.858 3.627 3.262 2.979 2.796 2.459 2.228 2.062 1.915 1.774 1.628 1.505 1.399 1.295 
3 0.011135
0.0011706 0.0011706 0.01277 5.687 5.687 5.687 5.687 5.492 5.087 4.757 4.459 3.988 3.618 3.374 2.94 2.641 2.421 2.21 2.02 1.839 1.686 1.555 1.432 
9 0.014331
0.0011706 0.0011706 0.012228 6.828 6.828 6.828 6.828 6.616 6.128 5.727 5.356 4.767 4.299 3.987 3.449 3.074 2.795 2.508 2.263 2.048 1.87 1.721 1.594 
15.849 0.01611
0.0011706 0.0011706 0.011706 7.445 7.445 7.445 7.445 7.225 6.693 6.254 5.843 5.189 4.667 4.317 3.722 3.305 2.993 2.663 2.387 2.155 1.966 1.81 1.687 
1e+05 0.022415
0.0011706 0.0012206 0.012206 7.959 7.961 7.963 7.965 7.7 7.38 6.773 6.569 5.814 5.365 4.897 4.276 3.844 3.525 3.08 2.734 2.446 2.21 2.014 1.918 
-1 -1
0.01 0
0.00090559 0.00090559 0.0054527 2.653 2.653 2.653 2.653 2.261 1.902 1.577 1.396 1.16 1.024 0.9353 0.8716 0.8148 0.7781 0.7571 0.7402 0.7324 0.7631 0.828 1.001 
0.31623 0.0056583
0.00090559 0.00090559 0.0090559 10.38 10.38 10.38 10.38 8.434 6.99 5.808 4.556 3.84 3.088 2.56 2.216 1.961 1.774 1.632 1.528 1.441 1.373 1.318 1.27 
1 0.0073459
0.00090559 0.00090559 0.0095706 13.22 13.22 13.22 13.22 10.8 8.987 7.493 5.843 4.918 3.912 3.208 2.745 2.379 2.108 1.903 1.751 1.625 1.52 1.435 1.364 
3 0.0088637
0.00090559 0.00090559 0.0097419 16.06 16.06 16.06 16.06 13.2 11.03 9.228 7.181 6.033 4.761 3.877 3.287 2.794 2.427 2.152 1.944 1.777 1.634 1.525 1.454 
9 0.010291
0.00090559 0.00090559 0.0096006 19.01 19.01 19.01 19.01 15.74 13.22 11.09 8.625 7.232 5.673 4.594 3.866 3.226 2.747 2.392 2.12 1.904 1.723 1.594 1.545 
31.623 0.011813
0.00090559 0.00090559 0.0090559 22.53 22.53 22.53 22.53 18.82 15.88 13.37 10.41 8.706 6.792 5.473 4.574 3.74 3.113 2.655 2.299 2.021 1.793 1.647 1.652 
1e+05 0.016112
0.00090559 0.00090559 0.0090559 22.86 22.86 22.86 22.86 19.17 16.27 13.77 10.81 9.105 7.163 5.818 4.899 3.999 3.321 2.826 2.442 2.143 1.896 1.73 1.89 
-1 -1
0.0063096 0
0.00088624 0.00088624 0.0035979 1.785 1.785 1.785 1.785 1.94 1.677 1.496 1.28 1.167 1.026 0.9298 0.8601 0.8119 0.7817 0.7636 0.7516 0.747 0.7885 0.8835 1 
0.15849 0.003268
0.00088624 0.00091776 0.0091776 6.733 7.518 8.07 8.661 6.638 5.432 4.549 3.6 3.081 2.508 2.135 1.878 1.692 1.562 1.459 1.381 1.321 1.276 1.214 1.104 
1 0.0065717
0.00088624 0.00092211 0.0099473 10.51 11.83 12.76 13.76 10.5 8.576 7.142 5.559 4.692 3.696 3.04 2.604 2.286 2.043 1.846 1.695 1.577 1.475 1.379 1.303 
3 0.0090393
0.00088624 0.00091997 0.0095688 13.09 14.76 15.94 17.21 13.21 10.8 8.982 6.947 5.832 4.522 3.655 3.088 2.673 2.341 2.074 1.867 1.704 1.566 1.47 1.469 
5.0119 0.010319
0.00088624 0.00091776 0.0091776 14.38 16.22 17.52 18.93 14.58 11.92 9.917 7.652 6.411 4.938 3.961 3.326 2.861 2.483 2.179 1.943 1.757 1.602 1.51 1.56 
9 0.010835
0.00088624 0.00091776 0.0091776 15.38 17.36 18.77 20.29 15.71 12.91 10.78 8.334 6.993 5.383 4.322 3.624 3.073 2.638 2.296 2.031 1.821 1.647 1.546 1.591 
31.623 0.011276
0.00088624 0.00091776 0.0091776 17.21 19.47 21.09 22.84 17.95 14.92 12.58 9.791 8.262 6.369 5.148 4.315 3.54 2.972 2.541 2.21 1.949 1.734 1.609 1.614 
1e+05 0.016422
0.00088624 0.00091776 0.0091776 17.45 19.75 21.39 23.18 18.3 15.29 12.97 10.17 8.642 6.718 5.471 4.616 3.777 3.162 2.697 2.341 2.059 1.827 1.68 1.895 
-1 -1
0.0025119 0
0.00028511 0.00028511 0.0013985 0.5503 0.5503 0.5503 0.5503 0.5304 0.5672 0.5625 0.5903 0.6032 0.6042 0.6233 0.632 0.6301 0.6402 0.6516 0.6735 0.6992 0.7539 0.8623 1 
0.063096 0.0015591
0.00028511 0.00060124 0.0060124 1.522 1.575 1.652 1.714 1.652 1.634 1.643 1.545 1.479 1.441 1.415 1.391 1.313 1.249 1.196 1.152 1.112 1.078 1.049 1.013 
1 0.0040552
0.00028511 0.00065872 0.0068513 2.222 2.325 2.437 2.519 2.407 2.355 2.351 2.191 2.083 2.013 1.936 1.838 1.72 1.621 1.537 1.465 1.4 1.337 1.272 1.256 
3 0.005345
0.00028511 0.00062682 0.0063857 2.465 2.59 2.709 2.789 2.654 2.591 2.577 2.403 2.285 2.204 2.102 1.964 1.836 1.73 1.641 1.564 1.497 1.436 1.377 1.413 
5.0119 0.0060056
0.00028511 0.00060124 0.0060124 2.573 2.707 2.827 2.905 2.759 2.692 2.671 2.493 2.373 2.286 2.172 2.012 1.882 1.774 1.683 1.606 1.539 1.481 1.429 1.498 
9 0.0067826
0.00028511 0.00060124 0.0060124 2.622 2.776 2.912 3.004 2.861 2.798 2.783 2.601 2.479 2.391 2.271 2.098 1.958 1.842 1.745 1.662 1.59 1.526 1.471 1.566 
25.119 0.0082488
0.00028511 0.00060124 0.0060124 2.656 2.849 3.021 3.142 3.011 2.963 2.963 2.779 2.656 2.571 2.441 2.249 2.092 1.961 1.853 1.757 1.675 1.602 1.539 1.686 
1e+05 0.011487
0.00028511 0.00060124 0.0060124 2.662 2.859 3.037 3.163 3.039 2.997 3.004 2.834 2.712 2.641 2.517 2.337 2.199 2.076 1.973 1.889 1.814 1.74 1.664 1.955 
-1 -1
0.0025119 0
0.00022868 0.00022868 0.0013702 0.5389 0.5389 0.5389 0.5389 0.5261 0.5691 0.579 0.6063 0.6341 0.6319 0.6498 0.6669 0.6665 0.6744 0.6905 0.7142 0.7424 0.7778 0.8194 1 
0.063096 0.0011259
0.00022868 0.00054481 0.0054481 1.355 1.535 1.691 1.799 1.74 1.718 1.734 1.651 1.565 1.502 1.46 1.43 1.365 1.29 1.227 1.169 1.121 1.078 1.039 1.002 
1 0.0040596
0.00022868 0.00056416 0.0056977 1.835 2.143 2.394 2.567 2.481 2.444 2.464 2.334 2.211 2.12 2.052 1.923 1.806 1.701 1.61 1.529 1.462 1.398 1.341 1.342 
1.5849 0.0047253
0.00022868 0.00054481 0.0054481 1.896 2.223 2.486 2.667 2.577 2.541 2.562 2.428 2.305 2.212 2.141 1.991 1.865 1.759 1.667 1.586 1.52 1.457 1.401 1.429 
3 0.0052993
0.00022868 0.00054481 0.0054481 1.962 2.326 2.622 2.827 2.739 2.708 2.735 2.594 2.463 2.363 2.288 2.117 1.976 1.858 1.756 1.666 1.591 1.521 1.459 1.488 
9 0.0061805
0.00022868 0.00054481 0.0054481 2.043 2.48 2.838 3.095 3.015 2.996 3.041 2.888 2.743 2.633 2.55 2.345 2.176 2.033 1.909 1.8 1.709 1.623 1.549 1.569 
12.589 0.0064227
0.00022868 0.00054481 0.0054481 2.059 2.521 2.9 3.175 3.099 3.085 3.137 2.98 2.831 2.718 2.632 2.418 2.239 2.088 1.956 1.841 1.744 1.652 1.573 1.589 
1e+05 0.01197
0.00022868 0.00085954 0.0085954 2.067 2.941 3.182 3.275 3.101 2.981 2.893 2.798 2.578 2.393 2.24 2.103 1.985 1.881 1.789 1.696 1.61 1.531 1.46 1.696 
-1 -1
0.0025119 0
0.00020945 0.00020945 0.0013606 0.5994 0.5994 0.5994 0.5994 0.5903 0.629 0.6338 0.6734 0.6686 0.6827 0.6943 0.6795 0.6743 0.6805 0.694 0.7152 0.7425 0.7756 0.8159 1 
0.063096 0.00098785
0.00020945 0.00046054 0.0046054 1.579 1.719 1.846 1.942 1.869 1.842 1.856 1.736 1.643 1.579 1.533 1.503 1.411 1.331 1.262 1.202 1.152 1.107 1.066 1.02 
1 0.0037908
0.00020945 0.00047591 0.004804 2.228 2.486 2.693 2.847 2.733 2.685 2.7 2.492 2.331 2.215 2.127 2.065 1.925 1.803 1.697 1.603 1.525 1.453 1.388 1.385 
1.5849 0.0044336
0.00020945 0.00046054 0.0046054 2.319 2.597 2.814 2.975 2.856 2.808 2.822 2.604 2.432 2.309 2.215 2.146 2 1.873 1.764 1.669 1.59 1.517 1.451 1.477 
3 0.0048137
0.00020945 0.00047771 0.0047771 2.409 2.752 3.001 3.176 3.044 2.984 2.99 2.776 2.591 2.456 2.353 2.246 2.087 1.949 1.832 1.728 1.64 1.56 1.488 1.505 
9 0.0052342
0.00020945 0.00052058 0.0052058 2.522 3.004 3.318 3.517 3.361 3.273 3.262 3.071 2.868 2.711 2.593 2.397 2.215 2.056 1.924 1.805 1.7 1.607 1.522 1.503 
10 0.005259
0.00020945 0.00052558 0.0052558 2.53 3.027 3.348 3.55 3.391 3.3 3.287 3.099 2.894 2.735 2.616 2.411 2.225 2.065 1.931 1.811 1.704 1.609 1.523 1.5 
1e+05 0.0093787
0.00020945 0.00052558 0.0052558 2.545 3.068 3.422 3.657 3.524 3.46 3.473 3.307 3.121 2.979 2.877 2.657 2.451 2.278 2.129 1.997 1.881 1.779 1.686 1.892 
-1 -1
0.001 0
0.00011589 0.00011589 0.00055789 0.6468 0.6468 0.6468 0.6468 0.5818 0.5643 0.5449 0.5407 0.5337 0.5423 0.561 0.5911 0.6198 0.63 0.642 0.6645 0.6903 0.745 0.8298 1 
0.025119 0.00087609
0.00011589 0.00043202 0.0043202 1.756 1.465 1.862 1.927 1.816 1.738 1.68 1.62 1.5 1.399 1.312 1.241 1.175 1.12 1.07 1.025 0.9834 0.9477 0.9129 0.9033 
0.63096 0.0030588
0.00011589 0.0005139 0.005139 2.787 2.375 3.185 3.238 3.04 2.883 2.687 2.445 2.245 2.074 1.925 1.794 1.68 1.581 1.489 1.408 1.331 1.264 1.221 1.287 
1 0.003327
0.00011589 0.00052054 0.0052054 2.885 2.466 3.334 3.397 3.192 3.028 2.819 2.557 2.346 2.166 2.008 1.868 1.745 1.639 1.54 1.453 1.371 1.299 1.253 1.328 
3 0.0039228
0.00011589 0.00053127 0.0053127 3.068 2.645 3.647 3.747 3.529 3.355 3.122 2.818 2.583 2.381 2.203 2.038 1.894 1.769 1.654 1.553 1.458 1.374 1.318 1.409 
9 0.0044565
0.00011589 0.0005348 0.005348 3.18 2.768 3.902 4.056 3.833 3.656 3.408 3.071 2.813 2.59 2.392 2.199 2.033 1.888 1.755 1.64 1.531 1.434 1.365 1.471 
125.89 0.0054847
0.00011589 0.0005139 0.005139 3.163 2.837 4.277 4.632 4.427 4.272 4.026 3.644 3.336 3.066 2.821 2.556 2.327 2.128 1.95 1.795 1.652 1.523 1.408 1.534 
1e+05 0.0084273
0.00011589 0.0005139 0.005139 3.163 2.838 4.278 4.634 4.429 4.274 4.028 3.647 3.339 3.07 2.825 2.56 2.332 2.132 1.955 1.8 1.657 1.528 1.413 1.82 
-1 -1
0.001 0
0.00011254 0.00011254 0.00055622 0.5761 0.5761 0.5761 0.5761 0.6426 0.5838 0.5407 0.5426 0.5458 0.5505 0.5685 0.5972 0.6251 0.6341 0.6446 0.6661 0.6906 0.7443 0.8278 1 
0.025119 0.00090527
0.00011254 0.00011875 0.0011875 1.501 1.718 1.897 2.081 1.569 1.375 1.381 1.474 1.629 1.789 1.86 1.921 1.847 1.795 1.778 1.684 1.564 1.46 1.373 1.298 
0.63096 0.0025393
0.00011254 0.00011875 0.0011875 2.259 2.719 3.091 3.433 2.322 1.993 1.97 2.066 2.348 2.718 3.076 3.173 3.3 3.165 3.078 2.859 2.581 2.363 2.17 2.064 
1 0.0027841
0.00011254 0.0001304 0.001304 2.33 2.789 3.221 3.585 2.465 2.137 2.104 2.184 2.455 2.818 3.177 3.261 3.39 3.243 3.147 2.919 2.633 2.408 2.209 2.11 
3 0.0033797
0.00011254 0.00016997 0.0016997 2.462 2.885 3.492 3.909 2.842 2.535 2.475 2.498 2.713 3.027 3.343 3.38 3.483 3.313 3.192 2.953 2.661 2.431 2.227 2.157 
9 0.0039914
0.00011254 0.00022612 0.0022612 2.542 2.877 3.705 4.176 3.27 3.011 2.918 2.859 2.978 3.19 3.406 3.369 3.409 3.217 3.071 2.834 2.555 2.335 2.137 2.114 
125.89 0.0055265
0.00011254 0.00042867 0.0042867 2.517 2.439 3.984 4.582 4.502 4.475 4.274 3.919 3.637 3.396 3.133 2.814 2.542 2.306 2.099 1.919 1.757 1.616 1.487 1.645 
1e+05 0.0066664
0.00011254 0.00042867 0.0042867 2.517 2.439 3.984 4.583 4.503 4.476 4.276 3.921 3.64 3.399 3.136 2.818 2.546 2.311 2.104 1.924 1.762 1.62 1.491 1.778 
-1 -1
6.3096e-05 0
6.95e-06 6.95e-06 3.4973e-05 0.2918 0.2918 0.2918 0.2918 0.2923 0.2969 0.3031 0.3064 0.3233 0.3484 0.3804 0.4192 0.463 0.5166 0.5831 0.658 0.7254 0.8053 0.8925 1 
0.0019953 -1.91e-05
6.95e-06 6.9946e-05 0.00069946 0.5915 1.319 1.935 2.047 1.925 1.817 1.724 1.64 1.529 1.401 1.286 1.186 1.093 1.011 0.9338 0.8652 0.8228 0.7899 0.7586 0.7473 
0.039811 0.00074974
6.95e-06 6.9946e-05 0.00069946 0.999 2.647 4.481 5.188 5.114 5.052 4.983 4.564 4.192 3.868 3.571 3.245 2.895 2.594 2.321 2.084 1.871 1.701 1.619 1.5 
1 0.0012779
6.95e-06 0.00010685 0.0010685 1.052 5.029 7.681 7.998 7.54 7.117 6.735 5.932 5.206 4.591 4.05 3.559 3.111 2.714 2.377 2.081 1.886 1.749 1.624 1.596 
3 0.0014096
6.95e-06 0.00011156 0.0011156 1.059 5.356 8.172 8.5 7.991 7.519 7.098 6.33 5.583 4.886 4.275 3.737 3.259 2.834 2.476 2.161 1.954 1.808 1.665 1.639 
9 0.0015169
6.95e-06 0.00011226 0.0011226 1.061 5.436 8.359 8.772 8.251 7.768 7.341 6.693 5.977 5.204 4.532 3.95 3.444 2.994 2.614 2.281 2.054 1.888 1.726 1.687 
39.811 0.0016231
6.95e-06 0.00010685 0.0010685 1.054 5.151 8.127 8.772 8.298 7.862 7.481 7.129 6.535 5.673 4.931 4.296 3.754 3.274 2.867 2.51 2.241 2.03 1.84 1.759 
1e+05 0.0020895
6.95e-06 0.00010685 0.0010685 1.054 5.151 8.128 8.774 8.3 7.865 7.484 7.132 6.539 5.678 4.936 4.302 3.76 3.28 2.873 2.515 2.247 2.035 1.845 1.978 
-1 -1
6.3096e-05 0
6.61e-06 6.61e-06 3.4803e-05 0.2971 0.2971 0.2971 0.2971 0.2984 0.3028 0.3095 0.311 0.3274 0.3518 0.3835 0.4221 0.466 0.5196 0.5864 0.6618 0.7284 0.8075 0.8936 1 
0.0019953 -1.5841e-05
6.61e-06 6.9606e-05 0.00069606 0.5984 1.342 1.951 2.051 1.927 1.817 1.722 1.636 1.526 1.399 1.286 1.187 1.095 1.013 0.936 0.868 0.8247 0.7917 0.7604 0.7476 
0.039811 0.00073825
6.61e-06 6.9606e-05 0.00069606 1.006 2.69 4.507 5.182 5.099 5.027 4.952 4.534 4.161 3.835 3.538 3.217 2.873 2.577 2.308 2.073 1.863 1.692 1.611 1.494 
1 0.0012564
6.61e-06 0.00010651 0.0010651 1.059 5.067 7.658 7.93 7.467 7.038 6.651 5.864 5.147 4.539 4.002 3.514 3.075 2.686 2.354 2.063 1.87 1.736 1.614 1.588 
3 0.0013854
6.61e-06 0.00011122 0.0011122 1.066 5.393 8.143 8.423 7.909 7.432 7.005 6.251 5.515 4.827 4.222 3.687 3.219 2.802 2.45 2.14 1.935 1.793 1.653 1.63 
9 0.0014903
6.61e-06 0.00011192 0.0011192 1.068 5.473 8.327 8.691 8.165 7.677 7.245 6.604 5.899 5.138 4.475 3.898 3.402 2.959 2.585 2.258 2.033 1.871 1.713 1.677 
39.811 0.0015937
6.61e-06 0.00010651 0.0010651 1.061 5.19 8.1 8.695 8.216 7.773 7.387 7.028 6.444 5.597 4.868 4.242 3.709 3.235 2.834 2.481 2.216 2.01 1.825 1.748 
1e+05 0.0020594
6.61e-06 0.00010651 0.0010651 1.061 5.19 8.101 8.696 8.218 7.776 7.39 7.031 6.448 5.602 4.873 4.248 3.715 3.241 2.839 2.487 2.221 2.015 1.829 1.967 
-1 -1
0.00039811 0
4.185e-05 4.185e-05 0.00021993 0.4264 0.4264 0.4264 0.4264 0.4314 0.4521 0.4761 0.4896 0.5231 0.5423 0.549 0.5713 0.5948 0.6069 0.6207 0.6445 0.672 0.7294 0.8176 1 
0.0081548 0.00023265
4.185e-05 0.00016764 0.0016764 0.9069 1.259 1.374 1.439 1.384 1.344 1.319 1.307 1.304 1.255 1.194 1.141 1.095 1.055 1.019 0.9869 0.9581 0.9319 0.8968 0.8501 
0.19953 0.00037132
4.185e-05 0.00016764 0.0016764 1.071 1.637 1.755 1.838 1.78 1.748 1.73 1.711 1.622 1.548 1.485 1.431 1.386 1.346 1.31 1.279 1.252 1.227 1.2 1.101 
1 0.00074258
4.185e-05 0.00016764 0.0016764 1.106 1.737 1.868 1.964 1.907 1.877 1.861 1.844 1.74 1.662 1.6 1.546 1.503 1.461 1.421 1.385 1.353 1.324 1.296 1.253 
3 0.0011114
4.185e-05 0.00016764 0.0016764 1.112 1.77 1.915 2.021 1.964 1.936 1.923 1.907 1.804 1.726 1.666 1.614 1.572 1.528 1.482 1.441 1.403 1.37 1.339 1.366 
9 0.0015741
4.185e-05 0.00016764 0.0016764 1.103 1.774 1.938 2.055 1.999 1.972 1.961 1.948 1.856 1.78 1.722 1.672 1.631 1.586 1.532 1.484 1.44 1.4 1.364 1.486 
15.849 0.001849
4.185e-05 0.00016764 0.0016764 1.093 1.765 1.94 2.063 2.008 1.982 1.971 1.96 1.877 1.804 1.747 1.698 1.658 1.612 1.553 1.5 1.452 1.409 1.37 1.551 
1e+05 0.0031529
4.185e-05 0.00016764 0.0016764 1.093 1.766 1.941 2.064 2.011 1.984 1.974 1.963 1.865 1.784 1.716 1.66 1.609 1.566 1.53 1.497 1.464 1.425 1.39 1.94 
-1 -1
0.00025119 0
2.645e-05 2.645e-05 0.00013877 1.182 1.182 1.182 1.182 0.9487 0.7864 0.7141 0.6293 0.5832 0.5695 0.5617 0.5717 0.583 0.5961 0.611 0.6351 0.6635 0.7164 0.8114 1 
0.0063096 0.00020332
2.645e-05 2.645e-05 0.0002645 3.755 3.755 3.755 3.755 2.841 2.215 1.787 1.582 1.496 1.437 1.411 1.418 1.406 1.374 1.365 1.366 1.385 1.364 1.305 1.311 
0.15849 0.00040847
2.645e-05 2.645e-05 0.0002645 6.16 6.16 6.16 6.16 4.664 3.456 2.796 2.283 2.007 1.863 1.802 1.786 1.756 1.711 1.694 1.691 1.71 1.685 1.619 1.768 
1 0.00055012
2.645e-05 2.645e-05 0.0002645 6.842 6.842 6.842 6.842 5.189 3.828 3.103 2.495 2.184 2.019 1.926 1.882 1.843 1.809 1.801 1.808 1.806 1.774 1.72 2.048 
3 0.00064305
2.645e-05 2.645e-05 0.0002645 7.008 7.008 7.008 7.008 5.324 3.933 3.192 2.557 2.249 2.082 1.966 1.9 1.856 1.836 1.836 1.854 1.833 1.794 1.753 2.221 
6.3096 0.00070953
2.645e-05 2.645e-05 0.0002645 7.019 7.019 7.019 7.019 5.339 3.955 3.213 2.57 2.276 2.112 1.979 1.896 1.849 1.84 1.848 1.876 1.838 1.793 1.763 2.341 
9 0.00073033
2.645e-05 2.645e-05 0.0002645 7.051 7.051 7.051 7.051 5.363 3.974 3.228 2.581 2.286 2.121 1.986 1.9 1.852 1.845 1.854 1.882 1.843 1.798 1.769 2.381 
100 0.00083328
2.645e-05 2.645e-05 0.0002645 7.026 7.026 7.026 7.026 5.345 3.96 3.216 2.573 2.279 2.114 1.981 1.898 1.852 1.844 1.851 1.88 1.844 1.802 1.774 2.575 
1e+05 0.00092238
2.645e-05 2.645e-05 0.0002645 7.026 7.026 7.026 7.026 5.345 3.96 3.216 2.573 2.279 2.114 1.981 1.898 1.852 1.844 1.851 1.88 1.844 1.802 1.774 2.744 
-1 -1
0.00019953 0
2.369e-05 2.369e-05 0.00011156 1.119 1.119 1.119 1.119 0.9074 0.7766 0.6739 0.6156 0.5861 0.5767 0.5687 0.5642 0.5701 0.5862 0.6044 0.6307 0.6614 0.7198 0.8198 1 
0.0039811 0.00014856
2.369e-05 2.369e-05 0.0002369 3.234 3.234 3.234 3.234 2.406 1.867 1.598 1.452 1.345 1.316 1.322 1.344 1.307 1.294 1.299 1.315 1.325 1.271 1.228 1.218 
0.081548 0.00030595
2.369e-05 2.369e-05 0.0002369 5.504 5.504 5.504 5.504 4.044 3.1 2.543 2.101 1.884 1.781 1.744 1.744 1.776 1.725 1.693 1.684 1.685 1.701 1.638 1.639 
1 0.00051532
2.369e-05 2.369e-05 0.0002369 6.427 6.427 6.427 6.427 4.727 3.611 2.939 2.39 2.118 1.982 1.924 1.908 1.937 1.883 1.849 1.841 1.846 1.872 1.807 2.094 
1.9953 0.00058557
2.369e-05 2.369e-05 0.0002369 6.528 6.528 6.528 6.528 4.808 3.671 2.987 2.429 2.149 2.008 1.947 1.927 1.945 1.895 1.865 1.86 1.867 1.89 1.825 2.236 
3 0.00062158
2.369e-05 2.369e-05 0.0002369 6.575 6.575 6.575 6.575 4.843 3.697 3.008 2.445 2.161 2.019 1.957 1.936 1.953 1.904 1.875 1.871 1.879 1.902 1.839 2.312 
9 0.00071894
2.369e-05 2.369e-05 0.0002369 6.609 6.609 6.609 6.609 4.869 3.717 3.023 2.457 2.172 2.029 1.966 1.946 1.963 1.916 1.889 1.888 1.899 1.924 1.865 2.518 
15.849 0.0007693
2.369e-05 2.369e-05 0.0002369 6.574 6.574 6.574 6.574 4.842 3.697 3.008 2.447 2.164 2.022 1.961 1.942 1.959 1.914 1.889 1.889 1.901 1.928 1.872 2.624 
1e+05 0.00094139
2.369e-05 2.369e-05 0.0002369 6.575 6.575 6.575 6.575 4.843 3.698 3.009 2.447 2.165 2.023 1.961 1.942 1.96 1.915 1.889 1.89 1.902 1.93 1.874 2.987 
-1 -1
5.0119e-05 0
4.91e-06 4.91e-06 2.7464e-05 0.4227 0.4227 0.4227 0.4227 0.4396 0.4472 0.4845 0.4928 0.5115 0.545 0.5602 0.5582 0.5676 0.5855 0.6073 0.6362 0.6708 0.73 0.8141 1 
0.0012589 3.2078e-05
4.91e-06 4.91e-06 4.91e-05 0.8981 0.8981 0.8981 0.8981 0.9416 1.017 1.072 1.145 1.236 1.24 1.274 1.339 1.399 1.38 1.375 1.388 1.374 1.321 1.281 1.262 
0.031623 2.808e-05
4.91e-06 2.9929e-05 0.00029929 0.9946 1.415 1.545 1.577 1.524 1.48 1.446 1.422 1.403 1.379 1.336 1.298 1.264 1.234 1.207 1.182 1.158 1.138 1.118 1.037 
1 0.00013784
4.91e-06 2.9929e-05 0.00029929 0.9999 1.424 1.559 1.597 1.547 1.505 1.473 1.451 1.435 1.414 1.375 1.342 1.314 1.288 1.263 1.242 1.224 1.206 1.19 1.23 
3 0.00017835
4.91e-06 2.9929e-05 0.00029929 1 1.425 1.56 1.599 1.549 1.507 1.476 1.454 1.439 1.418 1.38 1.347 1.319 1.293 1.27 1.249 1.231 1.213 1.197 1.298 
9 0.00022155
4.91e-06 2.9929e-05 0.00029929 1 1.425 1.56 1.598 1.549 1.507 1.476 1.455 1.439 1.418 1.381 1.347 1.318 1.294 1.27 1.25 1.231 1.214 1.198 1.37 
10 0.00022584
4.91e-06 2.9929e-05 0.00029929 1 1.425 1.56 1.598 1.549 1.507 1.476 1.455 1.439 1.418 1.38 1.347 1.318 1.293 1.27 1.25 1.231 1.213 1.197 1.377 
1e+05 0.00037462
4.91e-06 2.9929e-05 0.00029929 1 1.425 1.56 1.598 1.549 1.507 1.476 1.455 1.439 1.419 1.381 1.349 1.32 1.295 1.273 1.253 1.234 1.218 1.203 1.626 
-1 -1
-2 -2
