 1            1            1            1
 3            3            0.56335000E-02   0.34713800E-01
 3            5            0.73551800E-02   0.35126000E-01
 3            6            0.67114800E-02   0.35881600E-01
 3            8            0.21444200E-02   0.41451100E-01
 3           10            0.15114200E-02   0.41633500E-01
 3           11            0.14266700E-02   0.41790100E-01
 3           13            0.10596600E-03   0.42107900E-01
 3           14            0.10057800E-03   0.42142300E-01
 3           16            0.50216600E-03   0.42998500E-01
 3           18            0.34063900E-03   0.43070900E-01
 3           19            0.31893800E-03   0.43105900E-01
 3           21            0.23535900E-04   0.43226300E-01
 3           22            0.22042800E-04   0.43232600E-01
 3           27            0.81628500E-04   0.43334700E-01
 3           29            0.44545900E-04   0.43354700E-01
 3           30            0.39838500E-04   0.43359300E-01
 3           41            0.64290300E-05   0.43381600E-01
 5            5            0.67508100E-03   0.35538200E-01
 5            6            0.13380900E-01   0.36293800E-01
 5            8            0.11783000E-02   0.41863300E-01
 5           10            0.24557600E-03   0.42045700E-01
 5           11            0.23645400E-02   0.42202300E-01
 5           13            0.11802600E-03   0.42520100E-01
 5           14            0.36589400E-03   0.42554500E-01
 5           16            0.26566800E-03   0.43410700E-01
 5           18            0.53959700E-04   0.43483100E-01
 5           19            0.50896100E-03   0.43518100E-01
 5           21            0.25487200E-04   0.43638500E-01
 5           22            0.78870900E-04   0.43644800E-01
 5           24            0.34442800E-06   0.43788700E-01
 5           25            0.22960600E-06   0.43789600E-01
 5           27            0.42824200E-04   0.43746900E-01
 5           29            0.70033900E-05   0.43766900E-01
 5           30            0.63029800E-04   0.43771500E-01
 5           41            0.33294500E-05   0.43793800E-01
 6            6            0.63112700E-02   0.37049400E-01
 6            8            0.10214800E-02   0.42618900E-01
 6           10            0.22577400E-02   0.42801300E-01
 6           11            0.22988900E-02   0.42957900E-01
 6           13            0.42467400E-03   0.43275700E-01
 6           14            0.37693100E-03   0.43310100E-01
 6           16            0.22767500E-03   0.44166300E-01
 6           18            0.48919100E-03   0.44238700E-01
 6           19            0.49851800E-03   0.44273700E-01
 6           21            0.92191000E-04   0.44394100E-01
 6           22            0.81519400E-04   0.44400400E-01
 6           24            0.68882500E-06   0.44544300E-01
 6           25            0.34444200E-06   0.44545200E-01
 6           27            0.36625200E-04   0.44502500E-01
 6           29            0.63605600E-04   0.44522500E-01
 6           30            0.61767600E-04   0.44527100E-01
 6           41            0.28702800E-05   0.44549400E-01
 8            8            0.20091100E-03   0.48188400E-01
 8           10            0.24397100E-03   0.48370800E-01
 8           11            0.21928100E-03   0.48527400E-01
 8           13            0.15613900E-04   0.48845200E-01
 8           14            0.14121700E-04   0.48879600E-01
 8           16            0.93796900E-04   0.49735800E-01
 8           18            0.55107400E-04   0.49808200E-01
 8           19            0.49137000E-04   0.49843200E-01
 8           21            0.34443100E-05   0.49963600E-01
 8           22            0.30998300E-05   0.49969900E-01
 8           27            0.15269000E-04   0.50072000E-01
 8           29            0.72329100E-05   0.50092000E-01
 8           30            0.60849500E-05   0.50096600E-01
 8           41            0.11481300E-05   0.50118900E-01
10           10            0.21584300E-04   0.48553200E-01
10           11            0.40745700E-03   0.48709800E-01
10           13            0.16188000E-04   0.49027600E-01
10           14            0.47529200E-04   0.49062000E-01
10           16            0.55107500E-04   0.49918200E-01
10           18            0.94146700E-05   0.49990600E-01
10           19            0.88058500E-04   0.50025600E-01
10           21            0.35590400E-05   0.50146000E-01
10           22            0.10333100E-04   0.50152300E-01
10           27            0.88402400E-05   0.50254400E-01
10           29            0.12629600E-05   0.50274400E-01
10           30            0.10906200E-04   0.50279000E-01
10           41            0.68880400E-06   0.50301300E-01
11           11            0.21068200E-03   0.48866400E-01
11           13            0.61309700E-04   0.49184200E-01
11           14            0.52926200E-04   0.49218600E-01
11           16            0.49023900E-04   0.50074800E-01
11           18            0.88633700E-04   0.50147200E-01
11           19            0.91502200E-04   0.50182200E-01
11           21            0.13433100E-04   0.50302600E-01
11           22            0.11481400E-04   0.50308900E-01
11           24            0.11481400E-06   0.50452800E-01
11           27            0.79215500E-05   0.50411000E-01
11           29            0.11481400E-04   0.50431000E-01
11           30            0.11365800E-04   0.50435600E-01
11           41            0.57403600E-06   0.50457900E-01
13           13            0.11546500E-06   0.49502000E-01
13           14            0.75048500E-05   0.49536400E-01
13           16            0.34638800E-05   0.50392600E-01
13           18            0.33484000E-05   0.50465000E-01
13           19            0.12701300E-04   0.50500000E-01
13           22            0.16164600E-05   0.50626700E-01
13           27            0.57729000E-06   0.50728800E-01
13           29            0.46183400E-06   0.50748800E-01
13           30            0.16164600E-05   0.50753400E-01
14           14            0.17221500E-05   0.49570800E-01
14           16            0.30998200E-05   0.50427000E-01
14           18            0.97588900E-05   0.50499400E-01
14           19            0.10906200E-04   0.50534400E-01
14           21            0.16073200E-05   0.50654800E-01
14           22            0.68880000E-06   0.50661100E-01
14           27            0.45922300E-06   0.50763200E-01
14           29            0.12629500E-05   0.50783200E-01
14           30            0.13776700E-05   0.50787800E-01
16           16            0.10986000E-04   0.51283200E-01
16           18            0.12490000E-04   0.51355600E-01
16           19            0.11101400E-04   0.51390600E-01
16           21            0.80950600E-06   0.51511000E-01
16           22            0.69384200E-06   0.51517300E-01
16           27            0.35850800E-05   0.51619400E-01
16           29            0.16190800E-05   0.51639400E-01
16           30            0.13877600E-05   0.51644000E-01
16           41            0.23128800E-06   0.51666300E-01
18           18            0.10282400E-05   0.51428000E-01
18           19            0.19079000E-04   0.51463000E-01
18           21            0.68542200E-06   0.51583400E-01
18           22            0.20563900E-05   0.51589700E-01
18           27            0.19421200E-05   0.51691800E-01
18           29            0.22848100E-06   0.51711800E-01
18           30            0.23990600E-05   0.51716400E-01
18           41            0.11424900E-06   0.51738700E-01
19           19            0.98738100E-05   0.51497900E-01
19           21            0.27554200E-05   0.51618400E-01
19           22            0.24109400E-05   0.51624700E-01
19           27            0.17221900E-05   0.51726800E-01
19           29            0.25258700E-05   0.51746700E-01
19           30            0.24109400E-05   0.51751400E-01
19           41            0.11481500E-06   0.51773700E-01
21           22            0.34443200E-06   0.51745100E-01
21           27            0.11481300E-06   0.51847200E-01
21           29            0.11481300E-06   0.51867200E-01
21           30            0.34443200E-06   0.51871800E-01
22           22            0.11913200E-06   0.51751400E-01
22           27            0.11913200E-06   0.51853500E-01
22           29            0.23824600E-06   0.51873500E-01
22           30            0.35738900E-06   0.51878100E-01
27           27            0.42560600E-06   0.51955700E-01
27           29            0.28372200E-06   0.51975600E-01
27           30            0.28372200E-06   0.51980200E-01
29           30            0.34443000E-06   0.52000200E-01
30           30            0.11481000E-06   0.52004800E-01
 -1           -1           -1           -1
 3            3            3            3
 5           16            0.49791200E-01   0.23810000E-04
 5           18            0.37681600E-01   0.96200000E-04
 5           19            0.43142200E-01   0.13116000E-03
 5           21            0.11550700E-01   0.25161000E-03
 5           22            0.17558000E-01   0.25791000E-03
 5           24            0.27545600E-01   0.40181000E-03
 5           25            0.13419100E-01   0.40267000E-03
 5           27            0.77985500E-02   0.36003000E-03
 5           29            0.46586000E-02   0.37996000E-03
 5           30            0.51273500E-02   0.38461000E-03
 5           41            0.60687100E-03   0.40691000E-03
 6           16            0.55321900E-01   0.77941000E-03
 6           18            0.23384100E-01   0.85180000E-03
 6           19            0.40470100E-01   0.88676000E-03
 6           21            0.63377400E-01   0.10072100E-02
 6           22            0.78909300E-01   0.10135100E-02
 6           24            0.39018100E-01   0.11574100E-02
 6           25            0.18440000E-01   0.11582700E-02
 6           27            0.86477700E-02   0.11156300E-02
 6           29            0.29655100E-02   0.11355600E-02
 6           30            0.49521900E-02   0.11402100E-02
 6           41            0.67332400E-03   0.11625100E-02
 8            8            0.11610000E-01   0.48015000E-02
 8           10            0.23367500E-01   0.49839000E-02
 8           11            0.41256300E-01   0.51405000E-02
 8           13            0.32219900E-01   0.54583000E-02
 8           14            0.44174500E-01   0.54927000E-02
 8           16            0.46164000E-02   0.63489100E-02
 8           18            0.51590100E-02   0.64213000E-02
 8           19            0.89897900E-02   0.64562600E-02
 8           21            0.59841400E-02   0.65767100E-02
 8           22            0.81373900E-02   0.65830100E-02
 8           24            0.26991900E-03   0.67269100E-02
 8           25            0.11834300E-03   0.67277700E-02
 8           27            0.73219600E-03   0.66851300E-02
 8           29            0.67215600E-03   0.67050600E-02
 8           30            0.11152200E-02   0.67097100E-02
 8           41            0.57128400E-04   0.67320100E-02
10           10            0.89192900E-04   0.51663000E-02
10           11            0.67914700E-03   0.53229000E-02
10           13            0.11909200E-02   0.56407000E-02
10           14            0.12693300E-01   0.56751000E-02
10           16            0.36784700E-02   0.65313100E-02
10           18            0.16905900E-04   0.66037000E-02
10           19            0.13757300E-03   0.66386600E-02
10           21            0.21454000E-03   0.67591100E-02
10           22            0.15144700E-02   0.67654100E-02
10           24            0.93273100E-04   0.69093100E-02
10           25            0.12358900E-03   0.69101700E-02
10           27            0.55381100E-03   0.68675300E-02
10           29            0.17489000E-05   0.68874600E-02
10           30            0.16905900E-04   0.68921100E-02
10           41            0.43139400E-04   0.69144100E-02
11           11            0.10033000E-02   0.54795000E-02
11           13            0.67378100E-02   0.57973000E-02
11           14            0.43942700E-02   0.58317000E-02
11           16            0.64725600E-02   0.66879100E-02
11           18            0.14166600E-03   0.67603000E-02
11           19            0.32412300E-03   0.67952600E-02
11           21            0.62376400E-03   0.69157100E-02
11           22            0.41216400E-03   0.69220100E-02
11           24            0.25008800E-03   0.70659100E-02
11           25            0.76368200E-04   0.70667700E-02
11           27            0.97412800E-03   0.70241300E-02
11           29            0.18071900E-04   0.70440600E-02
11           30            0.38476100E-04   0.70487100E-02
11           41            0.75202000E-04   0.70710100E-02
13           13            0.18824100E-02   0.61151000E-02
13           14            0.62677700E-01   0.61495000E-02
13           16            0.47343800E-02   0.70057100E-02
13           18            0.33171800E-03   0.70781000E-02
13           19            0.15518900E-02   0.71130600E-02
13           21            0.68616200E-03   0.72335100E-02
13           22            0.82321300E-02   0.72398100E-02
13           24            0.31481300E-03   0.73837100E-02
13           25            0.33114200E-03   0.73845700E-02
13           27            0.70482600E-03   0.73419300E-02
13           29            0.44888300E-04   0.73618600E-02
13           30            0.19413200E-03   0.73665100E-02
13           41            0.54799000E-04   0.73888100E-02
14           14            0.17586100E-01   0.61839000E-02
14           16            0.65519400E-02   0.70401100E-02
14           18            0.25242400E-02   0.71125000E-02
14           19            0.10627000E-02   0.71474600E-02
14           21            0.80979500E-02   0.72679100E-02
14           22            0.48583000E-02   0.72742100E-02
14           24            0.98756500E-03   0.74181100E-02
14           25            0.28449600E-03   0.74189700E-02
14           27            0.97826800E-03   0.73763300E-02
14           29            0.32355000E-03   0.73962600E-02
14           30            0.13407800E-03   0.74009100E-02
14           41            0.75786700E-04   0.74232100E-02
16           16            0.43374300E-03   0.78963200E-02
16           18            0.81440500E-03   0.79687100E-02
16           19            0.14142400E-02   0.80036700E-02
16           21            0.87794300E-03   0.81241200E-02
16           22            0.12009400E-02   0.81304200E-02
16           24            0.32646200E-04   0.82743200E-02
16           25            0.13992000E-04   0.82751800E-02
16           27            0.13582700E-03   0.82325400E-02
16           29            0.10609900E-03   0.82524700E-02
16           30            0.17546800E-03   0.82571200E-02
16           41            0.10492600E-04   0.82794200E-02
18           18            0.58297600E-06   0.80411000E-02
18           19            0.29147800E-04   0.80760600E-02
18           21            0.50718200E-04   0.81965100E-02
18           22            0.31189000E-03   0.82028100E-02
18           24            0.12242800E-04   0.83467100E-02
18           25            0.18655200E-04   0.83475700E-02
18           27            0.12242800E-03   0.83049300E-02
18           30            0.34977100E-05   0.83295100E-02
18           41            0.93273800E-05   0.83518100E-02
19           19            0.25650800E-04   0.81110200E-02
19           21            0.15740200E-03   0.82314700E-02
19           22            0.10959600E-03   0.82377700E-02
19           24            0.43140000E-04   0.83816700E-02
19           25            0.12824900E-04   0.83825300E-02
19           27            0.21278500E-03   0.83398900E-02
19           29            0.34977400E-05   0.83598200E-02
19           30            0.58298100E-05   0.83644700E-02
19           41            0.16324100E-04   0.83867700E-02
21           21            0.58298200E-04   0.83519200E-02
21           22            0.11519400E-02   0.83582200E-02
21           24            0.40223900E-04   0.85021200E-02
21           25            0.33229400E-04   0.85029800E-02
21           27            0.13058300E-03   0.84603400E-02
21           29            0.69957100E-05   0.84802700E-02
21           30            0.19821500E-04   0.84849200E-02
21           41            0.99107200E-05   0.85072200E-02
22           22            0.35735100E-03   0.83645200E-02
22           24            0.10143100E-03   0.85084200E-02
22           25            0.32646200E-04   0.85092800E-02
22           27            0.17897400E-03   0.84666400E-02
22           29            0.40223700E-04   0.84865700E-02
22           30            0.13992000E-04   0.84912200E-02
22           41            0.13992000E-04   0.85135200E-02
24           24            0.59910200E-06   0.86523200E-02
24           25            0.41936300E-05   0.86531800E-02
24           27            0.47929000E-05   0.86105400E-02
24           29            0.17972900E-05   0.86304700E-02
24           30            0.53919600E-05   0.86351200E-02
24           41            0.59910200E-06   0.86574200E-02
25           25            0.11659700E-05   0.86540400E-02
25           27            0.17489000E-05   0.86114000E-02
25           29            0.23318300E-05   0.86313300E-02
25           30            0.17489000E-05   0.86359800E-02
27           27            0.19537100E-04   0.85687600E-02
27           29            0.29307700E-04   0.85886900E-02
27           30            0.48848600E-04   0.85933400E-02
27           41            0.32564600E-05   0.86156400E-02
29           30            0.20182100E-05   0.86132700E-02
29           41            0.40364900E-05   0.86355700E-02
30           30            0.58297100E-06   0.86179200E-02
30           41            0.23318300E-05   0.86402200E-02
 -1           -1           -1           -1
 5            5            5            5
 6           16            0.86288300E-02   0.36721000E-03
 6           18            0.47159300E-01   0.43960000E-03
 6           19            0.15277800E-01   0.47456000E-03
 6           21            0.57560600E-01   0.59501000E-03
 6           22            0.20681600E-01   0.60131000E-03
 6           24            0.12830000E-02   0.74521000E-03
 6           25            0.73389900E-03   0.74607000E-03
 6           27            0.12779600E-02   0.70343000E-03
 6           29            0.57796600E-02   0.72336000E-03
 6           30            0.18780500E-02   0.72801000E-03
 6           41            0.98923300E-04   0.75031000E-03
 8            8            0.85170200E-03   0.43893000E-02
 8           10            0.23434700E-01   0.45717000E-02
 8           11            0.22750900E-02   0.47283000E-02
 8           13            0.23850300E-02   0.50461000E-02
 8           14            0.28534000E-02   0.50805000E-02
 8           16            0.31130100E-03   0.59367100E-02
 8           18            0.34751800E-02   0.60091000E-02
 8           19            0.44077800E-03   0.60440600E-02
 8           21            0.31712000E-03   0.61645100E-02
 8           22            0.32294900E-03   0.61708100E-02
 8           24            0.69824200E-04   0.63147100E-02
 8           25            0.16728900E-04   0.63155700E-02
 8           27            0.48005100E-04   0.62729300E-02
 8           29            0.42257400E-03   0.62928600E-02
 8           30            0.53823400E-04   0.62975100E-02
 8           41            0.36366400E-05   0.63198100E-02
10           10            0.23632900E-01   0.47541000E-02
10           11            0.69197000E-01   0.49107000E-02
10           13            0.36966500E-01   0.52285000E-02
10           14            0.59673500E-01   0.52629000E-02
10           16            0.56047900E-02   0.61191100E-02
10           18            0.88616000E-02   0.61915000E-02
10           19            0.14817300E-01   0.62264600E-02
10           21            0.68578800E-02   0.63469100E-02
10           22            0.11033400E-01   0.63532100E-02
10           24            0.30183200E-03   0.64971100E-02
10           25            0.10691400E-03   0.64979700E-02
10           27            0.91428600E-03   0.64553300E-02
10           29            0.11273400E-02   0.64752600E-02
10           30            0.18328000E-02   0.64799100E-02
10           41            0.71276500E-04   0.65022100E-02
11           11            0.17506600E-02   0.50673000E-02
11           13            0.40642700E-01   0.53851000E-02
11           14            0.55772200E-02   0.54195000E-02
11           16            0.46258300E-03   0.62757100E-02
11           18            0.10601900E-01   0.63481000E-02
11           19            0.63497700E-03   0.63830600E-02
11           21            0.63772000E-02   0.65035100E-02
11           22            0.82627900E-03   0.65098100E-02
11           24            0.17383500E-03   0.66537100E-02
11           25            0.36366400E-04   0.66545700E-02
11           27            0.73462200E-04   0.66119300E-02
11           29            0.12953900E-02   0.66318600E-02
11           30            0.76369900E-04   0.66365100E-02
11           41            0.58188600E-05   0.66588100E-02
13           13            0.37682400E-01   0.57029000E-02
13           14            0.15729800E+00   0.57373000E-02
13           16            0.57679500E-03   0.65935100E-02
13           18            0.56050600E-02   0.66659000E-02
13           19            0.81476800E-02   0.67008600E-02
13           21            0.11793300E-01   0.68213100E-02
13           22            0.26430800E-01   0.68276100E-02
13           24            0.12030400E-02   0.69715100E-02
13           25            0.92517300E-03   0.69723700E-02
13           27            0.94555600E-04   0.69297300E-02
13           29            0.68882700E-03   0.69496600E-02
13           30            0.99649900E-03   0.69543100E-02
13           41            0.72736500E-05   0.69766100E-02
14           14            0.75498200E-02   0.57717000E-02
14           16            0.56295500E-03   0.66279100E-02
14           18            0.80144600E-02   0.67003000E-02
14           19            0.10240800E-02   0.67352600E-02
14           21            0.20495900E-01   0.68557100E-02
14           22            0.23027300E-02   0.68620100E-02
14           24            0.48803800E-03   0.70059100E-02
14           25            0.71278400E-04   0.70067700E-02
14           27            0.88732300E-04   0.69641300E-02
14           29            0.95645700E-03   0.69840600E-02
14           30            0.12292300E-03   0.69887100E-02
14           41            0.65462100E-05   0.70110100E-02
16           16            0.27638600E-04   0.74841200E-02
16           18            0.83499400E-03   0.75565100E-02
16           19            0.90192100E-04   0.75914700E-02
16           21            0.74189400E-04   0.77119200E-02
16           22            0.64735300E-04   0.77182200E-02
16           24            0.14547500E-04   0.78621200E-02
16           25            0.29092900E-05   0.78629800E-02
16           27            0.87282500E-05   0.78203400E-02
16           29            0.10182400E-03   0.78402700E-02
16           30            0.10910600E-04   0.78449200E-02
16           41            0.72735100E-06   0.78672200E-02
18           18            0.78793100E-03   0.76289000E-02
18           19            0.22617800E-02   0.76638600E-02
18           21            0.10182600E-02   0.77843100E-02
18           22            0.14875400E-02   0.77906100E-02
18           24            0.36933700E-04   0.79345100E-02
18           25            0.10863600E-04   0.79353700E-02
18           27            0.13542800E-03   0.78927300E-02
18           29            0.19915500E-03   0.79126600E-02
18           30            0.27953100E-03   0.79173100E-02
18           41            0.10863600E-04   0.79396100E-02
19           19            0.58527600E-04   0.76988200E-02
19           21            0.12977700E-02   0.78192700E-02
19           22            0.15655800E-03   0.78255700E-02
19           24            0.28530900E-04   0.79694700E-02
19           25            0.58527600E-05   0.79703300E-02
19           27            0.14632300E-04   0.79276900E-02
19           29            0.27945600E-03   0.79476200E-02
19           30            0.13899800E-04   0.79522700E-02
19           41            0.14632300E-05   0.79745700E-02
21           21            0.91138600E-03   0.79397200E-02
21           22            0.35719400E-02   0.79460200E-02
21           24            0.13019600E-03   0.80899200E-02
21           25            0.10182400E-03   0.80907800E-02
21           27            0.12365000E-04   0.80481400E-02
21           29            0.12510300E-03   0.80680700E-02
21           30            0.15784100E-03   0.80727200E-02
21           41            0.72735600E-06   0.80950200E-02
22           22            0.24834200E-03   0.79523200E-02
22           24            0.79715900E-04   0.80962200E-02
22           25            0.12264200E-04   0.80970800E-02
22           27            0.14307400E-04   0.80544400E-02
22           29            0.25039500E-03   0.80743700E-02
22           30            0.26571500E-04   0.80790200E-02
22           41            0.10220200E-05   0.81013200E-02
24           24            0.18331100E-05   0.82401200E-02
24           25            0.54989100E-05   0.82409800E-02
24           27            0.27495200E-05   0.81983400E-02
24           29            0.54989100E-05   0.82182700E-02
24           30            0.45824800E-05   0.82229200E-02
25           27            0.66258700E-06   0.81992000E-02
25           29            0.13252200E-05   0.82191300E-02
25           30            0.66258700E-06   0.82237800E-02
27           27            0.12925400E-05   0.81565600E-02
27           29            0.29728200E-04   0.81764900E-02
27           30            0.25851600E-05   0.81811400E-02
29           29            0.24557600E-04   0.81964200E-02
29           30            0.67893900E-04   0.82010700E-02
29           41            0.28892300E-05   0.82233700E-02
 -1           -1           -1           -1
 6            6            6            6
 8            8            0.11321100E-02   0.36337000E-02
 8           10            0.71154300E-03   0.38161000E-02
 8           11            0.26045400E-01   0.39727000E-02
 8           13            0.27006800E-02   0.42905000E-02
 8           14            0.34189000E-02   0.43249000E-02
 8           16            0.41524800E-03   0.51811100E-02
 8           18            0.12503000E-03   0.52535000E-02
 8           19            0.38244100E-02   0.52884600E-02
 8           21            0.25006100E-03   0.54089100E-02
 8           22            0.28491100E-03   0.54152100E-02
 8           24            0.98511200E-04   0.55591100E-02
 8           25            0.67443000E-04   0.55599700E-02
 8           27            0.64409800E-04   0.55173300E-02
 8           29            0.15913100E-04   0.55372600E-02
 8           30            0.44404100E-03   0.55419100E-02
 8           41            0.53042200E-05   0.55642100E-02
10           10            0.19020200E-03   0.39985000E-02
10           11            0.43607900E-01   0.41551000E-02
10           13            0.25764600E-02   0.44729000E-02
10           14            0.23036900E-01   0.45073000E-02
10           16            0.14094500E-03   0.53635100E-02
10           18            0.69716400E-04   0.54359000E-02
10           19            0.66457900E-02   0.54708600E-02
10           21            0.43875800E-03   0.55913100E-02
10           22            0.33206700E-02   0.55976100E-02
10           24            0.10836000E-03   0.57415100E-02
10           25            0.10761200E-03   0.57423700E-02
10           27            0.21975300E-04   0.56997300E-02
10           29            0.90930500E-05   0.57196600E-02
10           30            0.77597200E-03   0.57243100E-02
10           41            0.15155000E-05   0.57466100E-02
11           11            0.59098500E-01   0.43117000E-02
11           13            0.61022300E-01   0.46295000E-02
11           14            0.88878400E-01   0.46639000E-02
11           16            0.61515700E-02   0.55201100E-02
11           18            0.91706100E-02   0.55925000E-02
11           19            0.21573600E-01   0.56274600E-02
11           21            0.10821600E-01   0.57479100E-02
11           22            0.15507500E-01   0.57542100E-02
11           24            0.48800500E-03   0.58981100E-02
11           25            0.23566200E-03   0.58989700E-02
11           27            0.10009800E-02   0.58563300E-02
11           29            0.11858900E-02   0.58762600E-02
11           30            0.26066400E-02   0.58809100E-02
11           41            0.78049500E-04   0.59032100E-02
13           13            0.88202700E-02   0.49473000E-02
13           14            0.16743300E+00   0.49817000E-02
13           16            0.60698000E-03   0.58379100E-02
13           18            0.54482300E-03   0.59103000E-02
13           19            0.86085700E-02   0.59452600E-02
13           21            0.27287200E-02   0.60657100E-02
13           22            0.21897500E-01   0.60720100E-02
13           24            0.27658200E-03   0.62159100E-02
13           25            0.35540000E-03   0.62167700E-02
13           27            0.97751800E-04   0.61741300E-02
13           29            0.70473500E-04   0.61940600E-02
13           30            0.99190400E-03   0.61987100E-02
13           41            0.75778300E-05   0.62210100E-02
14           14            0.11286600E+00   0.50161000E-02
14           16            0.80852700E-03   0.58723100E-02
14           18            0.44700700E-02   0.59447000E-02
14           19            0.14119400E-01   0.59796600E-02
14           21            0.26194700E-01   0.61001100E-02
14           22            0.33336300E-01   0.61064100E-02
14           24            0.29499600E-02   0.62503100E-02
14           25            0.10139200E-02   0.62511700E-02
14           27            0.13185300E-03   0.62085300E-02
14           29            0.56982200E-03   0.62284600E-02
14           30            0.16686300E-02   0.62331100E-02
14           41            0.10608300E-04   0.62554100E-02
16           16            0.37886500E-04   0.67285200E-02
16           18            0.25763800E-04   0.68009100E-02
16           19            0.90555700E-03   0.68358700E-02
16           21            0.61378600E-04   0.69563200E-02
16           22            0.73500300E-04   0.69626200E-02
16           24            0.14397300E-04   0.71065200E-02
16           25            0.11366400E-04   0.71073800E-02
16           27            0.12123700E-04   0.70647400E-02
16           29            0.30309200E-05   0.70846700E-02
16           30            0.10533400E-03   0.70893200E-02
16           41            0.75776100E-06   0.71116200E-02
18           18            0.53042600E-05   0.68733000E-02
18           19            0.13935700E-02   0.69082600E-02
18           21            0.90178100E-04   0.70287100E-02
18           22            0.66986500E-03   0.70350100E-02
18           24            0.15155000E-04   0.71789100E-02
18           25            0.14397700E-04   0.71797700E-02
18           27            0.37887600E-05   0.71371300E-02
18           29            0.15155000E-05   0.71570600E-02
18           30            0.16292400E-03   0.71617100E-02
19           19            0.18025000E-02   0.69432200E-02
19           21            0.14531000E-02   0.70636700E-02
19           22            0.23081700E-02   0.70699700E-02
19           24            0.54031600E-04   0.72138700E-02
19           25            0.27376300E-04   0.72147300E-02
19           27            0.13976500E-03   0.71720900E-02
19           29            0.17145500E-03   0.71920200E-02
19           30            0.43298000E-03   0.71966700E-02
19           41            0.10806400E-04   0.72189700E-02
21           21            0.20459800E-03   0.71841200E-02
21           22            0.35486300E-02   0.71904200E-02
21           24            0.29552700E-04   0.73343200E-02
21           25            0.36373000E-04   0.73351800E-02
21           27            0.98511700E-05   0.72925400E-02
21           29            0.11366700E-04   0.73124700E-02
21           30            0.17656300E-03   0.73171200E-02
21           41            0.75778000E-06   0.73394200E-02
22           22            0.27886600E-02   0.71967200E-02
22           24            0.34783700E-03   0.73406200E-02
22           25            0.11793300E-03   0.73414800E-02
22           27            0.13673600E-04   0.72988400E-02
22           29            0.96575000E-04   0.73187700E-02
22           30            0.32306000E-03   0.73234200E-02
22           41            0.85463400E-06   0.73457200E-02
24           24            0.98082200E-06   0.74845200E-02
24           25            0.88274300E-05   0.74853800E-02
24           27            0.29424800E-05   0.74427400E-02
24           29            0.19615600E-05   0.74626700E-02
24           30            0.78466500E-05   0.74673200E-02
25           25            0.22733400E-05   0.74862400E-02
25           27            0.15154800E-05   0.74436000E-02
25           29            0.15154800E-05   0.74635300E-02
25           30            0.30309700E-05   0.74681800E-02
27           27            0.12656100E-05   0.74009600E-02
27           29            0.12656100E-05   0.74208900E-02
27           30            0.29108700E-04   0.74255400E-02
29           30            0.51742900E-04   0.74454700E-02
30           30            0.99274700E-04   0.74501200E-02
30           41            0.55150300E-05   0.74724200E-02
 -1           -1           -1           -1
 8            8            8            8
10           21            0.70426100E-01   0.21810000E-04
10           22            0.10187200E+00   0.28110000E-04
10           24            0.26590100E-01   0.17201000E-03
10           25            0.35516300E-01   0.17287000E-03
10           27            0.83818800E-02   0.13023000E-03
10           29            0.69975700E-02   0.15016000E-03
10           30            0.10610500E-01   0.15481000E-03
10           41            0.64599300E-03   0.17711000E-03
11           18            0.69625700E-01   0.23000000E-04
11           19            0.95246000E-01   0.57960000E-04
11           21            0.41724600E-01   0.17841000E-03
11           22            0.59915900E-01   0.18471000E-03
11           24            0.75616200E-01   0.32861000E-03
11           25            0.94697000E-01   0.32947000E-03
11           27            0.10078300E-01   0.28683000E-03
11           29            0.84742600E-02   0.30676000E-03
11           30            0.11383700E-01   0.31141000E-03
11           41            0.77816900E-03   0.33371000E-03
13           16            0.26013200E-01   0.26841000E-03
13           18            0.57568200E-02   0.34080000E-03
13           19            0.50928100E-02   0.37576000E-03
13           21            0.83953500E-02   0.49621000E-03
13           22            0.10539800E-01   0.50251000E-03
13           24            0.38172000E-02   0.64641000E-03
13           25            0.36255100E-02   0.64727000E-03
13           27            0.28416700E-02   0.60463000E-03
13           29            0.58778700E-03   0.62456000E-03
13           30            0.48835400E-03   0.62921000E-03
13           41            0.21154800E-03   0.65151000E-03
14           16            0.37508400E-01   0.30281000E-03
14           18            0.12111300E-02   0.37520000E-03
14           19            0.11045900E-01   0.41016000E-03
14           21            0.11372500E-01   0.53061000E-03
14           22            0.17111800E-01   0.53691000E-03
14           24            0.44061800E-02   0.68081000E-03
14           25            0.68140200E-02   0.68167000E-03
14           27            0.40547400E-02   0.63903000E-03
14           29            0.12346700E-03   0.65896000E-03
14           30            0.10579800E-02   0.66361000E-03
14           41            0.30191800E-03   0.68591000E-03
16           16            0.48657800E-02   0.11590200E-02
16           18            0.81827700E-02   0.12314100E-02
16           19            0.14526500E-01   0.12663700E-02
16           21            0.15713000E-01   0.13868200E-02
16           22            0.22618500E-01   0.13931200E-02
16           24            0.45455600E-02   0.15370200E-02
16           25            0.57475300E-02   0.15378800E-02
16           27            0.13127900E-02   0.14952400E-02
16           29            0.10619500E-02   0.15151700E-02
16           30            0.17947400E-02   0.15198200E-02
16           41            0.10091600E-03   0.15421200E-02
18           18            0.40665300E-03   0.13038000E-02
18           19            0.10448200E-02   0.13387600E-02
18           21            0.60833200E-03   0.14592100E-02
18           22            0.31677200E-03   0.14655100E-02
18           24            0.71000300E-04   0.16094100E-02
18           25            0.31128500E-03   0.16102700E-02
18           27            0.86082300E-03   0.15676300E-02
18           29            0.83601900E-04   0.15875600E-02
18           30            0.10083000E-03   0.15922100E-02
18           41            0.64278200E-04   0.16145100E-02
19           19            0.13661600E-02   0.13737200E-02
19           21            0.86125600E-03   0.14941700E-02
19           22            0.21233800E-02   0.15004700E-02
19           24            0.32486000E-03   0.16443700E-02
19           25            0.60648100E-03   0.16452300E-02
19           27            0.15319600E-02   0.16025900E-02
19           29            0.11416300E-03   0.16225200E-02
19           30            0.28457800E-03   0.16271700E-02
19           41            0.11416300E-03   0.16494700E-02
21           21            0.18024600E-03   0.16146200E-02
21           22            0.85980900E-03   0.16209200E-02
21           24            0.30442700E-03   0.17648200E-02
21           25            0.22770600E-02   0.17656800E-02
21           27            0.16221700E-02   0.17230400E-02
21           29            0.56874300E-04   0.17429700E-02
21           30            0.84477300E-04   0.17476200E-02
21           41            0.12044000E-03   0.17699200E-02
22           22            0.48476600E-03   0.16272200E-02
22           24            0.22811700E-02   0.17711200E-02
22           25            0.12919000E-02   0.17719800E-02
22           27            0.23403900E-02   0.17293400E-02
22           29            0.31058200E-04   0.17492700E-02
22           30            0.20775600E-03   0.17539200E-02
22           41            0.17376000E-03   0.17762200E-02
24           24            0.15152000E-03   0.19150200E-02
24           25            0.13007100E-02   0.19158800E-02
24           27            0.43523600E-03   0.18732400E-02
24           29            0.67155500E-05   0.18931700E-02
24           30            0.28121700E-04   0.18978200E-02
24           41            0.31897700E-04   0.19201200E-02
25           25            0.39367400E-03   0.19167400E-02
25           27            0.56299300E-03   0.18741000E-02
25           29            0.37816600E-04   0.18940300E-02
25           30            0.52861300E-04   0.18986800E-02
25           41            0.41254500E-04   0.19209800E-02
27           27            0.11096200E-03   0.18314600E-02
27           29            0.15193200E-03   0.18513900E-02
27           30            0.25663400E-03   0.18560400E-02
27           41            0.17071100E-04   0.18783400E-02
29           29            0.62513400E-05   0.18713200E-02
29           30            0.16253300E-04   0.18759700E-02
29           41            0.12502300E-04   0.18982700E-02
30           30            0.26137000E-04   0.18806200E-02
30           41            0.26137000E-04   0.19029200E-02
 -1           -1           -1           -1
10           10           10           10
11           21            0.11598300E-01   0.00000000E+00
11           22            0.28632000E-01   0.23100000E-05
11           24            0.19636200E-01   0.14621000E-03
11           25            0.21628000E-01   0.14707000E-03
11           27            0.47514800E-02   0.10443000E-03
11           29            0.48196500E-02   0.12436000E-03
11           30            0.48746200E-02   0.12901000E-03
11           41            0.34975900E-03   0.15131000E-03
13           16            0.76271100E-01   0.86010000E-04
13           18            0.76215500E-01   0.15840000E-03
13           19            0.98154300E-01   0.19336000E-03
13           21            0.32960600E-01   0.31381000E-03
13           22            0.37627500E-01   0.32011000E-03
13           24            0.93329000E-01   0.46401000E-03
13           25            0.14027600E+00   0.46487000E-03
13           27            0.12347000E-01   0.42223000E-03
13           29            0.85785200E-02   0.44216000E-03
13           30            0.11621500E-01   0.44681000E-03
13           41            0.95866900E-03   0.46911000E-03
14           16            0.12827700E-01   0.12041000E-03
14           18            0.88025200E-01   0.19280000E-03
14           19            0.84755600E-02   0.22776000E-03
14           21            0.14215900E-02   0.34821000E-03
14           22            0.43364200E-02   0.35451000E-03
14           24            0.28637200E-02   0.49841000E-03
14           25            0.22980300E-02   0.49927000E-03
14           27            0.13806100E-02   0.45663000E-03
14           29            0.80302000E-02   0.47656000E-03
14           30            0.91760100E-03   0.48121000E-03
14           41            0.10326500E-03   0.50351000E-03
16           16            0.85457000E-03   0.97662000E-03
16           18            0.11861100E-01   0.10490100E-02
16           19            0.18659500E-02   0.10839700E-02
16           21            0.38793300E-03   0.12044200E-02
16           22            0.13631100E-02   0.12107200E-02
16           24            0.49521800E-04   0.13546200E-02
16           25            0.42475000E-03   0.13554800E-02
16           27            0.21776000E-03   0.13128400E-02
16           29            0.10405800E-02   0.13327700E-02
16           30            0.20824000E-03   0.13374200E-02
16           41            0.16507200E-04   0.13597200E-02
18           18            0.89778600E-02   0.11214000E-02
18           19            0.26999700E-01   0.11563600E-02
18           21            0.25332900E-01   0.12768100E-02
18           22            0.41566600E-01   0.12831100E-02
18           24            0.60919800E-02   0.14270100E-02
18           25            0.10498100E-01   0.14278700E-02
18           27            0.19536200E-02   0.13852300E-02
18           29            0.19769900E-02   0.14051600E-02
18           30            0.33096700E-02   0.14098100E-02
18           41            0.15247400E-03   0.14321100E-02
19           19            0.78075100E-03   0.11913200E-02
19           21            0.22264400E-02   0.13117700E-02
19           22            0.17531300E-02   0.13180700E-02
19           24            0.46194200E-02   0.14619700E-02
19           25            0.13190600E-02   0.14628300E-02
19           27            0.21466400E-03   0.14201900E-02
19           29            0.25264400E-02   0.14401200E-02
19           30            0.16183700E-03   0.14447700E-02
19           41            0.16251600E-04   0.14670700E-02
21           21            0.85970700E-03   0.14322200E-02
21           22            0.25120000E-02   0.14385200E-02
21           24            0.56572600E-03   0.15824200E-02
21           25            0.10414900E-02   0.15832800E-02
21           27            0.58408000E-04   0.15406400E-02
21           29            0.22515200E-02   0.15605700E-02
21           30            0.22574600E-03   0.15652200E-02
21           41            0.45936900E-05   0.15875200E-02
22           22            0.58832100E-03   0.14448200E-02
22           24            0.19446300E-02   0.15887200E-02
22           25            0.40932400E-03   0.15895800E-02
22           27            0.17965600E-03   0.15469400E-02
22           29            0.37596300E-02   0.15668700E-02
22           30            0.16451900E-03   0.15715200E-02
22           41            0.13819600E-04   0.15938200E-02
24           24            0.57397200E-03   0.17326200E-02
24           25            0.42095500E-02   0.17334800E-02
24           27            0.26449400E-05   0.16908400E-02
24           29            0.50125600E-03   0.17107700E-02
24           30            0.51777000E-03   0.17154200E-02
25           25            0.20202700E-03   0.17343400E-02
25           27            0.61200300E-04   0.16917000E-02
25           29            0.85943600E-03   0.17116300E-02
25           30            0.13293000E-03   0.17162800E-02
25           41            0.46062800E-05   0.17385800E-02
27           27            0.16251300E-04   0.16490600E-02
27           29            0.19575100E-03   0.16689900E-02
27           30            0.26591300E-04   0.16736400E-02
27           41            0.22160800E-05   0.16959400E-02
29           29            0.19011000E-03   0.16889200E-02
29           30            0.54655700E-03   0.16935700E-02
29           41            0.24951500E-04   0.17158700E-02
30           30            0.40104700E-04   0.16982200E-02
30           41            0.10026300E-04   0.17205200E-02
 -1           -1           -1           -1
11           11           11           11
13           18            0.13878500E-01   0.18000000E-05
13           19            0.66799900E-01   0.36760000E-04
13           21            0.11019200E-01   0.15721000E-03
13           22            0.97859000E-02   0.16351000E-03
13           24            0.10082000E-01   0.30741000E-03
13           25            0.14792900E-01   0.30827000E-03
13           27            0.22914200E-02   0.26563000E-03
13           29            0.15891200E-02   0.28556000E-03
13           30            0.63667200E-02   0.29021000E-03
13           41            0.17522100E-03   0.31251000E-03
14           18            0.89916200E-01   0.36200000E-04
14           19            0.15129900E+00   0.71160000E-04
14           21            0.48553500E-01   0.19161000E-03
14           22            0.71954400E-01   0.19791000E-03
14           24            0.97845300E-01   0.34181000E-03
14           25            0.11653800E+00   0.34267000E-03
14           27            0.13386500E-01   0.30003000E-03
14           29            0.10883600E-01   0.31996000E-03
14           30            0.16511700E-01   0.32461000E-03
14           41            0.10355800E-02   0.34691000E-03
16           16            0.72164800E-03   0.82002000E-03
16           18            0.10926100E-02   0.89241000E-03
16           19            0.16356400E-01   0.92737000E-03
16           21            0.97696700E-03   0.10478200E-02
16           22            0.10646600E-02   0.10541200E-02
16           24            0.62312200E-03   0.11980200E-02
16           25            0.94823900E-03   0.11988800E-02
16           27            0.18235700E-03   0.11562400E-02
16           29            0.11562300E-03   0.11761700E-02
16           30            0.13975500E-02   0.11808200E-02
16           41            0.13967700E-04   0.12031200E-02
18           18            0.13930700E-03   0.96480000E-03
18           19            0.19383200E-01   0.99976000E-03
18           21            0.47347800E-03   0.11202100E-02
18           22            0.35228400E-02   0.11265100E-02
18           24            0.70984700E-03   0.12704100E-02
18           25            0.41723400E-02   0.12712700E-02
18           27            0.12365300E-03   0.12286300E-02
18           29            0.27392400E-04   0.12485600E-02
18           30            0.16787300E-02   0.12532100E-02
18           41            0.93916500E-05   0.12755100E-02
19           19            0.26929700E-01   0.10347200E-02
19           21            0.37013200E-01   0.11551700E-02
19           22            0.49515600E-01   0.11614700E-02
19           24            0.12617200E-01   0.13053700E-02
19           25            0.14345900E-01   0.13062300E-02
19           27            0.25578600E-02   0.12635900E-02
19           29            0.24309700E-02   0.12835200E-02
19           30            0.56206400E-02   0.12881700E-02
19           41            0.19983200E-03   0.13104700E-02
21           21            0.24680900E-03   0.12756200E-02
21           22            0.46305200E-02   0.12819200E-02
21           24            0.28937000E-03   0.14258200E-02
21           25            0.35881900E-02   0.14266800E-02
21           27            0.10212700E-03   0.13840400E-02
21           29            0.35589400E-04   0.14039700E-02
21           30            0.31967300E-02   0.14086200E-02
21           41            0.77370700E-05   0.14309200E-02
22           22            0.22761900E-02   0.12882200E-02
22           24            0.28447200E-02   0.14321200E-02
22           25            0.24868600E-02   0.14329800E-02
22           27            0.11373500E-03   0.13903400E-02
22           29            0.28393500E-03   0.14102700E-02
22           30            0.42361200E-02   0.14149200E-02
22           41            0.85107400E-05   0.14372200E-02
24           24            0.17458200E-03   0.15760200E-02
24           25            0.54184200E-02   0.15768800E-02
24           27            0.64486400E-04   0.15342400E-02
24           29            0.77065400E-04   0.15541700E-02
24           30            0.10545700E-02   0.15588200E-02
24           41            0.47182300E-05   0.15811200E-02
25           25            0.19127700E-02   0.15777400E-02
25           27            0.78949500E-04   0.15351000E-02
25           29            0.45258700E-03   0.15550300E-02
25           30            0.12233400E-02   0.15596800E-02
25           41            0.54715900E-05   0.15819800E-02
27           27            0.17175900E-04   0.14924600E-02
27           29            0.18249400E-04   0.15123900E-02
27           30            0.30595000E-03   0.15170400E-02
27           41            0.21470100E-05   0.15393400E-02
29           29            0.26856500E-05   0.15323200E-02
29           30            0.36927400E-03   0.15369700E-02
29           41            0.13428500E-05   0.15592700E-02
30           30            0.10601000E-02   0.15416200E-02
30           41            0.63203700E-04   0.15639200E-02
 -1           -1           -1           -1
13           13           13           13
14           24            0.94785800E-01   0.24010000E-04
14           25            0.13764500E-01   0.24870000E-04
14           29            0.77749400E-03   0.21600000E-05
14           30            0.22621600E-02   0.68100000E-05
14           41            0.17052800E-03   0.29110000E-04
16           16            0.31825400E-04   0.50222000E-03
16           18            0.27931300E-02   0.57461000E-03
16           19            0.19169100E-02   0.60957000E-03
16           21            0.65952300E-01   0.73002000E-03
16           22            0.81399000E-02   0.73632000E-03
16           24            0.10861800E-01   0.88022000E-03
16           25            0.36059200E-02   0.88108000E-03
16           27            0.24481400E-04   0.83844000E-03
16           29            0.28396500E-03   0.85837000E-03
16           30            0.15667600E-03   0.86302000E-03
16           41            0.24481400E-05   0.88532000E-03
18           18            0.15129400E-02   0.64700000E-03
18           19            0.10034800E-01   0.68196000E-03
18           21            0.56331800E-01   0.80241000E-03
18           22            0.47639500E-02   0.80871000E-03
18           24            0.68643100E-02   0.95261000E-03
18           25            0.36647200E-02   0.95347000E-03
18           27            0.29621800E-03   0.91083000E-03
18           29            0.31580600E-03   0.93076000E-03
18           30            0.93268200E-03   0.93541000E-03
18           41            0.22033400E-04   0.95771000E-03
19           19            0.36696300E-02   0.71692000E-03
19           21            0.12073900E+00   0.83737000E-03
19           22            0.45189900E-02   0.84367000E-03
19           24            0.43940900E-02   0.98757000E-03
19           25            0.21468100E-02   0.98843000E-03
19           27            0.22766200E-03   0.94579000E-03
19           29            0.89839300E-03   0.96572000E-03
19           30            0.65850700E-03   0.97037000E-03
19           41            0.17135400E-04   0.99267000E-03
21           21            0.10134800E+00   0.95782000E-03
21           22            0.20588800E+00   0.96412000E-03
21           24            0.41913900E-01   0.11080200E-02
21           25            0.53665200E-01   0.11088800E-02
21           27            0.96455300E-02   0.10662400E-02
21           29            0.72315800E-02   0.10861700E-02
21           30            0.14442300E-01   0.10908200E-02
21           41            0.74667400E-03   0.11131200E-02
22           22            0.33710600E-02   0.97042000E-03
22           24            0.42200700E-01   0.11143200E-02
22           25            0.24505400E-02   0.11151800E-02
22           27            0.68057500E-03   0.10725400E-02
22           29            0.41127500E-03   0.10924700E-02
22           30            0.44310500E-03   0.10971200E-02
22           41            0.48960700E-04   0.11194200E-02
24           24            0.16919800E-01   0.12582200E-02
24           25            0.55533200E-01   0.12590800E-02
24           27            0.16632100E-02   0.12164400E-02
24           29            0.73839400E-03   0.12363700E-02
24           30            0.52417600E-03   0.12410200E-02
24           41            0.12852100E-03   0.12633200E-02
25           25            0.11383900E-02   0.12599400E-02
25           27            0.41372100E-03   0.12173000E-02
25           29            0.24507200E-03   0.12372300E-02
25           30            0.24770400E-03   0.12418800E-02
25           41            0.31621100E-04   0.12641800E-02
27           27            0.13111800E-04   0.11746600E-02
27           29            0.17045200E-03   0.11945900E-02
27           30            0.10489700E-03   0.11992400E-02
29           29            0.89866300E-04   0.12145200E-02
29           30            0.46217700E-03   0.12191700E-02
29           41            0.12838700E-04   0.12414700E-02
30           30            0.57651500E-03   0.12238200E-02
30           41            0.44347800E-04   0.12461200E-02
 -1           -1           -1           -1
14           14           14           14
16           16            0.26937800E-05   0.46782000E-03
16           18            0.76231400E-03   0.54021000E-03
16           19            0.47759800E-02   0.57517000E-03
16           21            0.70035900E-02   0.69562000E-03
16           22            0.77579000E-01   0.70192000E-03
16           24            0.38330700E-02   0.84582000E-03
16           25            0.12665800E-01   0.84668000E-03
16           27            0.18855300E-04   0.80404000E-03
16           29            0.40404700E-04   0.82397000E-03
16           30            0.42560500E-03   0.82862000E-03
16           41            0.26937800E-05   0.85092000E-03
18           18            0.13469000E-04   0.61260000E-03
18           19            0.11481300E-01   0.64756000E-03
18           21            0.67886700E-03   0.76801000E-03
18           22            0.77365400E-01   0.77431000E-03
18           24            0.17241400E-02   0.91821000E-03
18           25            0.62014200E-02   0.91907000E-03
18           27            0.78122900E-04   0.87643000E-03
18           29            0.53877200E-05   0.89636000E-03
18           30            0.10155500E-02   0.90101000E-03
18           41            0.53877200E-05   0.92331000E-03
19           19            0.88037300E-02   0.68252000E-03
19           21            0.72440300E-02   0.80297000E-03
19           22            0.12381000E+00   0.80927000E-03
19           24            0.27047400E-02   0.95317000E-03
19           25            0.63280200E-02   0.95403000E-03
19           27            0.56571500E-03   0.91139000E-03
19           29            0.99942500E-03   0.93132000E-03
19           30            0.16109600E-02   0.93597000E-03
19           41            0.43101400E-04   0.95827000E-03
21           21            0.15543900E-02   0.92342000E-03
21           22            0.16042500E+00   0.92972000E-03
21           24            0.21604400E-02   0.10736200E-02
21           25            0.28535800E-01   0.10744800E-02
21           27            0.57109500E-03   0.10318400E-02
21           29            0.88896200E-04   0.10517700E-02
21           30            0.64382500E-03   0.10564200E-02
21           41            0.40407000E-04   0.10787200E-02
22           22            0.18331600E+00   0.93602000E-03
22           24            0.51001600E-01   0.10799200E-02
22           25            0.76409400E-01   0.10807800E-02
22           27            0.11002800E-01   0.10381400E-02
22           29            0.95582000E-02   0.10580700E-02
22           30            0.14910600E-01   0.10627200E-02
22           41            0.85128700E-03   0.10850200E-02
24           24            0.14370600E-02   0.12238200E-02
24           25            0.51852400E-01   0.12246800E-02
24           27            0.44492300E-03   0.11820400E-02
24           29            0.20174400E-03   0.12019700E-02
24           30            0.24872400E-03   0.12066200E-02
24           41            0.33163600E-04   0.12289200E-02
25           25            0.32425700E-01   0.12255400E-02
25           27            0.18714700E-02   0.11829000E-02
25           29            0.77402100E-03   0.12028300E-02
25           30            0.69109600E-03   0.12074800E-02
25           41            0.14374800E-03   0.12297800E-02
27           27            0.21918000E-04   0.11402600E-02
27           29            0.43833800E-04   0.11601900E-02
27           30            0.43833800E-03   0.11648400E-02
29           30            0.46546000E-03   0.11847700E-02
30           30            0.59759600E-03   0.11894200E-02
30           41            0.42684600E-04   0.12117200E-02
 -1           -1           -1           -1
16           16           16           16
18           24            0.28354700E-01   0.62000000E-04
18           25            0.41649300E-01   0.62860000E-04
18           27            0.43721300E-01   0.20220000E-04
18           29            0.34641800E-01   0.40150000E-04
18           30            0.68998200E-01   0.44800000E-04
18           41            0.32801200E-02   0.67100000E-04
19           24            0.11620800E+00   0.96960000E-04
19           25            0.14007500E+00   0.97820000E-04
19           27            0.53930500E-01   0.55180000E-04
19           29            0.54939100E-01   0.75110000E-04
19           30            0.70134300E-01   0.79760000E-04
19           41            0.41232700E-02   0.10206000E-03
21           21            0.43405400E-02   0.67210000E-04
21           22            0.19970900E-01   0.73510000E-04
21           24            0.41872200E-02   0.21741000E-03
21           25            0.99525100E-02   0.21827000E-03
21           27            0.18298500E-01   0.17563000E-03
21           29            0.37479100E-02   0.19556000E-03
21           30            0.10624900E-01   0.20021000E-03
21           41            0.11703200E-02   0.22251000E-03
22           22            0.10833400E-01   0.79810000E-04
22           24            0.11382700E-01   0.22371000E-03
22           25            0.99919600E-02   0.22457000E-03
22           27            0.26475200E-01   0.18193000E-03
22           29            0.10209400E-01   0.20186000E-03
22           30            0.10117800E-01   0.20651000E-03
22           41            0.16883900E-02   0.22881000E-03
24           24            0.22676700E-02   0.36761000E-03
24           25            0.60839800E-02   0.36847000E-03
24           27            0.10194900E-01   0.32583000E-03
24           29            0.12310300E-02   0.34576000E-03
24           30            0.30787700E-02   0.35041000E-03
24           41            0.59524200E-03   0.37271000E-03
25           25            0.39329000E-02   0.36933000E-03
25           27            0.13176900E-01   0.32669000E-03
25           29            0.83814700E-03   0.34662000E-03
25           30            0.38696600E-02   0.35127000E-03
25           41            0.76897300E-03   0.37357000E-03
27           27            0.19049600E-01   0.28405000E-03
27           29            0.23164100E-01   0.30398000E-03
27           30            0.39487300E-01   0.30863000E-03
27           41            0.26101500E-02   0.33093000E-03
29           29            0.52908300E-02   0.32391000E-03
29           30            0.22228100E-01   0.32856000E-03
29           41            0.40578800E-02   0.35086000E-03
30           30            0.17784800E-01   0.33321000E-03
30           41            0.70397800E-02   0.35551000E-03
 -1           -1           -1           -1
18           18           18           18
19           24            0.55670200E-01   0.24570000E-04
19           25            0.42562600E-01   0.25430000E-04
19           29            0.11192200E-01   0.27200000E-05
19           30            0.11166100E-01   0.73700000E-05
19           41            0.12682600E-02   0.29670000E-04
21           21            0.18916800E-01   0.00000000E+00
21           22            0.29169500E+00   0.11200000E-05
21           24            0.95848100E-01   0.14502000E-03
21           25            0.19896100E+00   0.14588000E-03
21           27            0.31232600E-01   0.10324000E-03
21           29            0.21977200E-01   0.12317000E-03
21           30            0.39173000E-01   0.12782000E-03
21           41            0.23832000E-02   0.15012000E-03
22           22            0.17517800E-01   0.74200000E-05
22           24            0.28507500E-01   0.15132000E-03
22           25            0.75427900E-02   0.15218000E-03
22           27            0.59785500E-02   0.10954000E-03
22           29            0.25065700E-01   0.12947000E-03
22           30            0.53753600E-02   0.13412000E-03
22           41            0.40388900E-03   0.15642000E-03
24           24            0.13188200E-02   0.29522000E-03
24           25            0.10100900E-01   0.29608000E-03
24           27            0.25783900E-02   0.25344000E-03
24           29            0.95181100E-02   0.27337000E-03
24           30            0.31463600E-02   0.27802000E-03
24           41            0.19429400E-03   0.30032000E-03
25           25            0.41945600E-03   0.29694000E-03
25           27            0.14945000E-02   0.25430000E-03
25           29            0.17228000E-01   0.27423000E-03
25           30            0.12823600E-02   0.27888000E-03
25           41            0.95565700E-04   0.30118000E-03
27           27            0.25989000E-03   0.21166000E-03
27           29            0.42025600E-02   0.23159000E-03
27           30            0.67285400E-03   0.23624000E-03
27           41            0.34568500E-04   0.25854000E-03
29           29            0.84104100E-02   0.25152000E-03
29           30            0.23615300E-01   0.25617000E-03
29           41            0.11831300E-02   0.27847000E-03
30           30            0.11849900E-02   0.26082000E-03
30           41            0.19990600E-03   0.28312000E-03
 -1           -1           -1           -1
19           19           19           19
21           24            0.18579700E-01   0.11006000E-03
21           25            0.54566100E-01   0.11092000E-03
21           27            0.14611300E-01   0.68280000E-04
21           29            0.10868500E-01   0.88210000E-04
21           30            0.41490400E-01   0.92860000E-04
21           41            0.11036800E-02   0.11516000E-03
22           24            0.24427400E+00   0.11636000E-03
22           25            0.25162500E+00   0.11722000E-03
22           27            0.75474600E-01   0.74580000E-04
22           29            0.72934600E-01   0.94510000E-04
22           30            0.10776300E+00   0.99160000E-04
22           41            0.59162300E-02   0.12146000E-03
24           24            0.41504500E-03   0.26026000E-03
24           25            0.12943500E-01   0.26112000E-03
24           27            0.34629200E-02   0.21848000E-03
24           29            0.14989300E-02   0.23841000E-03
24           30            0.21892500E-01   0.24306000E-03
24           41            0.20501700E-03   0.26536000E-03
25           25            0.48713800E-02   0.26198000E-03
25           27            0.73464300E-02   0.21934000E-03
25           29            0.60325300E-02   0.23927000E-03
25           30            0.26511400E-01   0.24392000E-03
25           41            0.48214500E-03   0.26622000E-03
27           27            0.21460600E-04   0.17670000E-03
27           29            0.24343600E-03   0.19663000E-03
27           30            0.46610100E-02   0.20128000E-03
27           41            0.36789700E-05   0.22358000E-03
29           29            0.22208800E-04   0.21656000E-03
29           30            0.25438700E-02   0.22121000E-03
29           41            0.93129300E-05   0.24351000E-03
30           30            0.70375300E-02   0.22586000E-03
30           41            0.44215500E-03   0.24816000E-03
 -1           -1           -1           -1
21           21           21           21
22           24            0.47325700E-01   0.00000000E+00
22           25            0.45017600E-02   0.00000000E+00
22           41            0.23050100E-03   0.10100000E-05
24           24            0.12829800E+00   0.13981000E-03
24           25            0.44362600E+00   0.14067000E-03
24           27            0.68605000E-01   0.98030000E-04
24           29            0.56790300E-01   0.11796000E-03
24           30            0.89460800E-01   0.12261000E-03
24           41            0.53388500E-02   0.14491000E-03
25           25            0.30636900E-02   0.14153000E-03
25           27            0.47591300E-02   0.98890000E-04
25           29            0.12882900E-01   0.11882000E-03
25           30            0.42821400E-02   0.12347000E-03
25           41            0.31509700E-03   0.14577000E-03
27           27            0.82930400E-02   0.56250000E-04
27           29            0.74297900E-02   0.76180000E-04
27           30            0.88288700E-02   0.80830000E-04
27           41            0.71725800E-03   0.10313000E-03
29           29            0.17874600E-01   0.96110000E-04
29           30            0.56251500E-01   0.10076000E-03
29           41            0.22207700E-02   0.12306000E-03
30           30            0.26700500E-01   0.10541000E-03
30           41            0.21774200E-02   0.12771000E-03
 -1           -1           -1           -1
22           22           22           22
24           24            0.94603300E-02   0.13351000E-03
24           25            0.39675900E+00   0.13437000E-03
24           27            0.10990100E-01   0.91730000E-04
24           29            0.61081900E-02   0.11166000E-03
24           30            0.21769100E-01   0.11631000E-03
24           41            0.78039600E-03   0.13861000E-03
25           25            0.26094700E+00   0.13523000E-03
25           27            0.81263500E-01   0.92590000E-04
25           29            0.79056300E-01   0.11252000E-03
25           30            0.10351100E+00   0.11717000E-03
25           41            0.63580700E-02   0.13947000E-03
27           27            0.51084900E-02   0.49950000E-04
27           29            0.25546500E-02   0.69880000E-04
27           30            0.66240300E-02   0.74530000E-04
27           41            0.43473200E-03   0.96830000E-04
29           29            0.48931100E-03   0.89810000E-04
29           30            0.46745800E-02   0.94460000E-04
29           41            0.10437100E-03   0.11676000E-03
30           30            0.27145000E-02   0.99110000E-04
30           41            0.26428000E-03   0.12141000E-03
 -1           -1           -1           -1
27           27           27           27
29           41            0.40917100E+00   0.14640000E-04
30           41            0.58306200E+00   0.19290000E-04
41           41            0.77671200E-02   0.41590000E-04
 -1           -1           -1           -1
 -2           -2           -2           -2
