 1            1            1            1
 3            3            0.89167300E-02   0.22840200E-01
 3            5            0.10641800E-01   0.23144600E-01
 3            6            0.13050700E-01   0.23447600E-01
 3            8            0.31794100E-02   0.26946700E-01
 3           10            0.20289000E-02   0.27074900E-01
 3           11            0.25137200E-02   0.27132300E-01
 3           13            0.16800000E-03   0.27360600E-01
 3           14            0.18381400E-03   0.27372800E-01
 3           16            0.68413700E-03   0.27811100E-01
 3           18            0.41062500E-03   0.27856600E-01
 3           19            0.50550700E-03   0.27867900E-01
 3           21            0.30142800E-04   0.27942100E-01
 3           22            0.32860000E-04   0.27943800E-01
 3           27            0.10129900E-03   0.27981100E-01
 3           29            0.39284000E-04   0.27991300E-01
 3           30            0.46942800E-04   0.27992500E-01
 5            5            0.13339000E-02   0.23449000E-01
 5            6            0.28236800E-01   0.23752000E-01
 5            8            0.15731000E-02   0.27251100E-01
 5           10            0.45534100E-03   0.27379300E-01
 5           11            0.45328700E-02   0.27436700E-01
 5           13            0.20333100E-03   0.27665000E-01
 5           14            0.68165100E-03   0.27677200E-01
 5           16            0.32564700E-03   0.28115500E-01
 5           18            0.90426400E-04   0.28161000E-01
 5           19            0.88153200E-03   0.28172300E-01
 5           21            0.36072600E-04   0.28246500E-01
 5           22            0.12007300E-03   0.28248200E-01
 5           27            0.47931000E-04   0.28285500E-01
 5           29            0.86472800E-05   0.28295700E-01
 5           30            0.81532300E-04   0.28296900E-01
 6            6            0.14172100E-01   0.24055000E-01
 6            8            0.18906100E-02   0.27554100E-01
 6           10            0.44238200E-02   0.27682300E-01
 6           11            0.46735700E-02   0.27739700E-01
 6           13            0.81359600E-03   0.27968000E-01
 6           14            0.74983700E-03   0.27980200E-01
 6           16            0.38986600E-03   0.28418500E-01
 6           18            0.86448100E-03   0.28464000E-01
 6           19            0.91442200E-03   0.28475300E-01
 6           21            0.14403900E-03   0.28549500E-01
 6           22            0.13242800E-03   0.28551200E-01
 6           27            0.57319800E-04   0.28588500E-01
 6           29            0.82272900E-04   0.28598700E-01
 6           30            0.84497100E-04   0.28599900E-01
 8            8            0.27917800E-03   0.31053200E-01
 8           10            0.30264500E-03   0.31181400E-01
 8           11            0.36713800E-03   0.31238800E-01
 8           13            0.23223300E-04   0.31467100E-01
 8           14            0.24458900E-04   0.31479300E-01
 8           16            0.11982600E-03   0.31917600E-01
 8           18            0.61271700E-04   0.31963100E-01
 8           19            0.73871500E-04   0.31974400E-01
 8           21            0.42001000E-05   0.32048600E-01
 8           22            0.44471300E-05   0.32050300E-01
 8           27            0.17789100E-04   0.32087600E-01
 8           29            0.59295300E-05   0.32097800E-01
 8           30            0.69178000E-05   0.32099000E-01
10           10            0.37307000E-04   0.31309600E-01
10           11            0.72217200E-03   0.31367000E-01
10           13            0.24953800E-04   0.31595300E-01
10           14            0.83260200E-04   0.31607500E-01
10           16            0.62754800E-04   0.32045800E-01
10           18            0.14823300E-04   0.32091300E-01
10           19            0.14083500E-03   0.32102600E-01
10           21            0.44471700E-05   0.32176800E-01
10           22            0.14823300E-04   0.32178500E-01
10           27            0.91414500E-05   0.32215800E-01
10           29            0.14823300E-05   0.32226000E-01
10           30            0.13095800E-04   0.32227200E-01
11           11            0.38665200E-03   0.31424400E-01
11           13            0.10599000E-03   0.31652700E-01
11           14            0.95367600E-04   0.31664900E-01
11           16            0.75848000E-04   0.32103100E-01
11           18            0.14156700E-03   0.32148700E-01
11           19            0.15145300E-03   0.32160000E-01
11           21            0.18776600E-04   0.32234100E-01
11           22            0.16799300E-04   0.32235900E-01
11           27            0.11118200E-04   0.32273200E-01
11           29            0.13341400E-04   0.32283400E-01
11           30            0.14083200E-04   0.32284600E-01
13           14            0.12171700E-04   0.31893200E-01
13           16            0.44471600E-05   0.32331500E-01
13           18            0.44471600E-05   0.32377000E-01
13           19            0.18725500E-04   0.32388300E-01
13           22            0.21065700E-05   0.32464300E-01
13           27            0.70218600E-06   0.32501500E-01
13           29            0.46812700E-06   0.32511800E-01
13           30            0.16384300E-05   0.32512900E-01
14           14            0.28622700E-05   0.31905400E-01
14           16            0.47703500E-05   0.32343600E-01
14           18            0.15026500E-04   0.32389200E-01
14           19            0.17173800E-04   0.32400500E-01
14           21            0.21466500E-05   0.32474600E-01
14           22            0.95408900E-06   0.32476400E-01
14           27            0.71554800E-06   0.32513700E-01
14           29            0.14310500E-05   0.32523900E-01
14           30            0.16696100E-05   0.32525100E-01
16           16            0.12421700E-04   0.32781900E-01
16           18            0.12421700E-04   0.32827400E-01
16           19            0.14810900E-04   0.32838700E-01
16           21            0.71660300E-06   0.32912900E-01
16           22            0.95549700E-06   0.32914700E-01
16           27            0.35830700E-05   0.32951900E-01
16           29            0.11943200E-05   0.32962200E-01
16           30            0.14331600E-05   0.32963300E-01
18           18            0.13702200E-05   0.32872900E-01
18           19            0.25579100E-04   0.32884300E-01
18           21            0.68513100E-06   0.32958400E-01
18           22            0.25121800E-05   0.32960200E-01
18           27            0.18270600E-05   0.32997500E-01
18           29            0.22838200E-06   0.33007700E-01
18           30            0.22838200E-05   0.33008800E-01
19           19            0.13813400E-04   0.32895600E-01
19           21            0.32232300E-05   0.32969700E-01
19           22            0.29930400E-05   0.32971500E-01
19           27            0.20720900E-05   0.33008800E-01
19           29            0.25325700E-05   0.33019000E-01
19           30            0.25325700E-05   0.33020200E-01
21           22            0.49413400E-06   0.33045700E-01
21           27            0.24707100E-06   0.33082900E-01
21           30            0.24707100E-06   0.33094300E-01
22           27            0.24707200E-06   0.33084700E-01
22           29            0.24707200E-06   0.33095000E-01
22           30            0.24707200E-06   0.33096100E-01
27           27            0.24707200E-06   0.33122000E-01
27           29            0.24707200E-06   0.33132200E-01
27           30            0.24707200E-06   0.33133400E-01
29           30            0.24706900E-06   0.33143600E-01
 -1           -1           -1           -1
 3            3            3            3
 5           16            0.56426900E-01   0.11336000E-03
 5           18            0.40763500E-01   0.15887000E-03
 5           19            0.52561000E-01   0.17019000E-03
 5           21            0.12992200E-01   0.24436000E-03
 5           22            0.20857900E-01   0.24614000E-03
 5           27            0.81150800E-02   0.28339000E-03
 5           29            0.36913600E-02   0.29363000E-03
 5           30            0.46310000E-02   0.29477000E-03
 6           16            0.74315200E-01   0.41636000E-03
 6           18            0.32976500E-01   0.46187000E-03
 6           19            0.62373200E-01   0.47319000E-03
 6           21            0.59399700E-01   0.54736000E-03
 6           22            0.76263300E-01   0.54914000E-03
 6           27            0.10643400E-01   0.58639000E-03
 6           29            0.30389200E-02   0.59663000E-03
 6           30            0.56483200E-02   0.59777000E-03
 8            8            0.13331100E-01   0.30511000E-02
 8           10            0.26533100E-01   0.31793000E-02
 8           11            0.49151300E-01   0.32366900E-02
 8           13            0.39431900E-01   0.34650400E-02
 8           14            0.55836400E-01   0.34771900E-02
 8           16            0.49031300E-02   0.39154600E-02
 8           18            0.52661000E-02   0.39609700E-02
 8           19            0.96752100E-02   0.39722900E-02
 8           21            0.60631600E-02   0.40464600E-02
 8           22            0.85347000E-02   0.40482400E-02
 8           27            0.71121500E-03   0.40854900E-02
 8           29            0.50295800E-03   0.40957300E-02
 8           30            0.89862000E-03   0.40968700E-02
10           10            0.14817700E-03   0.33075000E-02
10           11            0.10516800E-02   0.33648900E-02
10           13            0.11245100E-02   0.35932400E-02
10           14            0.14565600E-01   0.36053900E-02
10           16            0.39187800E-02   0.40436600E-02
10           18            0.30434800E-04   0.40891700E-02
10           19            0.19541900E-03   0.41004900E-02
10           21            0.17700100E-03   0.41746600E-02
10           22            0.14872800E-02   0.41764400E-02
10           27            0.54301700E-03   0.42136900E-02
10           29            0.24026900E-05   0.42239300E-02
10           30            0.17619900E-04   0.42250700E-02
11           11            0.11397500E-02   0.34222800E-02
11           13            0.10269900E-01   0.36506300E-02
11           14            0.69936500E-02   0.36627800E-02
11           16            0.72588700E-02   0.41010500E-02
11           18            0.19542400E-03   0.41465600E-02
11           19            0.34279400E-03   0.41578800E-02
11           21            0.91385700E-03   0.42320500E-02
11           22            0.65197100E-03   0.42338300E-02
11           27            0.10067800E-02   0.42710800E-02
11           29            0.18421800E-04   0.42813200E-02
11           30            0.30435500E-04   0.42824600E-02
13           13            0.22314700E-02   0.38789800E-02
13           14            0.80456600E-01   0.38911300E-02
13           16            0.55249400E-02   0.43294000E-02
13           18            0.28993800E-03   0.43749100E-02
13           19            0.20391700E-02   0.43862300E-02
13           21            0.68000600E-03   0.44604000E-02
13           22            0.90594400E-02   0.44621800E-02
13           27            0.76009500E-03   0.44994300E-02
13           29            0.28833700E-04   0.45096700E-02
13           30            0.18902000E-03   0.45108100E-02
14           14            0.22691000E-01   0.39032800E-02
14           16            0.78685200E-02   0.43415500E-02
14           18            0.26382800E-02   0.43870600E-02
14           19            0.14585000E-02   0.43983800E-02
14           21            0.89760500E-02   0.44725500E-02
14           22            0.53447900E-02   0.44743300E-02
14           27            0.10844200E-02   0.45115800E-02
14           29            0.24829000E-03   0.45218200E-02
14           30            0.13695700E-03   0.45229600E-02
16           16            0.42850700E-03   0.47798200E-02
16           18            0.77931700E-03   0.48253300E-02
16           19            0.14304900E-02   0.48366500E-02
16           21            0.84659900E-03   0.49108200E-02
16           22            0.11965700E-02   0.49126000E-02
16           27            0.12335000E-03   0.49498500E-02
16           29            0.74488000E-04   0.49600900E-02
16           30            0.13295400E-03   0.49612300E-02
18           18            0.16018400E-05   0.48708400E-02
18           19            0.36841900E-04   0.48821600E-02
18           21            0.38443700E-04   0.49563300E-02
18           22            0.27791700E-03   0.49581100E-02
18           27            0.10811900E-03   0.49953600E-02
18           30            0.32036700E-05   0.50067400E-02
19           19            0.25266500E-04   0.48934800E-02
19           21            0.18949300E-03   0.49676500E-02
19           22            0.13974600E-03   0.49694300E-02
19           27            0.19581600E-03   0.50066800E-02
19           29            0.31582600E-05   0.50169200E-02
19           30            0.47373000E-05   0.50180600E-02
21           21            0.47968900E-04   0.50418200E-02
21           22            0.10592700E-02   0.50436000E-02
21           27            0.11402200E-03   0.50808500E-02
21           29            0.39317200E-05   0.50910900E-02
21           30            0.17299600E-04   0.50922300E-02
22           22            0.32630900E-03   0.50453800E-02
22           27            0.16237700E-03   0.50826300E-02
22           29            0.26010600E-04   0.50928700E-02
22           30            0.13400100E-04   0.50940100E-02
27           27            0.67877100E-05   0.51198800E-02
27           29            0.80224700E-05   0.51301200E-02
27           30            0.14192700E-04   0.51312600E-02
 -1           -1           -1           -1
 5            5            5            5
 6           16            0.11429400E-01   0.11196000E-03
 6           18            0.50468100E-01   0.15747000E-03
 6           19            0.17629400E-01   0.16879000E-03
 6           21            0.64281600E-01   0.24296000E-03
 6           22            0.23870400E-01   0.24474000E-03
 6           27            0.15372300E-02   0.28199000E-03
 6           29            0.45773800E-02   0.29223000E-03
 6           30            0.16260700E-02   0.29337000E-03
 8            8            0.10279400E-02   0.27467000E-02
 8           10            0.24894500E-01   0.28749000E-02
 8           11            0.24352300E-02   0.29322900E-02
 8           13            0.18380700E-02   0.31606400E-02
 8           14            0.35227800E-02   0.31727900E-02
 8           16            0.35135800E-03   0.36110600E-02
 8           18            0.34061300E-02   0.36565700E-02
 8           19            0.42612000E-03   0.36678900E-02
 8           21            0.20838800E-03   0.37420600E-02
 8           22            0.34108400E-03   0.37438400E-02
 8           27            0.50462300E-04   0.37810900E-02
 8           29            0.30650000E-03   0.37913300E-02
 8           30            0.38311200E-04   0.37924700E-02
10           10            0.24528700E-01   0.30031000E-02
10           11            0.76910500E-01   0.30604900E-02
10           13            0.41844500E-01   0.32888400E-02
10           14            0.71470300E-01   0.33009900E-02
10           16            0.54684700E-02   0.37392600E-02
10           18            0.83531000E-02   0.37847700E-02
10           19            0.14864800E-01   0.37960900E-02
10           21            0.64121300E-02   0.38702600E-02
10           22            0.10946400E-01   0.38720400E-02
10           27            0.81295100E-03   0.39092900E-02
10           29            0.78118800E-03   0.39195300E-02
10           30            0.13763400E-02   0.39206700E-02
11           11            0.20240500E-02   0.31178800E-02
11           13            0.50242200E-01   0.33462300E-02
11           14            0.67626500E-02   0.33583800E-02
11           16            0.45977300E-03   0.37966500E-02
11           18            0.10905600E-01   0.38421600E-02
11           19            0.66066800E-03   0.38534800E-02
11           21            0.66224900E-02   0.39276500E-02
11           22            0.83447100E-03   0.39294300E-02
11           27            0.66348900E-04   0.39666800E-02
11           29            0.98776600E-03   0.39769200E-02
11           30            0.59806100E-04   0.39780600E-02
13           13            0.45891700E-01   0.35745800E-02
13           14            0.19684400E+00   0.35867300E-02
13           16            0.40929500E-03   0.40250000E-02
13           18            0.59459400E-02   0.40705100E-02
13           19            0.91774300E-02   0.40818300E-02
13           21            0.12086100E-01   0.41560000E-02
13           22            0.27690900E-01   0.41577800E-02
13           27            0.60741000E-04   0.41950300E-02
13           29            0.54106200E-03   0.42052700E-02
13           30            0.84197000E-03   0.42064100E-02
14           14            0.93787600E-02   0.35988800E-02
14           16            0.64944400E-03   0.40371500E-02
14           18            0.90494200E-02   0.40826600E-02
14           19            0.11306700E-02   0.40939800E-02
14           21            0.22060300E-01   0.41681500E-02
14           22            0.24063200E-02   0.41699300E-02
14           27            0.93448500E-04   0.42071800E-02
14           29            0.80363900E-03   0.42174200E-02
14           30            0.10186300E-03   0.42185600E-02
16           16            0.31539300E-04   0.44754200E-02
16           18            0.81797800E-03   0.45209300E-02
16           19            0.87496500E-04   0.45322500E-02
16           21            0.48834900E-04   0.46064200E-02
16           22            0.70198700E-04   0.46082000E-02
16           27            0.91568000E-05   0.46454500E-02
16           29            0.73254000E-04   0.46556900E-02
16           30            0.81393700E-05   0.46568300E-02
18           18            0.64019100E-03   0.45664400E-02
18           19            0.19820100E-02   0.45777600E-02
18           21            0.84302600E-03   0.46519300E-02
18           22            0.13111200E-02   0.46537100E-02
18           27            0.10538000E-03   0.46909600E-02
18           29            0.11942600E-03   0.47012000E-02
18           30            0.18353500E-03   0.47023400E-02
19           19            0.51976100E-04   0.45890800E-02
19           21            0.11694900E-02   0.46632500E-02
19           22            0.13710600E-03   0.46650300E-02
19           27            0.11649900E-04   0.47022800E-02
19           29            0.18281200E-03   0.47125200E-02
19           30            0.98578000E-05   0.47136600E-02
21           21            0.77247400E-03   0.47374200E-02
21           22            0.31394800E-02   0.47392000E-02
21           27            0.64219700E-05   0.47764500E-02
21           29            0.79815900E-04   0.47866900E-02
21           30            0.11009300E-03   0.47878300E-02
22           22            0.14935700E-03   0.47409800E-02
22           27            0.89979200E-05   0.47782300E-02
22           29            0.11966800E-03   0.47884700E-02
22           30            0.12596800E-04   0.47896100E-02
27           27            0.78168700E-06   0.48154800E-02
27           29            0.85986000E-05   0.48257200E-02
27           30            0.78168700E-06   0.48268600E-02
29           29            0.56734600E-05   0.48359600E-02
29           30            0.17020500E-04   0.48371000E-02
 -1           -1           -1           -1
 6            6            6            6
 8            8            0.13531000E-02   0.24437000E-02
 8           10            0.97246900E-03   0.25719000E-02
 8           11            0.28883100E-01   0.26292900E-02
 8           13            0.28726900E-02   0.28576400E-02
 8           14            0.30899100E-02   0.28697900E-02
 8           16            0.46388200E-03   0.33080600E-02
 8           18            0.16037700E-03   0.33535700E-02
 8           19            0.39477000E-02   0.33648900E-02
 8           21            0.24261300E-03   0.34390600E-02
 8           22            0.24159100E-03   0.34408400E-02
 8           27            0.65981600E-04   0.34780900E-02
 8           29            0.15226900E-04   0.34883300E-02
 8           30            0.34615000E-03   0.34894700E-02
10           10            0.32178300E-03   0.27001000E-02
10           11            0.48123800E-01   0.27574900E-02
10           13            0.32736900E-02   0.29858400E-02
10           14            0.29201200E-01   0.29979900E-02
10           16            0.17966500E-03   0.34362600E-02
10           18            0.10658100E-03   0.34817700E-02
10           19            0.68103500E-02   0.34930900E-02
10           21            0.46795400E-03   0.35672600E-02
10           22            0.36380700E-02   0.35690400E-02
10           27            0.26392300E-04   0.36062900E-02
10           29            0.10150500E-04   0.36165300E-02
10           30            0.60094200E-03   0.36176700E-02
11           11            0.67724300E-01   0.28148800E-02
11           13            0.69185800E-01   0.30432300E-02
11           14            0.10472100E+00   0.30553800E-02
11           16            0.62796100E-02   0.34936500E-02
11           18            0.91773400E-02   0.35391600E-02
11           19            0.22648800E-01   0.35504800E-02
11           21            0.10235800E-01   0.36246500E-02
11           22            0.15277100E-01   0.36264300E-02
11           27            0.93290100E-03   0.36636800E-02
11           29            0.87096600E-03   0.36739200E-02
11           30            0.20555600E-02   0.36750600E-02
13           13            0.10118200E-01   0.32715800E-02
13           14            0.19401600E+00   0.32837300E-02
13           16            0.58163600E-03   0.37220000E-02
13           18            0.62020600E-03   0.37675100E-02
13           19            0.91595300E-02   0.37788300E-02
13           21            0.26695900E-02   0.38530000E-02
13           22            0.22060200E-01   0.38547800E-02
13           27            0.85266100E-04   0.38920300E-02
13           29            0.58873400E-04   0.39022700E-02
13           30            0.79986600E-03   0.39034100E-02
14           14            0.13177700E+00   0.32958800E-02
14           16            0.66690300E-03   0.37341500E-02
14           18            0.51962000E-02   0.37796600E-02
14           19            0.15490100E-01   0.37909800E-02
14           21            0.25888000E-01   0.38651500E-02
14           22            0.33321600E-01   0.38669300E-02
14           27            0.99477200E-04   0.39041800E-02
14           29            0.48824700E-03   0.39144200E-02
14           30            0.13815300E-02   0.39155600E-02
16           16            0.43874900E-04   0.41724200E-02
16           18            0.33750200E-04   0.42179300E-02
16           19            0.95401600E-03   0.42292500E-02
16           21            0.57373400E-04   0.43034200E-02
16           22            0.61876600E-04   0.43052000E-02
16           27            0.12375800E-04   0.43424500E-02
16           29            0.33750200E-05   0.43526900E-02
16           30            0.83252100E-04   0.43538300E-02
18           18            0.76496700E-05   0.42634400E-02
18           19            0.12210100E-02   0.42747600E-02
18           21            0.82231700E-04   0.43489300E-02
18           22            0.62630600E-03   0.43507100E-02
18           27            0.38245900E-05   0.43879600E-02
18           29            0.19123000E-05   0.43982000E-02
18           30            0.10805200E-03   0.43993400E-02
19           19            0.16933900E-02   0.42860800E-02
19           21            0.12537000E-02   0.43602500E-02
19           22            0.20629100E-02   0.43620300E-02
19           27            0.11813800E-03   0.43992800E-02
19           29            0.11345200E-03   0.44095200E-02
19           30            0.30567700E-03   0.44106600E-02
21           21            0.16843700E-03   0.44344200E-02
21           22            0.29701900E-02   0.44362000E-02
21           27            0.79736800E-05   0.44734500E-02
21           29            0.79736800E-05   0.44836900E-02
21           30            0.11661100E-03   0.44848300E-02
22           22            0.21666300E-02   0.44379800E-02
22           27            0.83176500E-05   0.44752300E-02
22           29            0.64460900E-04   0.44854700E-02
22           30            0.20377600E-03   0.44866100E-02
27           27            0.13781200E-05   0.45124800E-02
27           30            0.15160800E-04   0.45238600E-02
29           30            0.10058000E-04   0.45341000E-02
30           30            0.13852900E-04   0.45352400E-02
 -1           -1           -1           -1
 8            8            8            8
10           19            0.87915800E-01   0.00000000E+00
10           21            0.72145400E-01   0.68160000E-04
10           22            0.98756500E-01   0.69940000E-04
10           27            0.69708900E-02   0.10719000E-03
10           29            0.40040500E-02   0.11743000E-03
10           30            0.67359200E-02   0.11857000E-03
11           16            0.65816100E-01   0.00000000E+00
11           18            0.81497300E-01   0.40060000E-04
11           19            0.12556800E+00   0.51380000E-04
11           21            0.55949800E-01   0.12555000E-03
11           22            0.81787300E-01   0.12733000E-03
11           27            0.97769500E-02   0.16458000E-03
11           29            0.58705200E-02   0.17482000E-03
11           30            0.88662800E-02   0.17596000E-03
13           16            0.29737400E-01   0.22290000E-03
13           18            0.62178400E-02   0.26841000E-03
13           19            0.48419600E-02   0.27973000E-03
13           21            0.75753000E-02   0.35390000E-03
13           22            0.92399000E-02   0.35568000E-03
13           27            0.28147000E-02   0.39293000E-03
13           29            0.39586700E-03   0.40317000E-03
13           30            0.28745400E-03   0.40431000E-03
14           16            0.43489000E-01   0.23505000E-03
14           18            0.15759200E-02   0.28056000E-03
14           19            0.12204400E-01   0.29188000E-03
14           21            0.97445700E-02   0.36605000E-03
14           22            0.15371900E-01   0.36783000E-03
14           27            0.40973300E-02   0.40508000E-03
14           29            0.93112900E-04   0.41532000E-03
14           30            0.73018700E-03   0.41646000E-03
16           16            0.89174200E-02   0.67332000E-03
16           18            0.14268600E-01   0.71883000E-03
16           19            0.26293200E-01   0.73015000E-03
16           21            0.25074300E-01   0.80432000E-03
16           22            0.36524700E-01   0.80610000E-03
16           27            0.20006900E-02   0.84335000E-03
16           29            0.11032100E-02   0.85359000E-03
16           30            0.19330900E-02   0.85473000E-03
18           18            0.80836300E-03   0.76434000E-03
18           19            0.19666500E-02   0.77566000E-03
18           21            0.11392700E-02   0.84983000E-03
18           22            0.40327900E-03   0.85161000E-03
18           27            0.13011600E-02   0.88886000E-03
18           29            0.10488600E-03   0.89910000E-03
18           30            0.11754900E-03   0.90024000E-03
19           19            0.25297300E-02   0.78698000E-03
19           21            0.10358600E-02   0.86115000E-03
19           22            0.29366100E-02   0.86293000E-03
19           27            0.23111200E-02   0.90018000E-03
19           29            0.12492700E-03   0.91042000E-03
19           30            0.31926900E-03   0.91156000E-03
21           21            0.30903300E-03   0.93532000E-03
21           22            0.10440500E-02   0.93710000E-03
21           27            0.21850200E-02   0.97435000E-03
21           29            0.66344400E-04   0.98459000E-03
21           30            0.61104000E-04   0.98573000E-03
22           22            0.71893600E-03   0.93888000E-03
22           27            0.31958600E-02   0.97613000E-03
22           29            0.21919700E-04   0.98637000E-03
22           30            0.17711400E-03   0.98751000E-03
27           27            0.88315300E-04   0.10133800E-02
27           29            0.83078100E-04   0.10236200E-02
27           30            0.14669300E-03   0.10247600E-02
29           29            0.14680400E-05   0.10338600E-02
29           30            0.39147300E-05   0.10350000E-02
30           30            0.66822200E-05   0.10361400E-02
 -1           -1           -1           -1
10           10           10           10
11           21            0.20217200E-01   0.00000000E+00
11           22            0.50039900E-01   0.00000000E+00
11           27            0.77355600E-02   0.36380000E-04
11           29            0.51520600E-02   0.46620000E-04
11           30            0.61232600E-02   0.47760000E-04
13           16            0.12574700E+00   0.94700000E-04
13           18            0.12727400E+00   0.14021000E-03
13           19            0.18774100E+00   0.15153000E-03
13           21            0.50848400E-01   0.22570000E-03
13           22            0.53955400E-01   0.22748000E-03
13           27            0.16984200E-01   0.26473000E-03
13           29            0.87245300E-02   0.27497000E-03
13           30            0.13335800E-01   0.27611000E-03
14           16            0.21508500E-01   0.10685000E-03
14           18            0.15524800E+00   0.15236000E-03
14           19            0.16297600E-01   0.16368000E-03
14           21            0.34861600E-02   0.23785000E-03
14           22            0.67460900E-02   0.23963000E-03
14           27            0.19839900E-02   0.27688000E-03
14           29            0.90022400E-02   0.28712000E-03
14           30            0.10604200E-02   0.28826000E-03
16           16            0.72279900E-03   0.54512000E-03
16           18            0.10270400E-01   0.59063000E-03
16           19            0.16767800E-02   0.60195000E-03
16           21            0.36872700E-03   0.67612000E-03
16           22            0.10476100E-02   0.67790000E-03
16           27            0.15475100E-03   0.71515000E-03
16           29            0.56932800E-03   0.72539000E-03
16           30            0.11208400E-03   0.72653000E-03
18           18            0.72008000E-02   0.63614000E-03
18           19            0.22511000E-01   0.64746000E-03
18           21            0.18764500E-01   0.72163000E-03
18           22            0.31221900E-01   0.72341000E-03
18           27            0.13649000E-02   0.76066000E-03
18           29            0.96828300E-03   0.77090000E-03
18           30            0.16508100E-02   0.77204000E-03
19           19            0.64000000E-03   0.65878000E-03
19           21            0.19909800E-02   0.73295000E-03
19           22            0.14315500E-02   0.73473000E-03
19           27            0.16642900E-03   0.77198000E-03
19           29            0.13530400E-02   0.78222000E-03
19           30            0.80509300E-04   0.78336000E-03
21           21            0.64804700E-03   0.80712000E-03
21           22            0.15803000E-02   0.80890000E-03
21           27            0.44361100E-04   0.84615000E-03
21           29            0.10505300E-02   0.85639000E-03
21           30            0.11765300E-03   0.85753000E-03
22           22            0.19830500E-03   0.81068000E-03
22           27            0.54716600E-04   0.84793000E-03
22           29            0.91291900E-03   0.85817000E-03
22           30            0.41119300E-04   0.85931000E-03
27           27            0.69018000E-05   0.88518000E-03
27           29            0.63178200E-04   0.89542000E-03
27           30            0.90253900E-05   0.89656000E-03
29           29            0.15899600E-04   0.90566000E-03
29           30            0.59523000E-04   0.90680000E-03
30           30            0.16441500E-05   0.90794000E-03
 -1           -1           -1           -1
11           11           11           11
13           16            0.26981100E-01   0.37310000E-04
13           18            0.18422300E-01   0.82820000E-04
13           19            0.10949900E+00   0.94140000E-04
13           21            0.12857100E-01   0.16831000E-03
13           22            0.92952600E-02   0.17009000E-03
13           27            0.28286700E-02   0.20734000E-03
13           29            0.13378800E-02   0.21758000E-03
13           30            0.64391500E-02   0.21872000E-03
14           16            0.11810300E+00   0.49460000E-04
14           18            0.12234400E+00   0.94970000E-04
14           19            0.24263800E+00   0.10629000E-03
14           21            0.49317200E-01   0.18046000E-03
14           22            0.83195400E-01   0.18224000E-03
14           27            0.15928100E-01   0.21949000E-03
14           29            0.89845900E-02   0.22973000E-03
14           30            0.15822200E-01   0.23087000E-03
16           16            0.82280200E-03   0.48773000E-03
16           18            0.12008700E-02   0.53324000E-03
16           19            0.17379000E-01   0.54456000E-03
16           21            0.99298900E-03   0.61873000E-03
16           22            0.10896600E-02   0.62051000E-03
16           27            0.17597200E-03   0.65776000E-03
16           29            0.79286300E-04   0.66800000E-03
16           30            0.93208600E-03   0.66914000E-03
18           18            0.19447000E-03   0.57875000E-03
18           19            0.19110200E-01   0.59007000E-03
18           21            0.52433700E-03   0.66424000E-03
18           22            0.29411000E-02   0.66602000E-03
18           27            0.11439900E-03   0.70327000E-03
18           29            0.24785500E-04   0.71351000E-03
18           30            0.10362800E-02   0.71465000E-03
19           19            0.24595000E-01   0.60139000E-03
19           21            0.29964900E-01   0.67556000E-03
19           22            0.40785900E-01   0.67734000E-03
19           27            0.19656400E-02   0.71459000E-03
19           29            0.12889700E-02   0.72483000E-03
19           30            0.31390500E-02   0.72597000E-03
21           21            0.16720400E-03   0.74973000E-03
21           22            0.18224900E-02   0.75151000E-03
21           27            0.57379200E-04   0.78876000E-03
21           29            0.18509200E-04   0.79900000E-03
21           30            0.11907800E-02   0.80014000E-03
22           22            0.93650200E-03   0.75329000E-03
22           27            0.55538300E-04   0.79054000E-03
22           29            0.86618700E-04   0.80078000E-03
22           30            0.13303900E-02   0.80192000E-03
27           27            0.51507600E-05   0.82779000E-03
27           29            0.41206700E-05   0.83803000E-03
27           30            0.64382900E-04   0.83917000E-03
29           29            0.51507700E-06   0.84827000E-03
29           30            0.42751400E-04   0.84941000E-03
30           30            0.55628200E-04   0.85055000E-03
 -1           -1           -1           -1
13           13           13           13
14           29            0.33848900E-02   0.13800000E-05
14           30            0.10281100E-01   0.25200000E-05
16           16            0.68478700E-04   0.25938000E-03
16           18            0.63880300E-02   0.30489000E-03
16           19            0.53315700E-02   0.31621000E-03
16           21            0.11581200E+00   0.39038000E-03
16           22            0.16889400E-01   0.39216000E-03
16           27            0.29347400E-04   0.42941000E-03
16           29            0.39131300E-03   0.43965000E-03
16           30            0.23966200E-03   0.44079000E-03
18           18            0.18098300E-02   0.35040000E-03
18           19            0.17990400E-01   0.36172000E-03
18           21            0.91280100E-01   0.43589000E-03
18           22            0.80414600E-02   0.43767000E-03
18           27            0.40599200E-03   0.47492000E-03
18           29            0.24945500E-03   0.48516000E-03
18           30            0.10027800E-02   0.48630000E-03
19           19            0.70534700E-02   0.37304000E-03
19           21            0.20189000E+00   0.44721000E-03
19           22            0.78310600E-02   0.44899000E-03
19           27            0.42555000E-03   0.48624000E-03
19           29            0.10419100E-02   0.49648000E-03
19           30            0.76795700E-03   0.49762000E-03
21           21            0.14946600E+00   0.52138000E-03
21           22            0.30735100E+00   0.52316000E-03
21           27            0.13852200E-01   0.56041000E-03
21           29            0.70632100E-02   0.57065000E-03
21           30            0.14527200E-01   0.57179000E-03
22           22            0.50674900E-02   0.52494000E-03
22           27            0.11201800E-02   0.56219000E-03
22           29            0.42554700E-03   0.57243000E-03
22           30            0.46468000E-03   0.57357000E-03
27           29            0.29348000E-04   0.60968000E-03
27           30            0.19566000E-04   0.61082000E-03
29           29            0.35868700E-05   0.61992000E-03
29           30            0.46629100E-04   0.62106000E-03
30           30            0.19566000E-04   0.62220000E-03
 -1           -1           -1           -1
14           14           14           14
16           16            0.17531100E-03   0.24723000E-03
16           18            0.29512000E-02   0.29274000E-03
16           19            0.99004900E-02   0.30406000E-03
16           21            0.12545200E-01   0.37823000E-03
16           22            0.12330500E+00   0.38001000E-03
16           27            0.38958700E-04   0.41726000E-03
16           29            0.10713800E-03   0.42750000E-03
16           30            0.53568900E-03   0.42864000E-03
18           19            0.17897000E-01   0.34957000E-03
18           21            0.14073300E-02   0.42374000E-03
18           22            0.11325100E+00   0.42552000E-03
18           27            0.20941700E-03   0.46277000E-03
18           30            0.99347700E-03   0.47415000E-03
19           19            0.13227600E-01   0.36089000E-03
19           21            0.10426500E-01   0.43506000E-03
19           22            0.18700900E+00   0.43684000E-03
19           27            0.71589200E-03   0.47409000E-03
19           29            0.96912400E-03   0.48433000E-03
19           30            0.15096900E-02   0.48547000E-03
21           21            0.20794600E-02   0.50923000E-03
21           22            0.21371800E+00   0.51101000E-03
21           27            0.82300900E-03   0.54826000E-03
21           29            0.10226600E-03   0.55850000E-03
21           30            0.55516600E-03   0.55964000E-03
22           22            0.24723400E+00   0.51279000E-03
22           27            0.14311900E-01   0.55004000E-03
22           29            0.84786500E-02   0.56028000E-03
22           30            0.13553000E-01   0.56142000E-03
27           29            0.58275600E-05   0.59753000E-03
27           30            0.52447900E-04   0.59867000E-03
29           30            0.58439400E-04   0.60891000E-03
30           30            0.55251500E-04   0.61005000E-03
 -1           -1           -1           -1
16           16           16           16
18           27            0.71111800E-01   0.24500000E-04
18           29            0.33690800E-01   0.34740000E-04
18           30            0.78619800E-01   0.35880000E-04
19           21            0.79442200E-01   0.00000000E+00
19           22            0.19327100E+00   0.00000000E+00
19           27            0.96199000E-01   0.35820000E-04
19           29            0.66722900E-01   0.46060000E-04
19           30            0.91441900E-01   0.47200000E-04
21           21            0.47204700E-02   0.70960000E-04
21           22            0.81996000E-01   0.72740000E-04
21           27            0.25241500E-01   0.10999000E-03
21           29            0.24746600E-02   0.12023000E-03
21           30            0.13819100E-01   0.12137000E-03
22           22            0.29610900E-01   0.74520000E-04
22           27            0.39717400E-01   0.11177000E-03
22           29            0.12741700E-01   0.12201000E-03
22           30            0.12292300E-01   0.12315000E-03
27           27            0.13301500E-01   0.14902000E-03
27           29            0.11163600E-01   0.15926000E-03
27           30            0.19572400E-01   0.16040000E-03
29           29            0.19766400E-02   0.16950000E-03
29           30            0.12035500E-01   0.17064000E-03
30           30            0.87710100E-02   0.17178000E-03
 -1           -1           -1           -1
18           18           18           18
19           29            0.25379100E-02   0.55000000E-06
19           30            0.38356200E-02   0.16900000E-05
21           21            0.16152400E+00   0.25450000E-04
21           22            0.75554500E+00   0.27230000E-04
21           27            0.14822000E-01   0.64480000E-04
21           29            0.76748000E-02   0.74720000E-04
21           30            0.15407800E-01   0.75860000E-04
22           22            0.26052800E-01   0.29010000E-04
22           27            0.19317100E-02   0.66260000E-04
22           29            0.77657100E-02   0.76500000E-04
22           30            0.16788900E-02   0.77640000E-04
27           27            0.17089900E-04   0.10351000E-03
27           29            0.42809400E-03   0.11375000E-03
27           30            0.51377500E-04   0.11489000E-03
29           29            0.13567000E-03   0.12399000E-03
29           30            0.48993200E-03   0.12513000E-03
30           30            0.15508100E-04   0.12627000E-03
 -1           -1           -1           -1
19           19           19           19
21           21            0.24433800E-01   0.14130000E-04
21           22            0.57018000E+00   0.15910000E-04
21           27            0.15881800E-02   0.53160000E-04
21           29            0.92128800E-03   0.63400000E-04
21           30            0.41072500E-02   0.64540000E-04
22           22            0.36977500E+00   0.17690000E-04
22           27            0.97229500E-02   0.54940000E-04
22           29            0.69869700E-02   0.65180000E-04
22           30            0.11395000E-01   0.66320000E-04
27           27            0.57342300E-06   0.92190000E-04
27           29            0.24179700E-04   0.10243000E-03
27           30            0.42814700E-03   0.10357000E-03
29           29            0.18004200E-05   0.11267000E-03
29           30            0.17942000E-03   0.11381000E-03
30           30            0.22934000E-03   0.11495000E-03
 -1           -1           -1           -1
21           21           21           21
27           27            0.26687300E+00   0.18020000E-04
27           29            0.22967100E+00   0.28260000E-04
27           30            0.15976700E+00   0.29400000E-04
29           29            0.84384400E-01   0.38500000E-04
29           30            0.21254600E+00   0.39640000E-04
30           30            0.46758100E-01   0.40780000E-04
 -1           -1           -1           -1
22           22           22           22
27           27            0.25020000E+00   0.16240000E-04
27           29            0.17316700E+00   0.26480000E-04
27           30            0.31138200E+00   0.27620000E-04
29           29            0.11911900E-01   0.36720000E-04
29           30            0.10655800E+00   0.37860000E-04
30           30            0.14678000E+00   0.39000000E-04
 -1           -1           -1           -1
 -2           -2           -2           -2
