7.81e-06 0.0076807 480
480
7.81e-06 9.46433e-10
7.85236e-06 9.3259e-10
7.96e-06 8.92215e-10
8.22243e-06 7.95722e-10
8.5e-06 7.01871e-10
8.77e-06 6.18264e-10
9.01571e-06 5.48196e-10
9.22571e-06 4.92794e-10
9.44061e-06 4.40083e-10
9.65e-06 3.92343e-10
9.85e-06 3.49959e-10
1.005e-05 3.10601e-10
1.02329e-05 2.77148e-10
1.042e-05 2.4535e-10
1.06e-05 2.16954e-10
1.077e-05 1.92051e-10
1.0927e-05 1.70645e-10
1.105e-05 1.54918e-10
1.12e-05 1.3694e-10
1.131e-05 1.24578e-10
1.142e-05 1.12894e-10
1.154e-05 1.00907e-10
1.165e-05 9.05999e-11
1.1771e-05 7.99996e-11
1.1885e-05 7.07019e-11
1.1995e-05 6.23589e-11
1.207e-05 5.70146e-11
1.21619e-05 5.08463e-11
1.226e-05 4.47049e-11
1.235e-05 3.94757e-11
1.242e-05 3.56721e-11
1.25e-05 3.16023e-11
1.258e-05 2.78255e-11
1.265e-05 2.4758e-11
1.272e-05 2.19097e-11
1.277e-05 2.00077e-11
1.282e-05 1.82154e-11
1.28825e-05 1.61281e-11
1.295e-05 1.40627e-11
1.302e-05 1.21262e-11
1.31e-05 1.01664e-11
1.31826e-05 8.42377e-12
1.332e-05 6.14497e-12
1.337e-05 5.50623e-12
1.342e-05 4.96788e-12
1.346e-05 4.60897e-12
1.34896e-05 4.38403e-12
1.3523e-05 4.17222e-12
1.355e-05 4.0329e-12
1.358e-05 3.91156e-12
1.361e-05 3.82533e-12
1.364e-05 3.77404e-12
1.3665e-05 3.75791e-12
1.369e-05 3.76587e-12
1.371e-05 3.78954e-12
1.372e-05 3.81085e-12
1.372e-05 5.27918e-09
1.374e-05 5.29976e-09
1.377e-05 5.33071e-09
1.38e-05 5.36185e-09
1.382e-05 5.38266e-09
1.385e-05 5.41404e-09
1.3885e-05 5.4508e-09
1.392e-05 5.48778e-09
1.393e-05 5.4984e-09
1.393e-05 9.14305e-09
1.397e-05 9.21323e-09
1.402e-05 9.30149e-09
1.41254e-05 9.48954e-09
1.423e-05 9.68867e-09
1.432e-05 9.86242e-09
1.435e-05 9.92081e-09
1.4404e-05 1.00296e-08
1.447e-05 1.01637e-08
1.455e-05 1.0328e-08
1.46218e-05 1.0477e-08
1.47e-05 1.06494e-08
1.47911e-05 1.08527e-08
1.487e-05 1.10367e-08
1.49624e-05 1.1255e-08
1.507e-05 1.15132e-08
1.51356e-05 1.16726e-08
1.518e-05 1.17861e-08
1.53e-05 1.20969e-08
1.53109e-05 1.21254e-08
1.5401e-05 1.237e-08
1.55e-05 1.26428e-08
1.56e-05 1.29227e-08
1.57e-05 1.32071e-08
1.585e-05 1.3658e-08
1.59e-05 1.38107e-08
1.6e-05 1.41274e-08
1.615e-05 1.46123e-08
1.63e-05 1.51091e-08
1.645e-05 1.56338e-08
1.65e-05 1.58116e-08
1.66e-05 1.61792e-08
1.68e-05 1.69332e-08
1.69824e-05 1.76429e-08
1.7e-05 1.77143e-08
1.71791e-05 1.8453e-08
1.7234e-05 1.86881e-08
1.75e-05 1.9858e-08
1.77828e-05 2.11603e-08
1.8e-05 2.22241e-08
1.83e-05 2.37815e-08
1.86209e-05 2.55357e-08
1.9e-05 2.7769e-08
1.935e-05 2.99829e-08
1.98e-05 3.30211e-08
2e-05 3.44426e-08
2.01837e-05 3.58073e-08
2.02e-05 3.59316e-08
2.07e-05 3.99012e-08
2.13e-05 4.50927e-08
2.19e-05 5.07799e-08
2.25e-05 5.69944e-08
2.31739e-05 6.46434e-08
2.4e-05 7.5054e-08
2.48313e-05 8.67675e-08
2.58e-05 1.02113e-07
2.60016e-05 1.05514e-07
2.69153e-05 1.21921e-07
2.81838e-05 1.47814e-07
2.95121e-05 1.78501e-07
3.01995e-05 1.96146e-07
3.0903e-05 2.15046e-07
3.23e-05 2.56572e-07
3.23594e-05 2.5844e-07
3.27341e-05 2.70251e-07
3.42768e-05 3.2312e-07
3.45e-05 3.31211e-07
3.46737e-05 3.37532e-07
3.63078e-05 4.01396e-07
3.65e-05 4.09289e-07
3.67282e-05 4.18674e-07
3.85e-05 4.96911e-07
3.9355e-05 5.36699e-07
4.02717e-05 5.81818e-07
4.07e-05 6.03351e-07
4.21697e-05 6.80234e-07
4.22e-05 6.81888e-07
4.3e-05 7.25612e-07
4.4157e-05 7.91126e-07
4.51856e-05 8.51179e-07
4.65e-05 9.31013e-07
4.73151e-05 9.81635e-07
4.9e-05 1.09005e-06
5e-05 1.15616e-06
5.188e-05 1.28484e-06
5.3e-05 1.36343e-06
5.30884e-05 1.36964e-06
5.5e-05 1.50839e-06
5.62341e-05 1.59992e-06
5.7544e-05 1.69894e-06
5.82103e-05 1.7507e-06
5.95662e-05 1.8562e-06
6.23735e-05 2.0823e-06
6.38264e-05 2.20212e-06
6.68344e-05 2.45827e-06
6.8e-05 2.55935e-06
6.83912e-05 2.59378e-06
7.16143e-05 2.88241e-06
7.226e-05 2.94095e-06
7.226e-05 3.21914e-06
7.27e-05 3.26113e-06
7.32824e-05 3.31605e-06
7.36e-05 3.34575e-06
7.4131e-05 3.39473e-06
7.417e-05 3.39834e-06
7.417e-05 3.54132e-06
7.45e-05 3.57269e-06
7.49894e-05 3.61871e-06
7.58578e-05 3.70021e-06
7.59e-05 3.70413e-06
7.67362e-05 3.78159e-06
7.7e-05 3.80559e-06
7.81e-05 3.90587e-06
7.85236e-05 3.94471e-06
8e-05 4.07964e-06
8.08e-05 4.15389e-06
8.12831e-05 4.1996e-06
8.22243e-05 4.28956e-06
8.23e-05 4.29663e-06
8.31764e-05 4.38001e-06
8.35e-05 4.41118e-06
8.41395e-05 4.4739e-06
8.45e-05 4.50873e-06
8.4853e-05 4.54316e-06
8.61e-05 4.66761e-06
8.73e-05 4.79142e-06
8.7389e-05 4.80079e-06
8.81049e-05 4.87689e-06
8.85e-05 4.91792e-06
8.91251e-05 4.98428e-06
8.95e-05 5.02426e-06
9.01571e-05 5.09586e-06
9.07e-05 5.15422e-06
9.19e-05 5.28673e-06
9.22571e-05 5.32672e-06
9.33254e-05 5.44882e-06
9.4e-05 5.52474e-06
9.45e-05 5.58203e-06
9.54993e-05 5.69802e-06
9.58e-05 5.73247e-06
9.72e-05 5.89693e-06
9.8e-05 5.99254e-06
9.88553e-05 6.09661e-06
9.9e-05 6.11432e-06
0.0001 6.23466e-06
0.000101158 6.37683e-06
0.000103514 6.66712e-06
0.000104 6.72835e-06
0.000104713 6.81918e-06
0.000108 7.23553e-06
0.00010969 7.45184e-06
0.00010969 7.88334e-06
0.000110918 8.05583e-06
0.000112202 8.23343e-06
0.000115 8.63011e-06
0.000119 9.20577e-06
0.0001205 9.42241e-06
0.000123027 9.79308e-06
0.000124452 1.00031e-05
0.000126 1.02342e-05
0.00013 1.08276e-05
0.000130317 1.08758e-05
0.000131826 1.1106e-05
0.000135 1.1589e-05
0.000136458 1.1815e-05
0.00014 1.23599e-05
0.000141254 1.25561e-05
0.000146218 1.33356e-05
0.000152 1.42478e-05
0.000153109 1.44242e-05
0.000154882 1.47047e-05
0.000156675 1.49922e-05
0.000158489 1.52863e-05
0.000160324 1.55809e-05
0.000165 1.63309e-05
0.000165959 1.64865e-05
0.00016788 1.67917e-05
0.000172 1.74549e-05
0.00017378 1.77387e-05
0.000177828 1.83848e-05
0.00018 1.87297e-05
0.000182 1.90483e-05
0.000185 1.95246e-05
0.000188365 2.00534e-05
0.00019 2.03122e-05
0.000192753 2.0749e-05
0.000194984 2.10948e-05
0.0002 2.18859e-05
0.000204174 2.25378e-05
0.000206538 2.2904e-05
0.000212 2.37517e-05
0.000213796 2.4032e-05
0.000216272 2.44134e-05
0.000223872 2.55843e-05
0.000226464 2.59816e-05
0.00023 2.6527e-05
0.000234423 2.72041e-05
0.000237137 2.76151e-05
0.000245 2.88142e-05
0.000245471 2.88853e-05
0.000251189 2.97446e-05
0.000260016 3.10755e-05
0.000266073 3.19668e-05
0.00027227 3.2881e-05
0.000273 3.29883e-05
0.000278612 3.38119e-05
0.000285102 3.4754e-05
0.000288403 3.52323e-05
0.000298538 3.66905e-05
0.0003 3.69017e-05
0.000305492 3.76707e-05
0.000316228 3.91785e-05
0.000323594 4.02091e-05
0.000328 4.08171e-05
0.000331131 4.12471e-05
0.000334965 4.17693e-05
0.000350752 4.39382e-05
0.000358922 4.50295e-05
0.00036 4.51722e-05
0.000371535 4.66981e-05
0.000380189 4.78578e-05
0.000389045 4.90121e-05
0.00039355 4.9594e-05
0.0004 5.04199e-05
0.000412098 5.19694e-05
0.000421697 5.31745e-05
0.000436516 5.50073e-05
0.00044157 5.56286e-05
0.00045 5.66621e-05
0.000462381 5.81455e-05
0.000473151 5.94264e-05
0.000484172 6.07354e-05
0.000489779 6.13968e-05
0.00049545 6.20623e-05
0.000506991 6.3382e-05
0.000537032 6.6797e-05
0.00054 6.71334e-05
0.00054325 6.74899e-05
0.000549541 6.81764e-05
0.000555904 6.88655e-05
0.000588844 7.23936e-05
0.0006 7.35577e-05
0.00060256 7.38229e-05
0.000609537 7.45408e-05
0.00062 7.5601e-05
0.000645654 7.81852e-05
0.000653131 7.89168e-05
0.000668344 8.04074e-05
0.000676083 8.11604e-05
0.000716143 8.49776e-05
0.00074131 8.72644e-05
0.000749894 8.80459e-05
0.00075 8.80554e-05
0.000758578 8.88137e-05
0.00079229 9.17844e-05
0.00079229 0.000249696
0.00079246 0.000254274
0.0007928 0.00026521
0.0007931 0.000274474
0.0007934 0.000283481
0.0007939 0.000297775
0.000794328 0.000309407
0.0007947 0.000319085
0.0007952 0.000331567
0.0007958 0.000345685
0.0007965 0.000361068
0.0007972 0.000375409
0.000798 0.000390614
0.0007987 0.000402925
0.0007997 0.000418999
0.0008007 0.000433429
0.0008018 0.000447546
0.000803 0.000461031
0.0008045 0.000475362
0.00080592 0.000486629
0.0008072 0.000495102
0.00080754 0.000496899
0.00080754 0.000577026
0.0008077 0.000580073
0.00080805 0.000587707
0.00080835 0.000594066
0.00080865 0.00060028
0.000809 0.000607297
0.0008091 0.000609212
0.00080955 0.000617323
0.00081 0.000625198
0.0008106 0.000635249
0.0008108 0.000638421
0.0008111 0.000642919
0.0008118 0.000652883
0.0008124 0.000661007
0.000813 0.000668765
0.0008137 0.000676695
0.0008145 0.000685199
0.000815 0.000690115
0.00081537 0.000693533
0.0008164 0.000702177
0.0008175 0.000710521
0.000818 0.0007139
0.0008187 0.000718088
0.0008198 0.000723824
0.0008212 0.00073012
0.000822243 0.000734017
0.0008228 0.000736117
0.00082369 0.000738843
0.0008243 0.000740727
0.0008265 0.000746053
0.000829 0.00075049
0.000831764 0.000753994
0.000835 0.000756873
0.000841395 0.000760726
0.000851138 0.000766575
0.000878 0.000782585
0.000881049 0.000783941
0.000905 0.000794444
0.000912011 0.000797053
0.000922571 0.000800955
0.00092295 0.000801125
0.00092295 0.000908544
0.000944061 0.000922186
0.000954993 0.000929659
0.00097 0.000939898
0.000985 0.000950069
0.00101158 0.000967516
0.00102329 0.000974913
0.00107152 0.00100474
0.00108393 0.00101238
0.00109648 0.00101996
0.00113501 0.0010431
0.00114815 0.00105094
0.00115 0.00105199
0.00121619 0.00108808
0.00123027 0.00109566
0.0012735 0.00111889
0.00128825 0.00112588
0.00136458 0.00116169
0.00138038 0.00116901
0.00145 0.00119814
0.00146218 0.00120321
0.00151356 0.00122449
0.00154882 0.00123902
0.00156675 0.00124608
0.00162181 0.00126769
0.00164059 0.00127452
0.0016788 0.0012879
0.00171791 0.00130123
0.0017378 0.00130798
0.00177828 0.00132161
0.0017955 0.00132737
0.0018 0.00132879
0.0018197 0.00133482
0.00194984 0.00137441
0.00195 0.00137447
0.00201837 0.0013943
0.00204174 0.00140105
0.00205 0.00140343
0.0020893 0.00141472
0.00215 0.0014303
0.00218776 0.00143961
0.00229087 0.00146477
0.00231739 0.00147121
0.00237137 0.00148427
0.00242661 0.00149661
0.00248313 0.00150921
0.0025 0.00151293
0.00260016 0.0015339
0.00263027 0.00154018
0.00269154 0.00155291
0.0027227 0.00155897
0.0028 0.00157347
0.00281838 0.00157676
0.00288403 0.00158842
0.00291743 0.00159436
0.00295121 0.00160031
0.003 0.0016089
0.00309029 0.00162473
0.0031989 0.00164265
0.00334965 0.00166497
0.00338844 0.00167072
0.00342768 0.00167652
0.00354813 0.00169416
0.00363078 0.00170555
0.00367282 0.00171113
0.00380189 0.0017272
0.00384592 0.00173269
0.004 0.00175185
0.0040738 0.00176096
0.00412097 0.00176644
0.00416869 0.00177194
0.0042658 0.00178199
0.00431519 0.0017871
0.00436516 0.00179229
0.00467735 0.00182469
0.0047863 0.00183519
0.0048 0.00183651
0.00484172 0.00184017
0.00489779 0.00184492
0.005 0.0018536
0.00530884 0.00187993
0.0054325 0.00189046
0.00555904 0.0019005
0.00562341 0.0019051
0.00568853 0.00190976
0.00609537 0.00193798
0.00630957 0.00195289
0.00638264 0.00195764
0.00645654 0.00196245
0.00653131 0.0019668
0.00668344 0.00197563
0.007 0.00199356
0.00732824 0.00201225
0.0074131 0.00201677
0.00749894 0.0020208
0.00758578 0.00202488
0.0076807 0.00202935
