0.074066 0.60256 16 0
0.074066 0.986787
0.076 0.999092
0.077 1.00836
0.0793 1.01919
0.083 1.04446
0.0901571 1.07853
0.102329 1.13956
0.133352 1.25212
0.234423 1.50348
0.281838 1.60605
0.327341 1.70518
0.375837 1.81415
0.421696 1.92189
0.47863 2.06246
0.537032 2.21393
0.60256 2.39339
0.01295 0.645654 28 1
0.01295 0.0194508
0.0132 0.0199151
0.01357 0.0206596
0.0139 0.021288
0.01435 0.0222522
0.0158 0.0249865
0.0169 0.0272047
0.018 0.0292602
0.0206538 0.0340757
0.0260016 0.0430584
0.0291743 0.0479189
0.0331131 0.0537152
0.039 0.0615227
0.0436516 0.0671806
0.0506991 0.0749778
0.060256 0.0842721
0.0716143 0.0938192
0.0851138 0.103557
0.101158 0.113428
0.123027 0.124807
0.156675 0.13924
0.263027 0.174598
0.319889 0.191434
0.375837 0.207932
0.436516 0.226151
0.501187 0.246175
0.568853 0.268072
0.645654 0.294044
0.012424 0.609537 24 2
0.012424 0.0341434
0.01252 0.0344268
0.01267 0.0345804
0.0128 0.0348442
0.0138038 0.0361159
0.0164059 0.0387121
0.0186209 0.040258
0.0237137 0.0428098
0.0301995 0.0445606
0.0375837 0.0455635
0.0467735 0.0460747
0.0582103 0.0461744
0.075 0.0459211
0.142889 0.0446745
0.177828 0.0445404
0.216272 0.0447478
0.254097 0.0452391
0.295121 0.0460384
0.338844 0.0471343
0.384592 0.0485061
0.436516 0.0502991
0.489779 0.0523682
0.549541 0.0549312
0.609537 0.0577399
0.010877 0.609537 25 3
0.010877 0.0521991
0.0111 0.0523712
0.01125 0.052692
0.0120226 0.0537359
0.0146218 0.0561456
0.0165 0.0570927
0.0211349 0.0583264
0.0269154 0.0583069
0.0334965 0.057427
0.040738 0.056056
0.0501187 0.0541181
0.0616595 0.0518098
0.0785236 0.0488458
0.144544 0.0414966
0.18 0.0393641
0.211349 0.0381227
0.245471 0.0372663
0.281838 0.0367637
0.319889 0.0365821
0.35909 0.0366797
0.402717 0.0370629
0.446684 0.0376757
0.49545 0.0385724
0.549541 0.0398042
0.609537 0.0413964
0.00303 0.623735 34 4
0.00303 0.000718679
0.00323594 0.000806431
0.00345 0.000895713
0.00367282 0.000995773
0.00389045 0.00108915
0.00501187 0.00159391
0.00537032 0.00175817
0.00668344 0.00235731
0.0074131 0.00268726
0.00870964 0.00327337
0.0104 0.00401912
0.011749 0.00460036
0.0136458 0.00539673
0.0164059 0.00650504
0.0197242 0.00776252
0.0234423 0.009081
0.0275423 0.0104335
0.0323594 0.0118999
0.0375837 0.0133591
0.044157 0.0150272
0.0524807 0.016911
0.0616595 0.0187468
0.0732824 0.0207838
0.0881049 0.0230188
0.107152 0.0254471
0.136458 0.0285677
0.16788 0.0313591
0.251189 0.0374773
0.312608 0.0415631
0.371535 0.0454132
0.42658 0.0490655
0.489779 0.053384
0.555904 0.0580676
0.623735 0.063082
0.0027902 0.60256 40 5
0.0027902 0.000904465
0.002885 0.000969517
0.00323594 0.00119504
0.0034 0.00130058
0.00371535 0.00149898
0.0040738 0.00172639
0.0045 0.00199469
0.00484172 0.00220277
0.00530884 0.00247043
0.006 0.0028628
0.00645654 0.00310581
0.0075 0.00362599
0.00812831 0.0039173
0.00933254 0.00442946
0.0102329 0.00477922
0.011749 0.00530778
0.0130317 0.00570188
0.0147911 0.00618218
0.0169824 0.0066896
0.0192753 0.00713567
0.0218776 0.00756064
0.0251189 0.00799289
0.029 0.0084025
0.0334965 0.00876889
0.0389045 0.00909904
0.0457088 0.00939767
0.0537032 0.00963655
0.0653131 0.00985197
0.0822243 0.0100252
0.108393 0.0101531
0.164059 0.0103057
0.206538 0.0104609
0.248313 0.0106608
0.291743 0.0109199
0.334965 0.0112229
0.380189 0.0115833
0.431519 0.0120411
0.484172 0.0125582
0.54325 0.0131892
0.60256 0.0138747
0.0024517 0.660694 41 6
0.0024517 0.00187761
0.00258 0.00202101
0.00288403 0.00238134
0.00309029 0.00261647
0.00358922 0.0031716
0.0039 0.00351218
0.00421696 0.00384083
0.00506991 0.00465422
0.0055 0.00503724
0.00638264 0.00574603
0.007 0.00620096
0.00812831 0.00693417
0.00901571 0.00743926
0.0102329 0.00804866
0.0116145 0.00863175
0.013 0.0091288
0.0149624 0.00970433
0.0173 0.0102358
0.0199526 0.0106881
0.023 0.0110639
0.0265 0.0113587
0.0305492 0.0115717
0.0354813 0.0117062
0.0412098 0.0117505
0.0484172 0.0117045
0.057544 0.0115602
0.0683912 0.0113345
0.0841395 0.0109826
0.112202 0.0104123
0.165959 0.00965161
0.204174 0.00933608
0.239883 0.00915679
0.275423 0.00906685
0.312608 0.00904575
0.350752 0.00908556
0.39355 0.0091898
0.436516 0.0093477
0.484172 0.0095731
0.537032 0.00987581
0.595662 0.0102647
0.660694 0.0107515
0.0020445 0.645654 49 7
0.0020445 0.00197903
0.002106 0.00227528
0.002163 0.00256791
0.002178 0.0026407
0.00223 0.00292333
0.0022535 0.00303505
0.00232 0.00335214
0.00237137 0.00357978
0.0024 0.0036526
0.00242661 0.00371209
0.00269154 0.00387382
0.00295121 0.00399926
0.00327341 0.00411388
0.0036146 0.0041953
0.004 0.0042486
0.0044 0.00428234
0.0053 0.0042699
0.00582103 0.00423285
0.00676083 0.00414171
0.00767361 0.00402692
0.00860994 0.0039042
0.01 0.0037133
0.0114815 0.00351325
0.0128825 0.00333501
0.0147911 0.003111
0.0171791 0.00286125
0.02 0.00260641
0.0234423 0.00234472
0.0275423 0.00208921
0.0323594 0.0018482
0.0389045 0.00159389
0.0484172 0.00132551
0.0645654 0.0010301
0.103514 0.000678466
0.12735 0.000568529
0.153109 0.000489274
0.177828 0.000435687
0.20893 0.000387745
0.234423 0.000358876
0.260016 0.000337047
0.285102 0.00032092
0.327341 0.000299619
0.363078 0.000286473
0.402717 0.000275756
0.446684 0.000267386
0.49545 0.00026125
0.54325 0.000257542
0.595662 0.000255747
0.645654 0.000256416
0.0019709 0.60256 48 8
0.0019709 0.00396553
0.002043 0.0042222
0.00218 0.00479294
0.00222 0.00495566
0.00223872 0.00502142
0.00226 0.00510857
0.00251189 0.00532965
0.0028 0.00551981
0.00309029 0.00565838
0.00342768 0.00576245
0.00384592 0.0058291
0.00421696 0.00586098
0.00467735 0.00583923
0.00530884 0.00578476
0.00595662 0.00568057
0.00668344 0.00555049
0.00767361 0.00534554
0.00860994 0.00514521
0.0098 0.00489207
0.0112202 0.00460173
0.012735 0.00431339
0.0145 0.00400809
0.0165959 0.00368667
0.0190546 0.00335958
0.0218776 0.0030403
0.0251189 0.00273275
0.0291743 0.00241797
0.0342768 0.00210364
0.0402717 0.00181762
0.0489779 0.00151091
0.0638264 0.00116604
0.103514 0.000721751
0.125892 0.000598346
0.147911 0.000516185
0.171791 0.000452997
0.194985 0.000408537
0.204174 0.000394854
0.237137 0.000355666
0.263027 0.000333175
0.291743 0.000314371
0.323594 0.000298875
0.354813 0.000287692
0.389045 0.000278859
0.42658 0.00027236
0.467735 0.000268104
0.506991 0.000266201
0.549541 0.000266045
0.60256 0.000267833
0.00064803 0.623735 44 9
0.00064803 1.61349e-05
0.000685 1.85112e-05
0.000712 2.02362e-05
0.00074131 2.20435e-05
0.000773 2.42044e-05
0.000891251 3.27363e-05
0.000933254 3.59336e-05
0.00113501 5.21091e-05
0.00123027 6.03035e-05
0.00142889 7.80595e-05
0.00158489 9.28002e-05
0.0018197 0.000115643
0.00204174 0.000138143
0.0024 0.000175515
0.0027227 0.000210067
0.00316228 0.000258181
0.00375837 0.00032452
0.00446684 0.000404183
0.00537032 0.000506174
0.00638264 0.000620012
0.00758578 0.000754113
0.00912011 0.000922408
0.0110917 0.00113329
0.0133352 0.00136503
0.016 0.00162813
0.0190546 0.00191383
0.0226464 0.00222972
0.0269154 0.00257826
0.031989 0.00295937
0.0380189 0.00337212
0.0451856 0.00381363
0.0537032 0.00428052
0.0638264 0.0047693
0.0767362 0.00531194
0.0912011 0.00583256
0.113501 0.00651206
0.147911 0.00737812
0.251189 0.00933363
0.312608 0.0103548
0.371535 0.0113167
0.42658 0.0122287
0.489779 0.0133062
0.555904 0.0144742
0.623735 0.0157234
0.00054607 0.623735 54 10
0.00054607 7.9927e-06
0.000635 1.24423e-05
0.000724436 1.8126e-05
0.000776247 2.18605e-05
0.000851138 2.78004e-05
0.00092 3.38071e-05
0.000988553 4.02404e-05
0.00105 4.62893e-05
0.00113501 5.50128e-05
0.00124452 6.69812e-05
0.00133352 7.72005e-05
0.00145 9.09887e-05
0.00161 0.000110822
0.00175792 0.00012983
0.00195 0.000155155
0.00215 0.000182303
0.00237137 0.000212681
0.00265 0.000251477
0.00295121 0.000293455
0.00327341 0.000338308
0.00367282 0.000393177
0.00412097 0.00045359
0.00462381 0.000519551
0.005188 0.000590922
0.00582103 0.000667651
0.00660693 0.000757908
0.0075 0.000853942
0.00860994 0.000964149
0.0098 0.00107192
0.0110917 0.00117791
0.0125892 0.00128814
0.0142889 0.00139868
0.0164059 0.0015181
0.0186209 0.00162486
0.0213796 0.00173672
0.0245471 0.00184268
0.0281838 0.0019413
0.0327341 0.00203853
0.0380189 0.00212478
0.0446684 0.00220503
0.0524807 0.00227168
0.0630957 0.00233112
0.0785236 0.00238365
0.102329 0.0024279
0.16788 0.00248908
0.20893 0.00253285
0.251189 0.00258843
0.295121 0.0026573
0.342768 0.00274309
0.389045 0.00283696
0.44157 0.00295533
0.5 0.00310018
0.562341 0.00326877
0.623735 0.00344805
0.00046623 0.616595 54 11
0.00046623 2.37265e-05
0.000537032 3.40086e-05
0.000555904 3.69195e-05
0.000635 5.00571e-05
0.000707946 6.33456e-05
0.000776247 7.68213e-05
0.000851138 9.25188e-05
0.000922571 0.00010804
0.00103514 0.000133485
0.00113501 0.000157147
0.00124452 0.000183619
0.0014 0.000222328
0.00153109 0.000255564
0.0017378 0.000308708
0.00192753 0.000357755
0.00218776 0.000425019
0.00245471 0.000493163
0.00275423 0.000568475
0.00315 0.000665022
0.00354813 0.000758292
0.00398107 0.000855445
0.00451856 0.000969512
0.005188 0.00110159
0.00595662 0.00124061
0.00683912 0.00138502
0.00785236 0.001533
0.00891251 0.00166997
0.0101158 0.0018065
0.0114815 0.00194028
0.0130317 0.00206953
0.0149624 0.00220211
0.0169824 0.0023141
0.0192753 0.00241498
0.0221309 0.00251087
0.0254097 0.00259073
0.0291743 0.00265348
0.0334965 0.00269844
0.0389045 0.00272716
0.0451856 0.00273543
0.0530884 0.00272349
0.0630957 0.00268955
0.0767362 0.00262959
0.0966051 0.00253828
0.175792 0.00228145
0.211349 0.00222143
0.248313 0.00218544
0.285102 0.0021702
0.323594 0.00217126
0.363078 0.00218673
0.40738 0.00221823
0.451856 0.00226247
0.501187 0.00232333
0.555904 0.00240314
0.616595 0.00250469
0.00029708 0.645654 93 12
0.00029708 4.15313e-06
0.0003007 4.2477e-06
0.0003022 4.27018e-06
0.0003035 4.26341e-06
0.0003065 4.19282e-06
0.00030903 4.16394e-06
0.000313 4.15808e-06
0.000318 4.18172e-06
0.00032258 4.22947e-06
0.000327341 4.31089e-06
0.000332 4.42367e-06
0.000337 4.5811e-06
0.000341 4.73439e-06
0.000346737 4.99685e-06
0.00035226 5.29628e-06
0.000358922 5.71734e-06
0.000365 6.15692e-06
0.000374 6.90576e-06
0.000385 7.98505e-06
0.000416869 1.20901e-05
0.000428 1.38093e-05
0.000443 1.63181e-05
0.000457088 1.88722e-05
0.000473151 2.20098e-05
0.000489779 2.55006e-05
0.000506991 2.93316e-05
0.000524808 3.34927e-05
0.000545 3.8431e-05
0.000565 4.35436e-05
0.000588844 4.9894e-05
0.00061 5.57068e-05
0.000638263 6.37095e-05
0.00067 7.30259e-05
0.0007 8.21091e-05
0.000732825 9.22456e-05
0.000767361 0.000103037
0.000812831 0.000117425
0.000860994 0.00013291
0.000912011 0.000149419
0.00097 0.000168097
0.00103514 0.000188917
0.00111 0.00021271
0.0011885 0.00023711
0.00128825 0.000267173
0.00138038 0.000294156
0.00147911 0.00032182
0.00161 0.000356714
0.0017378 0.000388792
0.00190546 0.000427679
0.00207 0.000462756
0.00226464 0.000500199
0.002469 0.000535431
0.0027227 0.000573708
0.00298538 0.000607737
0.0033 0.000642255
0.00367282 0.000675371
0.0040738 0.000703368
0.00446684 0.000724692
0.0049545 0.000744318
0.00555904 0.000760447
0.00623735 0.000770379
0.00691831 0.000774125
0.00776247 0.000772446
0.00870964 0.000764965
0.00966051 0.000753718
0.01095 0.000734225
0.0123027 0.000711275
0.0139637 0.000681742
0.0158489 0.000648274
0.0179887 0.000611848
0.0204174 0.000573449
0.0234423 0.000530342
0.027227 0.000483386
0.0316228 0.00043724
0.0371535 0.00038948
0.044157 0.000341509
0.054325 0.000289276
0.0724436 0.000227549
0.110918 0.000158864
0.136458 0.000134257
0.16788 0.000114383
0.194985 0.000102613
0.221309 9.42765e-05
0.251189 8.72422e-05
0.285102 8.13497e-05
0.319889 7.68726e-05
0.358922 7.31746e-05
0.4 7.03738e-05
0.44157 6.83781e-05
0.489779 6.68214e-05
0.54325 6.57658e-05
0.595662 6.53165e-05
0.645654 6.54591e-05
0.00028229 0.616595 97 13
0.00028229 5.76709e-06
0.0002836 5.63022e-06
0.0002855 5.47692e-06
0.000287 5.38604e-06
0.000289 5.29742e-06
0.000291743 5.22038e-06
0.000295121 5.17215e-06
0.0002995 5.15455e-06
0.000303 5.16969e-06
0.0003065 5.21533e-06
0.00031 5.2952e-06
0.000314 5.42931e-06
0.000318 5.60855e-06
0.000322 5.83204e-06
0.000326 6.0988e-06
0.000331131 6.50189e-06
0.000337 7.04142e-06
0.000343 7.67239e-06
0.000353 8.8888e-06
0.000367282 1.09829e-05
0.00039355 1.59801e-05
0.000405 1.85569e-05
0.000416869 2.14388e-05
0.000428 2.43197e-05
0.00044157 2.80572e-05
0.000457088 3.26288e-05
0.000473151 3.7681e-05
0.000489779 4.32069e-05
0.000508 4.95429e-05
0.000524808 5.56221e-05
0.000545 6.32215e-05
0.000565 7.10165e-05
0.00059 8.10452e-05
0.00062 9.34961e-05
0.000653131 0.000107752
0.000685 0.000121834
0.000716143 0.000135789
0.00075 0.000151101
0.000794328 0.00017139
0.000841395 0.000193195
0.000891251 0.000216276
0.000954993 0.000245582
0.00102329 0.000276764
0.00109648 0.000309541
0.0011749 0.00034379
0.00127 0.000384148
0.00136458 0.000422556
0.00147911 0.000466976
0.00160325 0.000512291
0.00175792 0.000564635
0.00190546 0.000610538
0.0020893 0.000662372
0.00226464 0.000706739
0.00251189 0.000761731
0.00275423 0.000807589
0.003 0.000847759
0.00334965 0.000894523
0.00371535 0.000932755
0.0040738 0.000961821
0.0045 0.000987795
0.00501187 0.00100891
0.00562341 0.00102312
0.00630957 0.0010289
0.007 0.00102691
0.0078 0.00101773
0.00870964 0.00100151
0.00977237 0.000977453
0.0109648 0.000946981
0.0123027 0.000910744
0.0138038 0.00086973
0.0154882 0.000824944
0.0175792 0.000772448
0.02 0.000716928
0.0229087 0.000657624
0.0263027 0.000597724
0.0305492 0.000534665
0.0354813 0.000474622
0.0416869 0.000414374
0.0501187 0.000351971
0.0630957 0.000284405
0.109648 0.000168316
0.134896 0.000138962
0.156675 0.000121813
0.179887 0.000108644
0.201837 9.94195e-05
0.226464 9.16555e-05
0.251189 8.57528e-05
0.278612 8.07703e-05
0.30903 7.6622e-05
0.342768 7.32387e-05
0.375837 7.085e-05
0.412098 6.90209e-05
0.451856 6.77388e-05
0.489779 6.70762e-05
0.530884 6.68633e-05
0.57544 6.71001e-05
0.616595 6.76849e-05
6.621e-05 0.60256 124 14
6.621e-05 5.9039e-08
6.65e-05 6.23425e-08
6.68344e-05 6.58588e-08
6.72e-05 6.95289e-08
6.77e-05 7.42735e-08
6.815e-05 7.83108e-08
6.87e-05 8.30048e-08
6.92e-05 8.7093e-08
6.99842e-05 9.31365e-08
7.07946e-05 9.90179e-08
7.16143e-05 1.04692e-07
7.27e-05 1.11826e-07
7.4e-05 1.19889e-07
7.5e-05 1.25801e-07
7.67362e-05 1.35674e-07
7.9e-05 1.48161e-07
8.31764e-05 1.72149e-07
8.51138e-05 1.84776e-07
8.70964e-05 1.99441e-07
8.9e-05 2.15815e-07
9.07e-05 2.32817e-07
9.23e-05 2.51283e-07
9.4e-05 2.7394e-07
9.5884e-05 3.03233e-07
9.8e-05 3.4198e-07
0.00010009 3.87082e-07
0.000102329 4.43612e-07
0.000105 5.23137e-07
0.00011 7.11075e-07
0.000119 1.19883e-06
0.000124452 1.60521e-06
0.000130317 2.15294e-06
0.000135 2.68186e-06
0.00014 3.34296e-06
0.000145 4.10702e-06
0.00015 4.97414e-06
0.000154882 5.91793e-06
0.00016 7.00801e-06
0.000165 8.16686e-06
0.0001705 9.54271e-06
0.000176 1.10211e-05
0.000182 1.27516e-05
0.000188365 1.47248e-05
0.000195 1.69322e-05
0.000201837 1.93588e-05
0.00020893 2.20179e-05
0.00021788 2.55685e-05
0.000226464 2.91377e-05
0.000235 3.28164e-05
0.000245471 3.74756e-05
0.00025704 4.27854e-05
0.000269154 4.85079e-05
0.000281838 5.46562e-05
0.000295121 6.12289e-05
0.00031 6.86784e-05
0.000323594 7.54812e-05
0.000338844 8.30322e-05
0.000358922 9.28101e-05
0.000380189 0.000102981
0.000402717 0.00011347
0.000428 0.000124749
0.000451856 0.000134837
0.00047863 0.000145423
0.000512861 0.000157963
0.00054325 0.000168246
0.00058 0.000179409
0.00062 0.00019019
0.000668344 0.000201395
0.000716143 0.000210974
0.000767361 0.000219391
0.000822243 0.000226881
0.000901571 0.000235153
0.00097 0.000240263
0.00105925 0.000244823
0.00116145 0.000247615
0.0012735 0.000248377
0.00138038 0.000247557
0.0015 0.0002453
0.00165 0.000241074
0.0018197 0.000235017
0.00201837 0.000227025
0.00223872 0.000217533
0.00248313 0.00020701
0.00275423 0.000195649
0.00305492 0.000183632
0.00338844 0.000171138
0.00380189 0.000157046
0.0042658 0.000143003
0.0047863 0.000129245
0.00537032 0.000115968
0.0060256 0.000103334
0.00683912 9.03318e-05
0.00776247 7.83456e-05
0.00881049 6.74111e-05
0.01 5.7538e-05
0.0113501 4.87269e-05
0.0128825 4.09636e-05
0.0147911 3.36357e-05
0.0169824 2.74071e-05
0.0199526 2.14097e-05
0.0237137 1.63145e-05
0.0285102 1.21139e-05
0.0334965 9.26417e-06
0.042658 6.13978e-06
0.0732824 2.42058e-06
0.0901571 1.70603e-06
0.104713 1.33307e-06
0.123027 1.02971e-06
0.142889 8.15948e-07
0.16788 6.39516e-07
0.188365 5.41321e-07
0.204174 4.84348e-07
0.226464 4.23368e-07
0.251189 3.72862e-07
0.278612 3.30744e-07
0.30903 2.95432e-07
0.342768 2.65716e-07
0.375837 2.4346e-07
0.40738 2.26928e-07
0.446684 2.11125e-07
0.49545 1.96128e-07
0.54325 1.84323e-07
0.582103 1.76934e-07
0.60256 1.73841e-07
6.326e-05 0.623735 124 15
6.326e-05 7.7714e-08
6.35e-05 8.10571e-08
6.39e-05 8.61381e-08
6.43e-05 9.09218e-08
6.48e-05 9.6524e-08
6.53131e-05 1.01956e-07
6.6e-05 1.08754e-07
6.68344e-05 1.165e-07
6.77e-05 1.24034e-07
6.88e-05 1.33039e-07
7e-05 1.42329e-07
7.15e-05 1.53379e-07
7.32824e-05 1.6597e-07
7.58578e-05 1.83785e-07
8.03526e-05 2.1693e-07
8.23e-05 2.33617e-07
8.41395e-05 2.51591e-07
8.57e-05 2.69032e-07
8.73e-05 2.89484e-07
8.9e-05 3.14592e-07
9.07e-05 3.43749e-07
9.23e-05 3.75391e-07
9.4e-05 4.13992e-07
9.58e-05 4.61014e-07
9.8e-05 5.27891e-07
0.0001 5.98414e-07
0.000103514 7.46763e-07
0.000115 1.48676e-06
0.0001205 2.00698e-06
0.000126 2.65684e-06
0.000131826 3.5043e-06
0.000136458 4.30415e-06
0.000141254 5.25448e-06
0.000146218 6.36945e-06
0.000151356 7.66068e-06
0.000156 8.94341e-06
0.000160324 1.02326e-05
0.000165959 1.20447e-05
0.000172 1.41483e-05
0.000178 1.63988e-05
0.000185 1.92249e-05
0.000193 2.27174e-05
0.000201837 2.68932e-05
0.00020893 3.04495e-05
0.000216272 3.43079e-05
0.000223872 3.84609e-05
0.000233 4.36167e-05
0.000242661 4.9228e-05
0.000254097 5.60522e-05
0.000266073 6.34119e-05
0.00028 7.22085e-05
0.000295121 8.19376e-05
0.00031 9.15793e-05
0.000327341 0.000102783
0.000343 0.000112757
0.000363078 0.000125275
0.000385 0.000138663
0.00040738 0.000151936
0.000431519 0.000165542
0.00046 0.000180619
0.000489779 0.000195226
0.000524808 0.00021099
0.000555904 0.000223824
0.00059 0.000236354
0.000635 0.000250956
0.000683912 0.000264417
0.000732825 0.000275925
0.000785236 0.000285832
0.000851138 0.000295935
0.000933254 0.000305055
0.00101158 0.000310748
0.00108393 0.00031431
0.00119 0.000316687
0.00131826 0.000316351
0.00145 0.000313429
0.00160325 0.0003079
0.00175792 0.000300738
0.00192753 0.000291884
0.00211349 0.000281707
0.00234423 0.000268653
0.00260016 0.000254275
0.00288403 0.000238929
0.0031989 0.000222989
0.00354813 0.000206735
0.00398107 0.000188625
0.00446684 0.000170789
0.00501187 0.000153483
0.00562341 0.000136921
0.00638264 0.000119825
0.00716143 0.000105409
0.00803526 9.21005e-05
0.00901571 7.99379e-05
0.0101158 6.89159e-05
0.0114815 5.8083e-05
0.0130317 4.85833e-05
0.0153109 3.83761e-05
0.0177828 3.05615e-05
0.0206538 2.41569e-05
0.0239883 1.89584e-05
0.0266072 1.59497e-05
0.0316245 1.18563e-05
0.0389045 8.23785e-06
0.0716143 2.77172e-06
0.0881049 1.92721e-06
0.104713 1.43375e-06
0.121619 1.11733e-06
0.139637 8.93741e-07
0.164059 6.94414e-07
0.18197 5.94296e-07
0.199526 5.20769e-07
0.216272 4.6678e-07
0.237137 4.15131e-07
0.260016 3.72008e-07
0.281838 3.40217e-07
0.30903 3.09506e-07
0.338844 2.83701e-07
0.375837 2.59148e-07
0.40738 2.43072e-07
0.44157 2.29684e-07
0.467735 2.21805e-07
0.501187 2.1407e-07
0.537032 2.07882e-07
0.582103 2.02362e-07
0.623735 1.98988e-07
9.812e-05 0.623735 68 16
9.812e-05 6.75238e-08
9.98e-05 6.71813e-08
0.0001005 6.7265e-08
0.000102 6.79612e-08
0.000103514 6.92457e-08
0.000105 7.0958e-08
0.000107 7.38498e-08
0.000109 7.73547e-08
0.000111 8.14014e-08
0.000113501 8.71375e-08
0.000117 9.62774e-08
0.000122 1.11354e-07
0.000135 1.59557e-07
0.000141254 1.86322e-07
0.000148 2.17083e-07
0.000154882 2.50224e-07
0.000162181 2.87165e-07
0.000172 3.39732e-07
0.000184077 4.09189e-07
0.000199526 5.06278e-07
0.000215 6.12319e-07
0.00023 7.21961e-07
0.000245471 8.40568e-07
0.000265 9.97193e-07
0.00029 1.20912e-06
0.00032 1.48153e-06
0.000350752 1.77881e-06
0.000385 2.12581e-06
0.000431519 2.62269e-06
0.000489779 3.28825e-06
0.00055 4.01603e-06
0.000645654 5.24892e-06
0.00075 6.6879e-06
0.000891251 8.77485e-06
0.00108393 1.18335e-05
0.00131826 1.58229e-05
0.00158489 2.06465e-05
0.00190546 2.67462e-05
0.00231739 3.49256e-05
0.00278612 4.4539e-05
0.00334965 5.6375e-05
0.00402717 7.0815e-05
0.00484172 8.83052e-05
0.00588844 0.000110791
0.00716143 0.000137912
0.00870964 0.000170359
0.0105925 0.000208884
0.0128825 0.00025418
0.0154882 0.000303499
0.0186209 0.000359676
0.0223872 0.00042295
0.0266072 0.000488798
0.0316228 0.000560907
0.0375837 0.000639018
0.0451856 0.000728548
0.0524807 0.000806201
0.0623735 0.000898878
0.0749894 0.00100168
0.0891251 0.00110062
0.110918 0.00122964
0.144544 0.00139389
0.251189 0.00178228
0.312608 0.00197739
0.371535 0.00216114
0.42658 0.00233537
0.489779 0.00254127
0.555904 0.00276442
0.623735 0.00300305
6.601e-05 0.630957 88 17
6.601e-05 4.07121e-07
6.65e-05 4.27504e-07
6.7e-05 4.46098e-07
6.77e-05 4.6844e-07
6.85e-05 4.89807e-07
6.92e-05 5.05799e-07
7e-05 5.2112e-07
7.11e-05 5.38376e-07
7.23e-05 5.53101e-07
7.35e-05 5.64139e-07
7.5e-05 5.73678e-07
7.67362e-05 5.80008e-07
7.85236e-05 5.82436e-07
8.08e-05 5.80946e-07
8.31764e-05 5.75486e-07
8.65e-05 5.63535e-07
9.12011e-05 5.42754e-07
0.000105925 4.81475e-07
0.000113501 4.58171e-07
0.000122 4.38081e-07
0.000130317 4.23368e-07
0.000138038 4.13643e-07
0.000145 4.08022e-07
0.000152 4.05249e-07
0.000158489 4.05123e-07
0.000165959 4.07729e-07
0.00017378 4.13395e-07
0.000182 4.22357e-07
0.000190546 4.34678e-07
0.000199526 4.50692e-07
0.00020893 4.70665e-07
0.000219 4.95694e-07
0.00023 5.27272e-07
0.00024 5.59795e-07
0.000251189 6.00409e-07
0.000266073 6.61048e-07
0.000281838 7.32917e-07
0.000301995 8.35334e-07
0.000327341 9.79877e-07
0.000367282 1.24137e-06
0.000506991 2.44301e-06
0.000595662 3.40126e-06
0.000683912 4.48435e-06
0.000785236 5.86474e-06
0.000901571 7.61119e-06
0.00103514 9.7944e-06
0.0011885 1.25007e-05
0.00135 1.55398e-05
0.00153109 1.91297e-05
0.00171791 2.29895e-05
0.00194984 2.79467e-05
0.00221309 3.3717e-05
0.00251189 4.03703e-05
0.00285102 4.79732e-05
0.00323594 5.65831e-05
0.00367282 6.62113e-05
0.00416869 7.69023e-05
0.00473151 8.86718e-05
0.00537032 0.000101508
0.00609537 0.000115378
0.00691831 0.000130225
0.00785236 0.000145953
0.00891251 0.000162436
0.0101158 0.000179543
0.0116145 0.000198749
0.0133352 0.00021829
0.0151356 0.000236219
0.017378 0.000255444
0.02 0.00027443
0.0231739 0.000293193
0.027227 0.000312564
0.0338844 0.0003376
0.039355 0.000353281
0.0446684 0.000364209
0.05188 0.000374713
0.0623735 0.000384703
0.0767362 0.000393263
0.1 0.000400921
0.179887 0.000414492
0.221309 0.000422163
0.263027 0.000431629
0.305492 0.000442976
0.350752 0.00045682
0.4 0.000473786
0.451856 0.000493581
0.506991 0.00051654
0.568853 0.000544453
0.630957 0.000574726
5.315e-05 0.609537 85 18
5.315e-05 4.91195e-07
5.37032e-05 5.10213e-07
5.4325e-05 5.27701e-07
5.5e-05 5.43188e-07
5.57e-05 5.56085e-07
5.6518e-05 5.68122e-07
5.7544e-05 5.79411e-07
5.88844e-05 5.89396e-07
6.0256e-05 5.95398e-07
6.16595e-05 5.98175e-07
6.38264e-05 5.97609e-07
6.607e-05 5.92709e-07
6.91831e-05 5.81549e-07
8.12831e-05 5.31327e-07
8.60994e-05 5.17492e-07
9.01571e-05 5.09636e-07
9.44061e-05 5.04953e-07
9.9e-05 5.03655e-07
0.000103514 5.05916e-07
0.000108393 5.12112e-07
0.000112202 5.19562e-07
0.000117 5.32123e-07
0.000122 5.48902e-07
0.00012735 5.70908e-07
0.000133 5.98572e-07
0.00013904 6.32964e-07
0.000145 6.71521e-07
0.000153109 7.30751e-07
0.000162181 8.05309e-07
0.00017378 9.12077e-07
0.000188365 1.06291e-06
0.00020893 1.30497e-06
0.00030302 2.78529e-06
0.00035 3.70725e-06
0.000402717 4.85761e-06
0.000462381 6.29068e-06
0.000524808 7.91611e-06
0.00060256 1.00955e-05
0.000683912 1.2538e-05
0.000785236 1.57681e-05
0.000901571 1.96977e-05
0.00104713 2.48721e-05
0.00120226 3.06216e-05
0.00138038 3.74463e-05
0.00160325 4.61936e-05
0.0018197 5.4796e-05
0.0020893 6.55038e-05
0.00239883 7.77083e-05
0.0027227 9.02495e-05
0.00309029 0.000104099
0.00350752 0.000119242
0.004 0.000136287
0.00457088 0.000154905
0.005188 0.000173686
0.00588844 0.000193401
0.00668344 0.000213919
0.00758578 0.000234951
0.00870964 0.000258224
0.00988553 0.000279612
0.0112202 0.000300694
0.012735 0.000321125
0.0144544 0.000340584
0.0164059 0.0003587
0.0188365 0.000376725
0.0213796 0.000391226
0.0245471 0.000404551
0.0281838 0.000415214
0.0327341 0.000423752
0.0380189 0.000429115
0.044157 0.000431251
0.05188 0.00043019
0.0609537 0.000426052
0.0732824 0.000417945
0.0922571 0.000404534
0.16788 0.000364163
0.206538 0.000353359
0.242661 0.000347376
0.278612 0.000344616
0.316228 0.000344401
0.358922 0.000346769
0.402717 0.000351526
0.446684 0.00035828
0.49545 0.000367648
0.549541 0.000380027
0.609537 0.000395819
1.079e-05 0.645654 141 19
1.079e-05 3.92835e-09
1.115e-05 4.54843e-09
1.16145e-05 5.50616e-09
1.21619e-05 6.88938e-09
1.31826e-05 1.03132e-08
1.51356e-05 2.07245e-08
1.64059e-05 3.09327e-08
1.75792e-05 4.33013e-08
1.86209e-05 5.69382e-08
1.95e-05 7.05217e-08
2.04174e-05 8.67525e-08
2.11349e-05 1.00875e-07
2.19e-05 1.17232e-07
2.27e-05 1.35623e-07
2.35e-05 1.55082e-07
2.42661e-05 1.74505e-07
2.51189e-05 1.9674e-07
2.60016e-05 2.20032e-07
2.66072e-05 2.35939e-07
2.73e-05 2.53848e-07
2.81838e-05 2.75966e-07
2.9e-05 2.95441e-07
2.98538e-05 3.14667e-07
3.08e-05 3.34471e-07
3.16228e-05 3.50318e-07
3.27341e-05 3.69585e-07
3.4e-05 3.8873e-07
3.50752e-05 4.02782e-07
3.65e-05 4.18603e-07
3.80189e-05 4.32454e-07
3.98107e-05 4.45543e-07
4.16869e-05 4.56227e-07
4.4157e-05 4.66572e-07
4.67735e-05 4.7389e-07
5e-05 4.78899e-07
5.30884e-05 4.80145e-07
5.65e-05 4.77853e-07
6e-05 4.72053e-07
6.30957e-05 4.64382e-07
6.65e-05 4.53538e-07
7e-05 4.40398e-07
7.4131e-05 4.23109e-07
7.85236e-05 4.03312e-07
8.31764e-05 3.8179e-07
8.81049e-05 3.59122e-07
9.33254e-05 3.35679e-07
0.0001 3.07342e-07
0.000106 2.83425e-07
0.000113501 2.55936e-07
0.000121619 2.29063e-07
0.000145 1.69949e-07
0.000152 1.57908e-07
0.000156675 1.51372e-07
0.000162 1.45449e-07
0.000167 1.41357e-07
0.0001705 1.3933e-07
0.000174 1.37994e-07
0.000178 1.37321e-07
0.000182 1.3756e-07
0.000186209 1.38791e-07
0.000190546 1.41099e-07
0.000195 1.44564e-07
0.000199526 1.4922e-07
0.000204174 1.55192e-07
0.00020893 1.62541e-07
0.000213796 1.71335e-07
0.000219 1.82146e-07
0.000225 1.96403e-07
0.000231739 2.14679e-07
0.00024 2.40228e-07
0.00025177 2.8244e-07
0.000295121 4.92668e-07
0.000316228 6.23865e-07
0.000334965 7.54453e-07
0.000354813 9.06349e-07
0.000375837 1.08166e-06
0.0004 1.30013e-06
0.000421697 1.50983e-06
0.000446684 1.76621e-06
0.00047555 2.08013e-06
0.000506991 2.44086e-06
0.00054325 2.87731e-06
0.000582103 3.36598e-06
0.000623735 3.90995e-06
0.000668344 4.51181e-06
0.000724436 5.29003e-06
0.000785236 6.15297e-06
0.000851138 7.1025e-06
0.000922571 8.1388e-06
0.001 9.26086e-06
0.00108393 1.04688e-05
0.0011749 1.17582e-05
0.0012735 1.31232e-05
0.00139637 1.4767e-05
0.00153109 1.64874e-05
0.0016788 1.82697e-05
0.00184077 2.0094e-05
0.00201837 2.19391e-05
0.00221309 2.37811e-05
0.00242661 2.55989e-05
0.00266073 2.7369e-05
0.00291743 2.90689e-05
0.00323594 3.08711e-05
0.00358922 3.25283e-05
0.00398107 3.4014e-05
0.0044157 3.53112e-05
0.00489779 3.63892e-05
0.0054325 3.72446e-05
0.0060256 3.78446e-05
0.00668344 3.82129e-05
0.00749894 3.83329e-05
0.00831764 3.81816e-05
0.00933254 3.77351e-05
0.0104713 3.70204e-05
0.011749 3.60677e-05
0.0131826 3.49021e-05
0.0149624 3.34033e-05
0.0169824 3.17088e-05
0.0192753 2.98784e-05
0.0221309 2.77813e-05
0.0254097 2.56364e-05
0.0295121 2.33163e-05
0.0342768 2.10467e-05
0.040738 1.85535e-05
0.049545 1.59489e-05
0.0623735 1.32235e-05
0.112202 8.09489e-06
0.139637 6.786e-06
0.16788 5.88894e-06
0.194985 5.28484e-06
0.221309 4.85688e-06
0.251189 4.49551e-06
0.285102 4.19231e-06
0.323594 3.94026e-06
0.363078 3.75266e-06
0.402717 3.61648e-06
0.446684 3.51022e-06
0.49545 3.43294e-06
0.54325 3.38778e-06
0.595662 3.36672e-06
0.645654 3.37297e-06
9.6e-06 0.638263 141 20
9.6e-06 5.08031e-09
1e-05 6.08803e-09
1.05925e-05 7.92102e-09
1.33352e-05 2.33305e-08
1.46218e-05 3.57282e-08
1.58489e-05 5.15128e-08
1.69824e-05 7.00076e-08
1.8e-05 9.00822e-08
1.90546e-05 1.14454e-07
2e-05 1.39314e-07
2.0893e-05 1.65214e-07
2.16272e-05 1.88041e-07
2.23872e-05 2.12843e-07
2.31739e-05 2.39437e-07
2.4e-05 2.67964e-07
2.48313e-05 2.96852e-07
2.5704e-05 3.26869e-07
2.65e-05 3.53533e-07
2.73e-05 3.79273e-07
2.81838e-05 4.06177e-07
2.9e-05 4.29432e-07
3e-05 4.55568e-07
3.0903e-05 4.76888e-07
3.19889e-05 4.99739e-07
3.31131e-05 5.20388e-07
3.45e-05 5.41978e-07
3.5909e-05 5.59971e-07
3.75837e-05 5.77001e-07
3.95e-05 5.91907e-07
4.16869e-05 6.04326e-07
4.4157e-05 6.13611e-07
4.67735e-05 6.19107e-07
5e-05 6.21135e-07
5.30884e-05 6.18632e-07
5.65e-05 6.11386e-07
6e-05 5.99931e-07
6.30957e-05 5.86693e-07
6.68344e-05 5.67623e-07
7.07946e-05 5.44976e-07
7.4131e-05 5.24436e-07
7.85236e-05 4.96408e-07
8.31764e-05 4.66709e-07
8.81049e-05 4.357e-07
9.44061e-05 3.98105e-07
0.0001 3.66822e-07
0.000107152 3.30152e-07
0.000115 2.94195e-07
0.000135 2.23683e-07
0.000141254 2.0818e-07
0.000146218 1.98118e-07
0.00015 1.91807e-07
0.000154 1.86456e-07
0.000158489 1.82066e-07
0.000162181 1.79712e-07
0.000165959 1.78459e-07
0.000169824 1.78396e-07
0.00017378 1.79631e-07
0.000177828 1.82247e-07
0.000182 1.86345e-07
0.000186209 1.91899e-07
0.000190546 1.99116e-07
0.000195 2.0813e-07
0.0002 2.20169e-07
0.000205 2.34175e-07
0.00021 2.50119e-07
0.000216272 2.72881e-07
0.000223872 3.04505e-07
0.000234423 3.55387e-07
0.000278612 6.50567e-07
0.000298538 8.22992e-07
0.000316228 9.9421e-07
0.000334965 1.19305e-06
0.000354813 1.4223e-06
0.000375837 1.68461e-06
0.0004 2.00872e-06
0.00042658 2.38914e-06
0.000451856 2.77232e-06
0.00047863 3.19818e-06
0.000506991 3.66859e-06
0.00054325 4.29409e-06
0.000582103 4.98983e-06
0.000623735 5.75944e-06
0.000668344 6.60591e-06
0.000724436 7.69408e-06
0.000785236 8.89377e-06
0.000851138 1.02069e-05
0.000922571 1.163e-05
0.001 1.31576e-05
0.00108393 1.47944e-05
0.0011885 1.67879e-05
0.00130317 1.89003e-05
0.00142889 2.1113e-05
0.00156675 2.34056e-05
0.00171791 2.57535e-05
0.00188365 2.81294e-05
0.00206538 3.05041e-05
0.00226464 3.28465e-05
0.00248313 3.51265e-05
0.0027227 3.73133e-05
0.003 3.94829e-05
0.00331131 4.15183e-05
0.00367282 4.34323e-05
0.0040738 4.5089e-05
0.0044157 4.6164e-05
0.00489779 4.72046e-05
0.0054325 4.7924e-05
0.00609537 4.83715e-05
0.00683912 4.85011e-05
0.00767361 4.82522e-05
0.00851138 4.76973e-05
0.00954993 4.67343e-05
0.0107152 4.54483e-05
0.0120226 4.38849e-05
0.0134896 4.20791e-05
0.0151356 4.00681e-05
0.0171791 3.76632e-05
0.0194985 3.51304e-05
0.0221309 3.25301e-05
0.0254097 2.96834e-05
0.0291743 2.6886e-05
0.0338844 2.39614e-05
0.0398107 2.10006e-05
0.047863 1.7913e-05
0.0582103 1.49979e-05
0.114815 7.92738e-06
0.138038 6.71346e-06
0.164059 5.7878e-06
0.186209 5.22503e-06
0.20893 4.79268e-06
0.234423 4.4294e-06
0.260016 4.15405e-06
0.288403 3.92295e-06
0.319889 3.73203e-06
0.350752 3.59416e-06
0.384592 3.48512e-06
0.421696 3.40434e-06
0.462381 3.35117e-06
0.501187 3.32696e-06
0.54325 3.32387e-06
0.588844 3.34258e-06
0.638263 3.38587e-06
8.39e-06 0.623735 83 21
8.39e-06 3.8884e-09
8.81049e-06 3.68056e-09
1e-05 3.1525e-09
1.12202e-05 2.71569e-09
1.24452e-05 2.35716e-09
1.3884e-05 2.0145e-09
1.57e-05 1.67481e-09
1.86209e-05 1.28962e-09
2e-05 1.1625e-09
2.11349e-05 1.08008e-09
2.21309e-05 1.02305e-09
2.3e-05 9.84335e-10
2.37137e-05 9.59823e-10
2.45471e-05 9.39111e-10
2.5283e-05 9.27799e-10
2.60016e-05 9.22821e-10
2.66072e-05 9.23162e-10
2.73e-05 9.28554e-10
2.8e-05 9.39317e-10
2.88403e-05 9.59172e-10
2.95121e-05 9.80417e-10
3.04e-05 1.01569e-09
3.12608e-05 1.05762e-09
3.2237e-05 1.11423e-09
3.33e-05 1.18666e-09
3.42768e-05 1.26299e-09
3.54813e-05 1.3698e-09
3.69e-05 1.51328e-09
3.85e-05 1.69763e-09
4.0738e-05 1.99442e-09
5.06991e-05 3.8217e-09
5.5e-05 4.84068e-09
5.9e-05 5.89536e-09
6.30957e-05 7.06854e-09
6.76083e-05 8.45907e-09
7.24436e-05 1.00516e-08
7.8e-05 1.19969e-08
8.41395e-05 1.42713e-08
9.12011e-05 1.70345e-08
0.00010009 2.07317e-08
0.000109648 2.49634e-08
0.000124452 3.20293e-08
0.000142889 4.16946e-08
0.000245471 1.14312e-07
0.000275423 1.40719e-07
0.000305492 1.68646e-07
0.000346737 2.08402e-07
0.000412098 2.75441e-07
0.0006 4.99552e-07
0.0007 6.32036e-07
0.00105925 1.16744e-06
0.00128825 1.54717e-06
0.00164059 2.17122e-06
0.00201837 2.8821e-06
0.00245471 3.73929e-06
0.00298538 4.81526e-06
0.00363078 6.15015e-06
0.0044157 7.79342e-06
0.00537032 9.80204e-06
0.00653131 1.22371e-05
0.00794328 1.51606e-05
0.00966051 1.8641e-05
0.011885 2.30141e-05
0.0144544 2.78678e-05
0.017378 3.31189e-05
0.020893 3.90607e-05
0.0251189 4.57027e-05
0.03 5.27729e-05
0.0358922 6.05507e-05
0.042658 6.86169e-05
0.0506991 7.71857e-05
0.0609537 8.67717e-05
0.0732824 9.67978e-05
0.0860994 0.000105825
0.105925 0.000117707
0.136458 0.000132913
0.248313 0.000173634
0.30903 0.00019259
0.367282 0.000210406
0.42658 0.000228813
0.489779 0.000249034
0.555904 0.000270977
0.623735 0.000294474
