            25             3
           106             0
           106
             0
            25
  1.400000e+07  0.000000e+00  1.425000e+07  1.877560e-15  1.450000e+07  3.755120e-15
  1.475000e+07  5.632680e-15  1.500000e+07  7.510240e-15  1.525000e+07  1.447620e-12
  1.550000e+07  2.887740e-12  1.575000e+07  4.327850e-12  1.600000e+07  5.767960e-12
  1.625000e+07  4.175276e-09  1.650000e+07  8.344784e-09  1.675000e+07  1.251429e-08
  1.700000e+07  1.668380e-08  1.725000e+07  8.865160e-08  1.750000e+07  1.606194e-07
  1.775000e+07  2.325872e-07  1.800000e+07  3.045550e-07  1.825000e+07  8.128063e-07
  1.850000e+07  1.321058e-06  1.875000e+07  1.829309e-06  1.900000e+07  2.337560e-06
  1.925000e+07  3.683963e-06  1.950000e+07  5.030365e-06  1.975000e+07  6.376768e-06
  2.000000e+07  7.723170e-06
