            25             3
           106             0
           106
             0
            47
  1.179855e+07  0.000000e+00  1.180000e+07  3.451190e-13  1.200000e+07  4.794770e-11
  1.225000e+07  1.074510e-10  1.250000e+07  1.669540e-10  1.275000e+07  2.264580e-10
  1.300000e+07  2.859610e-10  1.312000e+07  3.145220e-10  1.312300e+07  3.152360e-10
  1.325000e+07  3.454640e-10  1.350000e+07  4.049670e-10  1.375000e+07  4.644710e-10
  1.400000e+07  5.239740e-10  1.425000e+07  5.834770e-10  1.450000e+07  6.429800e-10
  1.475000e+07  7.024840e-10  1.500000e+07  7.619870e-10  1.525000e+07  8.214900e-10
  1.544000e+07  8.667130e-10  1.550000e+07  8.809940e-10  1.575000e+07  9.404970e-10
  1.600000e+07  1.000000e-09  1.625000e+07  1.000000e-08  1.650000e+07  3.000000e-08
  1.675000e+07  6.000000e-08  1.685400e+07  7.664000e-08  1.700000e+07  1.000000e-07
  1.712500e+07  1.350000e-07  1.725000e+07  1.700000e-07  1.737500e+07  2.200000e-07
  1.750000e+07  2.700000e-07  1.762500e+07  3.400000e-07  1.775000e+07  4.100000e-07
  1.787500e+07  5.100000e-07  1.800000e+07  6.100000e-07  1.812500e+07  7.350000e-07
  1.825000e+07  8.600000e-07  1.850000e+07  1.180000e-06  1.875000e+07  1.580000e-06
  1.900000e+07  2.060000e-06  1.925000e+07  2.610000e-06  1.937500e+07  2.930000e-06
  1.950000e+07  3.250000e-06  1.962500e+07  3.615000e-06  1.975000e+07  3.980000e-06
  1.987500e+07  4.380000e-06  2.000000e+07  4.780000e-06
