            25             3
           106             0
           106
             0
           552
  1.200000e+07  0.000000e+00  1.202703e+07  2.276340e-19  1.205405e+07  4.551840e-19
  1.208107e+07  6.827340e-19  1.210809e+07  9.102840e-19  1.213512e+07  1.137920e-18
  1.216214e+07  1.365470e-18  1.218916e+07  1.593020e-18  1.221618e+07  1.820570e-18
  1.224321e+07  2.048200e-18  1.227023e+07  2.275750e-18  1.229725e+07  2.503300e-18
  1.232427e+07  2.730850e-18  1.235129e+07  2.958400e-18  1.237831e+07  3.185950e-18
  1.240533e+07  3.413500e-18  1.243235e+07  3.641050e-18  1.245938e+07  3.868680e-18
  1.248640e+07  4.096230e-18  1.251342e+07  4.323780e-18  1.254044e+07  4.551330e-18
  1.256747e+07  4.778970e-18  1.259449e+07  5.006520e-18  1.262151e+07  5.234070e-18
  1.264853e+07  5.461620e-18  1.267556e+07  5.689250e-18  1.270258e+07  5.916800e-18
  1.272960e+07  6.144350e-18  1.275662e+07  6.371900e-18  1.278364e+07  6.599450e-18
  1.281066e+07  6.827000e-18  1.283768e+07  7.054550e-18  1.286470e+07  7.282100e-18
  1.287316e+07  7.813990e-18  1.288162e+07  8.384720e-18  1.289008e+07  8.997150e-18
  1.289853e+07  9.653500e-18  1.290699e+07  1.035860e-17  1.291544e+07  1.111430e-17
  1.292390e+07  1.192610e-17  1.293235e+07  1.279610e-17  1.294081e+07  1.373070e-17
  1.294927e+07  1.473360e-17  1.295773e+07  1.580980e-17  1.296618e+07  1.696310e-17
  1.297464e+07  1.820210e-17  1.298309e+07  1.952990e-17  1.299155e+07  2.095640e-17
  1.300000e+07  2.248520e-17  1.300660e+07  2.372270e-17  1.301320e+07  2.502820e-17
  1.301980e+07  2.640560e-17  1.302639e+07  2.785660e-17  1.303299e+07  2.938960e-17
  1.303958e+07  3.100450e-17  1.304618e+07  3.271080e-17  1.305277e+07  3.450820e-17
  1.305937e+07  3.640740e-17  1.306596e+07  3.840790e-17  1.307256e+07  4.052160e-17
  1.307915e+07  4.274820e-17  1.308575e+07  4.510090e-17  1.309234e+07  4.757910e-17
  1.309894e+07  5.019750e-17  1.310553e+07  5.295580e-17  1.311213e+07  5.587020e-17
  1.311872e+07  5.894020e-17  1.312532e+07  6.218390e-17  1.313191e+07  6.560080e-17
  1.313851e+07  6.921110e-17  1.314510e+07  7.301410e-17  1.315170e+07  7.703240e-17
  1.315829e+07  8.126520e-17  1.316489e+07  8.573750e-17  1.317148e+07  9.044870e-17
  1.317808e+07  9.542640e-17  1.318467e+07  1.006700e-16  1.319127e+07  1.062100e-16
  1.319786e+07  1.120460e-16  1.321105e+07  1.247080e-16  1.322425e+07  1.388120e-16
  1.323744e+07  1.544990e-16  1.325063e+07  1.719590e-16  1.326382e+07  1.913910e-16
  1.327701e+07  2.130190e-16  1.329020e+07  2.370920e-16  1.330339e+07  2.638850e-16
  1.331658e+07  2.937060e-16  1.332977e+07  3.268960e-16  1.334296e+07  3.638380e-16
  1.335615e+07  4.049540e-16  1.336934e+07  4.507160e-16  1.338253e+07  5.016500e-16
  1.339572e+07  5.583400e-16  1.340891e+07  6.214360e-16  1.342210e+07  6.916620e-16
  1.343113e+07  7.335820e-16  1.344016e+07  7.780430e-16  1.344919e+07  8.251990e-16
  1.345822e+07  8.752130e-16  1.346725e+07  9.282580e-16  1.347628e+07  9.845180e-16
  1.348531e+07  1.044190e-15  1.349434e+07  1.107470e-15  1.350337e+07  1.174600e-15
  1.351240e+07  1.245790e-15  1.352143e+07  1.321290e-15  1.353046e+07  1.401370e-15
  1.353949e+07  1.486310e-15  1.354852e+07  1.576390e-15  1.355755e+07  1.671930e-15
  1.356658e+07  1.773260e-15  1.357561e+07  1.880740e-15  1.358464e+07  1.994720e-15
  1.359367e+07  2.115620e-15  1.360270e+07  2.243840e-15  1.361173e+07  2.379840e-15
  1.362076e+07  2.524080e-15  1.362979e+07  2.677060e-15  1.363882e+07  2.839310e-15
  1.364785e+07  3.011390e-15  1.365688e+07  3.193910e-15  1.366591e+07  3.387480e-15
  1.367494e+07  3.592790e-15  1.368397e+07  3.810540e-15  1.369300e+07  4.041490e-15
  1.370203e+07  4.286440e-15  1.371105e+07  4.545940e-15  1.372008e+07  4.821460e-15
  1.372911e+07  5.113680e-15  1.373814e+07  5.423610e-15  1.374717e+07  5.752320e-15
  1.375620e+07  6.100960e-15  1.376523e+07  6.470730e-15  1.377426e+07  6.862910e-15
  1.378329e+07  7.278850e-15  1.379232e+07  7.720010e-15  1.380135e+07  8.187900e-15
  1.381038e+07  8.684160e-15  1.381941e+07  9.210490e-15  1.382844e+07  9.768720e-15
  1.383747e+07  1.036080e-14  1.384650e+07  1.098870e-14  1.385553e+07  1.165470e-14
  1.386456e+07  1.236110e-14  1.387359e+07  1.311030e-14  1.388262e+07  1.390490e-14
  1.389165e+07  1.474760e-14  1.390068e+07  1.564150e-14  1.390971e+07  1.658950e-14
  1.391874e+07  1.759490e-14  1.392777e+07  1.866130e-14  1.393680e+07  1.979230e-14
  1.394583e+07  2.099190e-14  1.395486e+07  2.226420e-14  1.396389e+07  2.361360e-14
  1.397292e+07  2.504470e-14  1.398195e+07  2.656270e-14  1.399098e+07  2.817260e-14
  1.400000e+07  2.987810e-14  1.400782e+07  3.104830e-14  1.401563e+07  3.226280e-14
  1.402344e+07  3.352480e-14  1.403125e+07  3.483610e-14  1.403907e+07  3.620050e-14
  1.404688e+07  3.761660e-14  1.405469e+07  3.908790e-14  1.406250e+07  4.061690e-14
  1.407032e+07  4.220770e-14  1.407813e+07  4.385870e-14  1.408594e+07  4.557430e-14
  1.409375e+07  4.735690e-14  1.410157e+07  4.921180e-14  1.410938e+07  5.113670e-14
  1.411719e+07  5.313690e-14  1.412500e+07  5.521540e-14  1.413282e+07  5.737800e-14
  1.414063e+07  5.962240e-14  1.414844e+07  6.195460e-14  1.415625e+07  6.437800e-14
  1.416407e+07  6.689950e-14  1.417188e+07  6.951630e-14  1.417969e+07  7.223540e-14
  1.418750e+07  7.506100e-14  1.419532e+07  7.800090e-14  1.420313e+07  8.105190e-14
  1.421094e+07  8.422230e-14  1.421875e+07  8.751670e-14  1.422657e+07  9.094450e-14
  1.423438e+07  9.450180e-14  1.424219e+07  9.819830e-14  1.425000e+07  1.020390e-13
  1.425782e+07  1.060360e-13  1.426563e+07  1.101840e-13  1.427344e+07  1.144940e-13
  1.428125e+07  1.189720e-13  1.428907e+07  1.236320e-13  1.429688e+07  1.284680e-13
  1.430469e+07  1.334930e-13  1.431250e+07  1.387140e-13  1.432032e+07  1.441470e-13
  1.432813e+07  1.497860e-13  1.433594e+07  1.556450e-13  1.434375e+07  1.617330e-13
  1.435157e+07  1.680680e-13  1.435938e+07  1.746420e-13  1.436719e+07  1.814730e-13
  1.437500e+07  1.885710e-13  1.438282e+07  1.959570e-13  1.439063e+07  2.036220e-13
  1.439844e+07  2.115870e-13  1.440625e+07  2.198630e-13  1.441407e+07  2.284740e-13
  1.442188e+07  2.374110e-13  1.442969e+07  2.466980e-13  1.443750e+07  2.563480e-13
  1.444532e+07  2.663880e-13  1.445313e+07  2.768080e-13  1.446094e+07  2.876350e-13
  1.446875e+07  2.988860e-13  1.447657e+07  3.105930e-13  1.448438e+07  3.227420e-13
  1.449219e+07  3.353660e-13  1.450000e+07  3.484840e-13  1.450782e+07  3.635600e-13
  1.451563e+07  3.792680e-13  1.452344e+07  3.956550e-13  1.453125e+07  4.127500e-13
  1.453907e+07  4.306060e-13  1.454688e+07  4.492110e-13  1.455469e+07  4.686200e-13
  1.456250e+07  4.888670e-13  1.457032e+07  5.100170e-13  1.457813e+07  5.320530e-13
  1.458594e+07  5.550410e-13  1.459375e+07  5.790220e-13  1.460157e+07  6.040720e-13
  1.460938e+07  6.301710e-13  1.461719e+07  6.573990e-13  1.462500e+07  6.858020e-13
  1.463282e+07  7.154720e-13  1.464063e+07  7.463840e-13  1.464844e+07  7.786330e-13
  1.465625e+07  8.122750e-13  1.466407e+07  8.474160e-13  1.467188e+07  8.840290e-13
  1.467969e+07  9.222250e-13  1.468750e+07  9.620701e-13  1.469532e+07  1.003690e-12
  1.470313e+07  1.047060e-12  1.471094e+07  1.092300e-12  1.471875e+07  1.139490e-12
  1.472657e+07  1.188790e-12  1.473438e+07  1.240150e-12  1.474219e+07  1.293730e-12
  1.475000e+07  1.349630e-12  1.475782e+07  1.408020e-12  1.476563e+07  1.468850e-12
  1.477344e+07  1.532320e-12  1.478125e+07  1.598520e-12  1.478907e+07  1.667680e-12
  1.479688e+07  1.739730e-12  1.480469e+07  1.814900e-12  1.481250e+07  1.893310e-12
  1.482032e+07  1.975220e-12  1.482813e+07  2.060570e-12  1.483594e+07  2.149600e-12
  1.484375e+07  2.242470e-12  1.485157e+07  2.339490e-12  1.485938e+07  2.440570e-12
  1.486719e+07  2.546010e-12  1.487500e+07  2.656020e-12  1.488282e+07  2.770920e-12
  1.489063e+07  2.890640e-12  1.489844e+07  3.015540e-12  1.490625e+07  3.145830e-12
  1.491407e+07  3.281920e-12  1.492188e+07  3.423720e-12  1.492969e+07  3.571650e-12
  1.493750e+07  3.725960e-12  1.494532e+07  3.887160e-12  1.495313e+07  4.055110e-12
  1.496094e+07  4.230310e-12  1.496875e+07  4.413090e-12  1.497657e+07  4.604010e-12
  1.498438e+07  4.802930e-12  1.499219e+07  5.010450e-12  1.500000e+07  5.226930e-12
  1.501402e+07  5.608110e-12  1.502803e+07  6.016780e-12  1.504205e+07  6.455560e-12
  1.505606e+07  6.925990e-12  1.507008e+07  7.431070e-12  1.508409e+07  7.972580e-12
  1.509811e+07  8.553990e-12  1.511212e+07  9.177330e-12  1.512614e+07  9.846600e-12
  1.514015e+07  1.056410e-11  1.515417e+07  1.133450e-11  1.516818e+07  1.216050e-11
  1.518220e+07  1.304730e-11  1.519621e+07  1.399810e-11  1.521022e+07  1.501820e-11
  1.522423e+07  1.611260e-11  1.523825e+07  1.728760e-11  1.525226e+07  1.854740e-11
  1.526628e+07  1.989990e-11  1.528029e+07  2.135010e-11  1.529431e+07  2.290710e-11
  1.530832e+07  2.457630e-11  1.532233e+07  2.636730e-11  1.533634e+07  2.828870e-11
  1.535036e+07  3.035170e-11  1.536437e+07  3.256340e-11  1.537839e+07  3.493810e-11
  1.539240e+07  3.748420e-11  1.540642e+07  4.021770e-11  1.542043e+07  4.314840e-11
  1.543444e+07  4.629270e-11  1.544845e+07  4.966620e-11  1.546247e+07  5.328810e-11
  1.547648e+07  5.717130e-11  1.549050e+07  6.134060e-11  1.550451e+07  6.581060e-11
  1.551853e+07  7.060990e-11  1.553254e+07  7.575530e-11  1.554656e+07  8.127980e-11
  1.556057e+07  8.720280e-11  1.557459e+07  9.356220e-11  1.558860e+07  1.003800e-10
  1.560262e+07  1.077010e-10  1.561663e+07  1.155490e-10  1.563065e+07  1.239750e-10
  1.564466e+07  1.330100e-10  1.565867e+07  1.427020e-10  1.567268e+07  1.531010e-10
  1.568670e+07  1.642660e-10  1.570071e+07  1.762370e-10  1.571473e+07  1.890890e-10
  1.572874e+07  2.028680e-10  1.574276e+07  2.176620e-10  1.575677e+07  2.335240e-10
  1.577078e+07  2.505410e-10  1.578479e+07  2.687980e-10  1.579881e+07  2.884010e-10
  1.581282e+07  3.094170e-10  1.582684e+07  3.319820e-10  1.584085e+07  3.561740e-10
  1.585487e+07  3.821480e-10  1.586888e+07  4.099960e-10  1.588289e+07  4.398730e-10
  1.589690e+07  4.719270e-10  1.590979e+07  4.949000e-10  1.592268e+07  5.189920e-10
  1.593557e+07  5.442560e-10  1.594845e+07  5.707290e-10  1.596134e+07  5.985120e-10
  1.597423e+07  6.276470e-10  1.598712e+07  6.582010e-10  1.600000e+07  6.902160e-10
  1.601563e+07  7.300600e-10  1.603125e+07  7.721750e-10  1.604688e+07  8.167500e-10
  1.606250e+07  8.638670e-10  1.607813e+07  9.137350e-10  1.609375e+07  9.664460e-10
  1.610938e+07  1.022236e-09  1.612500e+07  1.081207e-09  1.614063e+07  1.143620e-09
  1.615625e+07  1.209594e-09  1.617188e+07  1.279419e-09  1.618750e+07  1.353226e-09
  1.620313e+07  1.431343e-09  1.621875e+07  1.513915e-09  1.623438e+07  1.601307e-09
  1.625000e+07  1.693684e-09  1.626563e+07  1.791453e-09  1.628125e+07  1.894799e-09
  1.629688e+07  2.004179e-09  1.631250e+07  2.119796e-09  1.632813e+07  2.242164e-09
  1.634375e+07  2.371510e-09  1.635938e+07  2.508409e-09  1.637500e+07  2.653114e-09
  1.639063e+07  2.806268e-09  1.640625e+07  2.968157e-09  1.642188e+07  3.139497e-09
  1.643750e+07  3.320609e-09  1.645313e+07  3.512295e-09  1.646875e+07  3.714913e-09
  1.648438e+07  3.929361e-09  1.650000e+07  4.156038e-09  1.651563e+07  4.395951e-09
  1.653125e+07  4.649545e-09  1.654688e+07  4.917946e-09  1.656250e+07  5.201653e-09
  1.657813e+07  5.501924e-09  1.659375e+07  5.819321e-09  1.660938e+07  6.155248e-09
  1.662500e+07  6.510333e-09  1.664063e+07  6.886149e-09  1.665625e+07  7.283399e-09
  1.667188e+07  7.703842e-09  1.668750e+07  8.148262e-09  1.670313e+07  8.618630e-09
  1.671875e+07  9.115824e-09  1.673438e+07  9.642045e-09  1.675000e+07  1.019828e-08
  1.676563e+07  1.078698e-08  1.678125e+07  1.140927e-08  1.679688e+07  1.206788e-08
  1.681250e+07  1.276405e-08  1.682813e+07  1.350087e-08  1.684375e+07  1.427972e-08
  1.685938e+07  1.510403e-08  1.687500e+07  1.597535e-08  1.689063e+07  1.689755e-08
  1.690625e+07  1.787234e-08  1.692188e+07  1.890404e-08  1.693750e+07  1.999458e-08
  1.695313e+07  2.114879e-08  1.696875e+07  2.236883e-08  1.698438e+07  2.366009e-08
  1.700000e+07  2.502500e-08  1.701563e+07  2.607515e-08  1.703125e+07  2.716866e-08
  1.704688e+07  2.830878e-08  1.706250e+07  2.949596e-08  1.707813e+07  3.073373e-08
  1.709375e+07  3.202261e-08  1.710938e+07  3.336641e-08  1.712500e+07  3.476569e-08
  1.714063e+07  3.622461e-08  1.715625e+07  3.774375e-08  1.717188e+07  3.932764e-08
  1.718750e+07  4.097692e-08  1.720313e+07  4.269648e-08  1.721875e+07  4.448704e-08
  1.723438e+07  4.635390e-08  1.725000e+07  4.829784e-08  1.726563e+07  5.032462e-08
  1.728125e+07  5.243507e-08  1.729688e+07  5.463547e-08  1.731250e+07  5.692671e-08
  1.732813e+07  5.931560e-08  1.734375e+07  6.180310e-08  1.735938e+07  6.439662e-08
  1.737500e+07  6.709721e-08  1.739063e+07  6.991290e-08  1.740625e+07  7.284482e-08
  1.742188e+07  7.590170e-08  1.743750e+07  7.908477e-08  1.745313e+07  8.240351e-08
  1.746875e+07  8.585925e-08  1.748438e+07  8.946227e-08  1.750000e+07  9.321403e-08
  1.751563e+07  9.712568e-08  1.753125e+07  1.011988e-07  1.754688e+07  1.054456e-07
  1.756250e+07  1.098676e-07  1.757813e+07  1.144781e-07  1.759375e+07  1.192790e-07
  1.760938e+07  1.242844e-07  1.762500e+07  1.294965e-07  1.764063e+07  1.349307e-07
  1.765625e+07  1.405893e-07  1.767188e+07  1.464890e-07  1.768750e+07  1.526323e-07
  1.770313e+07  1.590374e-07  1.771875e+07  1.657069e-07  1.773438e+07  1.726607e-07
  1.775000e+07  1.799015e-07  1.776563e+07  1.874510e-07  1.778125e+07  1.953121e-07
  1.779688e+07  2.035082e-07  1.781250e+07  2.120427e-07  1.782813e+07  2.209409e-07
  1.784375e+07  2.302064e-07  1.785938e+07  2.398669e-07  1.787500e+07  2.499261e-07
  1.789063e+07  2.604141e-07  1.790625e+07  2.713350e-07  1.792188e+07  2.827214e-07
  1.793750e+07  2.945778e-07  1.795313e+07  3.069396e-07  1.796875e+07  3.198116e-07
  1.798438e+07  3.332323e-07  1.800000e+07  3.472070e-07  1.803125e+07  3.694387e-07
  1.806250e+07  3.930939e-07  1.809375e+07  4.182637e-07  1.812500e+07  4.450452e-07
  1.815625e+07  4.735415e-07  1.818750e+07  5.038624e-07  1.821875e+07  5.361247e-07
  1.825000e+07  5.704529e-07  1.828125e+07  6.069790e-07  1.831250e+07  6.458439e-07
  1.834375e+07  6.871974e-07  1.837500e+07  7.311987e-07  1.840625e+07  7.780174e-07
  1.843750e+07  8.278340e-07  1.846875e+07  8.808403e-07  1.850000e+07  9.372405e-07
  1.853125e+07  9.972521e-07  1.856250e+07  1.061106e-06  1.859375e+07  1.129049e-06
  1.862500e+07  1.201342e-06  1.865625e+07  1.278264e-06  1.868750e+07  1.360112e-06
  1.871875e+07  1.447200e-06  1.875000e+07  1.539864e-06  1.878125e+07  1.638462e-06
  1.881250e+07  1.743372e-06  1.884375e+07  1.855001e-06  1.887500e+07  1.973777e-06
  1.890625e+07  2.100158e-06  1.893750e+07  2.234631e-06  1.896875e+07  2.377715e-06
  1.900000e+07  2.529960e-06  1.903125e+07  2.653437e-06  1.906250e+07  2.782941e-06
  1.909375e+07  2.918765e-06  1.912500e+07  3.061219e-06  1.915625e+07  3.210625e-06
  1.918750e+07  3.367323e-06  1.921875e+07  3.531668e-06  1.925000e+07  3.704035e-06
  1.928125e+07  3.884814e-06  1.931250e+07  4.074417e-06  1.934375e+07  4.273273e-06
  1.937500e+07  4.481834e-06  1.940625e+07  4.700575e-06  1.943750e+07  4.929991e-06
  1.946875e+07  5.170604e-06  1.950000e+07  5.422961e-06  1.953125e+07  5.687634e-06
  1.956250e+07  5.965225e-06  1.959375e+07  6.256364e-06  1.962500e+07  6.561713e-06
  1.965625e+07  6.881964e-06  1.968750e+07  7.217845e-06  1.971875e+07  7.570120e-06
  1.975000e+07  7.939587e-06  1.978125e+07  8.327087e-06  1.981250e+07  8.733499e-06
  1.984375e+07  9.159746e-06  1.987500e+07  9.606797e-06  1.990625e+07  1.007567e-05
  1.993750e+07  1.056742e-05  1.996875e+07  1.108317e-05  2.000000e+07  1.162410e-05
