            25             3
           106             0
           106
             0
           793
  1.000000e+07  0.000000e+00  1.003125e+07  1.048400e-20  1.006250e+07  2.096800e-20
  1.009375e+07  3.145200e-20  1.012500e+07  4.193600e-20  1.015625e+07  5.242000e-20
  1.018750e+07  6.290400e-20  1.021875e+07  7.338800e-20  1.025000e+07  8.387200e-20
  1.028125e+07  9.435600e-20  1.031250e+07  1.048400e-19  1.034375e+07  1.153240e-19
  1.037500e+07  1.258080e-19  1.040625e+07  1.362920e-19  1.043750e+07  1.467760e-19
  1.046875e+07  1.572600e-19  1.050000e+07  1.677440e-19  1.053125e+07  1.782280e-19
  1.056250e+07  1.887120e-19  1.059375e+07  1.991960e-19  1.062500e+07  2.096800e-19
  1.065625e+07  2.201640e-19  1.068750e+07  2.306480e-19  1.071875e+07  2.411320e-19
  1.075000e+07  2.516160e-19  1.078125e+07  2.621000e-19  1.081250e+07  2.725840e-19
  1.084375e+07  2.830680e-19  1.087500e+07  2.935520e-19  1.090625e+07  3.040360e-19
  1.093750e+07  3.145200e-19  1.096875e+07  3.250040e-19  1.100000e+07  3.354880e-19
  1.100554e+07  3.558740e-19  1.101107e+07  3.774590e-19  1.101660e+07  4.003530e-19
  1.102213e+07  4.246350e-19  1.102766e+07  4.503900e-19  1.103319e+07  4.777080e-19
  1.103872e+07  5.066820e-19  1.104425e+07  5.374130e-19  1.104979e+07  5.700690e-19
  1.105532e+07  6.046460e-19  1.106085e+07  6.413190e-19  1.106638e+07  6.802160e-19
  1.107744e+07  7.652320e-19  1.108850e+07  8.608740e-19  1.109563e+07  9.169560e-19
  1.110275e+07  9.766050e-19  1.110987e+07  1.040130e-18  1.111699e+07  1.107800e-18
  1.112411e+07  1.179860e-18  1.113123e+07  1.256610e-18  1.113835e+07  1.338350e-18
  1.114547e+07  1.425420e-18  1.115260e+07  1.518270e-18  1.115972e+07  1.617040e-18
  1.116684e+07  1.722230e-18  1.117396e+07  1.834260e-18  1.118108e+07  1.953580e-18
  1.118820e+07  2.080670e-18  1.119532e+07  2.216020e-18  1.120244e+07  2.360170e-18
  1.120957e+07  2.513920e-18  1.121669e+07  2.677460e-18  1.122381e+07  2.851630e-18
  1.123093e+07  3.037130e-18  1.123805e+07  3.234700e-18  1.124517e+07  3.445120e-18
  1.125229e+07  3.669230e-18  1.125941e+07  3.907910e-18  1.126654e+07  4.162490e-18
  1.127366e+07  4.433270e-18  1.128078e+07  4.721660e-18  1.128790e+07  5.028810e-18
  1.129502e+07  5.355930e-18  1.130214e+07  5.704340e-18  1.130926e+07  6.075420e-18
  1.131638e+07  6.470630e-18  1.132351e+07  6.892160e-18  1.133063e+07  7.340500e-18
  1.133775e+07  7.818010e-18  1.134487e+07  8.326580e-18  1.135199e+07  8.868230e-18
  1.135911e+07  9.445120e-18  1.136623e+07  1.005950e-17  1.137335e+07  1.071390e-17
  1.138048e+07  1.141190e-17  1.138760e+07  1.215420e-17  1.139472e+07  1.294490e-17
  1.140184e+07  1.378700e-17  1.140896e+07  1.468380e-17  1.141608e+07  1.563900e-17
  1.142320e+07  1.665630e-17  1.143032e+07  1.773990e-17  1.143745e+07  1.889550e-17
  1.144457e+07  2.012470e-17  1.145169e+07  2.143380e-17  1.145881e+07  2.282810e-17
  1.146593e+07  2.431310e-17  1.147305e+07  2.589470e-17  1.148017e+07  2.757920e-17
  1.148729e+07  2.937320e-17  1.149441e+07  3.128400e-17  1.150153e+07  3.331900e-17
  1.150865e+07  3.548650e-17  1.151577e+07  3.779490e-17  1.152289e+07  4.025350e-17
  1.153001e+07  4.287200e-17  1.153713e+07  4.566090e-17  1.154425e+07  4.863120e-17
  1.155138e+07  5.179930e-17  1.155850e+07  5.516890e-17  1.156562e+07  5.875770e-17
  1.157274e+07  6.257990e-17  1.157986e+07  6.665080e-17  1.158698e+07  7.098650e-17
  1.159410e+07  7.560430e-17  1.160122e+07  8.052240e-17  1.160835e+07  8.576800e-17
  1.161547e+07  9.134730e-17  1.162259e+07  9.728960e-17  1.162971e+07  1.036180e-16
  1.163683e+07  1.103590e-16  1.164395e+07  1.175380e-16  1.165107e+07  1.251840e-16
  1.165819e+07  1.333270e-16  1.166532e+07  1.420130e-16  1.167244e+07  1.512510e-16
  1.167956e+07  1.610900e-16  1.168668e+07  1.715690e-16  1.169380e+07  1.827300e-16
  1.170092e+07  1.946160e-16  1.170804e+07  2.072760e-16  1.171516e+07  2.207600e-16
  1.172229e+07  2.351410e-16  1.172941e+07  2.504380e-16  1.173653e+07  2.667290e-16
  1.174365e+07  2.840800e-16  1.175077e+07  3.025590e-16  1.175789e+07  3.222410e-16
  1.176501e+07  3.432030e-16  1.177213e+07  3.655290e-16  1.177926e+07  3.893420e-16
  1.178638e+07  4.146690e-16  1.179350e+07  4.416430e-16  1.180062e+07  4.703730e-16
  1.180774e+07  5.009710e-16  1.181486e+07  5.335590e-16  1.182198e+07  5.682680e-16
  1.182910e+07  6.052340e-16  1.183623e+07  6.446630e-16  1.184335e+07  6.865980e-16
  1.185047e+07  7.312620e-16  1.185759e+07  7.788320e-16  1.186471e+07  8.294960e-16
  1.187183e+07  8.834550e-16  1.187895e+07  9.409250e-16  1.188607e+07  1.002130e-15
  1.189320e+07  1.067420e-15  1.190032e+07  1.136850e-15  1.190744e+07  1.210810e-15
  1.191456e+07  1.289570e-15  1.192168e+07  1.373460e-15  1.192880e+07  1.462800e-15
  1.193592e+07  1.557960e-15  1.194304e+07  1.659310e-15  1.195016e+07  1.767250e-15
  1.195728e+07  1.882210e-15  1.196440e+07  2.004650e-15  1.197152e+07  2.135050e-15
  1.197864e+07  2.273940e-15  1.198576e+07  2.421860e-15  1.199288e+07  2.579410e-15
  1.200000e+07  2.747200e-15  1.200782e+07  2.927270e-15  1.201563e+07  3.118880e-15
  1.202344e+07  3.323040e-15  1.203125e+07  3.540570e-15  1.203907e+07  3.772640e-15
  1.204688e+07  4.019590e-15  1.205469e+07  4.282710e-15  1.206250e+07  4.563060e-15
  1.207032e+07  4.862140e-15  1.207813e+07  5.180420e-15  1.208594e+07  5.519520e-15
  1.209375e+07  5.880830e-15  1.210157e+07  6.266290e-15  1.210938e+07  6.676480e-15
  1.211719e+07  7.113510e-15  1.212500e+07  7.579160e-15  1.213282e+07  8.075940e-15
  1.214063e+07  8.604590e-15  1.214844e+07  9.167840e-15  1.215625e+07  9.767960e-15
  1.216407e+07  1.040820e-14  1.217188e+07  1.108950e-14  1.217969e+07  1.181540e-14
  1.218750e+07  1.258890e-14  1.219532e+07  1.341400e-14  1.220313e+07  1.429210e-14
  1.221094e+07  1.522760e-14  1.221875e+07  1.622440e-14  1.222657e+07  1.728790e-14
  1.223438e+07  1.841950e-14  1.224219e+07  1.962520e-14  1.225000e+07  2.090990e-14
  1.225782e+07  2.228050e-14  1.226563e+07  2.373890e-14  1.227344e+07  2.529290e-14
  1.228125e+07  2.694850e-14  1.228907e+07  2.871490e-14  1.229688e+07  3.059450e-14
  1.230469e+07  3.259720e-14  1.231250e+07  3.473100e-14  1.232032e+07  3.700750e-14
  1.232813e+07  3.943000e-14  1.233594e+07  4.201100e-14  1.234375e+07  4.476100e-14
  1.235157e+07  4.769490e-14  1.235938e+07  5.081700e-14  1.236719e+07  5.414340e-14
  1.237500e+07  5.768760e-14  1.238282e+07  6.146880e-14  1.239063e+07  6.549250e-14
  1.239844e+07  6.977960e-14  1.240625e+07  7.434730e-14  1.241407e+07  7.922050e-14
  1.242188e+07  8.440620e-14  1.242969e+07  8.993140e-14  1.243750e+07  9.581820e-14
  1.244532e+07  1.020990e-13  1.245313e+07  1.087820e-13  1.246094e+07  1.159030e-13
  1.246875e+07  1.234900e-13  1.247657e+07  1.315840e-13  1.248438e+07  1.401970e-13
  1.249219e+07  1.493750e-13  1.250000e+07  1.591530e-13  1.250782e+07  1.695840e-13
  1.251563e+07  1.806850e-13  1.252344e+07  1.925130e-13  1.253125e+07  2.051140e-13
  1.253907e+07  2.185590e-13  1.254688e+07  2.328660e-13  1.255469e+07  2.481090e-13
  1.256250e+07  2.643500e-13  1.257032e+07  2.816770e-13  1.257813e+07  3.001150e-13
  1.258594e+07  3.197600e-13  1.259375e+07  3.406920e-13  1.260157e+07  3.630230e-13
  1.260938e+07  3.867860e-13  1.261719e+07  4.121050e-13  1.262500e+07  4.390810e-13
  1.263282e+07  4.678600e-13  1.264063e+07  4.984860e-13  1.264844e+07  5.311170e-13
  1.265625e+07  5.658830e-13  1.266407e+07  6.029750e-13  1.267188e+07  6.424450e-13
  1.267969e+07  6.844990e-13  1.268750e+07  7.293060e-13  1.269532e+07  7.771090e-13
  1.270313e+07  8.279780e-13  1.271094e+07  8.821760e-13  1.271875e+07  9.399231e-13
  1.272657e+07  1.001530e-12  1.273438e+07  1.067090e-12  1.274219e+07  1.136940e-12
  1.275000e+07  1.211370e-12  1.275782e+07  1.290770e-12  1.276563e+07  1.375260e-12
  1.277344e+07  1.465280e-12  1.278125e+07  1.561200e-12  1.278907e+07  1.663530e-12
  1.279688e+07  1.772420e-12  1.280469e+07  1.888440e-12  1.281250e+07  2.012060e-12
  1.282032e+07  2.143940e-12  1.282813e+07  2.284280e-12  1.283594e+07  2.433810e-12
  1.284375e+07  2.593120e-12  1.285157e+07  2.763090e-12  1.285938e+07  2.943960e-12
  1.286719e+07  3.136670e-12  1.287500e+07  3.342000e-12  1.288282e+07  3.561050e-12
  1.289063e+07  3.794150e-12  1.289844e+07  4.042520e-12  1.290625e+07  4.307140e-12
  1.291407e+07  4.589450e-12  1.292188e+07  4.889870e-12  1.292969e+07  5.209960e-12
  1.293750e+07  5.551000e-12  1.294532e+07  5.914840e-12  1.295313e+07  6.302030e-12
  1.296094e+07  6.714550e-12  1.296875e+07  7.154080e-12  1.297657e+07  7.623000e-12
  1.298438e+07  8.122000e-12  1.299219e+07  8.653660e-12  1.300000e+07  9.220120e-12
  1.300890e+07  9.689280e-12  1.301780e+07  1.018230e-11  1.302670e+07  1.070040e-11
  1.303559e+07  1.124430e-11  1.304449e+07  1.181640e-11  1.305339e+07  1.241770e-11
  1.306229e+07  1.304950e-11  1.307118e+07  1.371280e-11  1.308008e+07  1.441060e-11
  1.308898e+07  1.514380e-11  1.309788e+07  1.591440e-11  1.310677e+07  1.672320e-11
  1.311567e+07  1.757420e-11  1.312456e+07  1.846740e-11  1.313346e+07  1.940710e-11
  1.314235e+07  2.039350e-11  1.315125e+07  2.143120e-11  1.316015e+07  2.252170e-11
  1.316905e+07  2.366760e-11  1.317794e+07  2.487060e-11  1.318684e+07  2.613610e-11
  1.319574e+07  2.746600e-11  1.320464e+07  2.886350e-11  1.321353e+07  3.033050e-11
  1.322243e+07  3.187390e-11  1.323133e+07  3.349570e-11  1.324023e+07  3.520010e-11
  1.324912e+07  3.698920e-11  1.325802e+07  3.887130e-11  1.326691e+07  4.084700e-11
  1.327581e+07  4.292540e-11  1.328470e+07  4.510710e-11  1.329360e+07  4.740230e-11
  1.330250e+07  4.981430e-11  1.331140e+07  5.234910e-11  1.332029e+07  5.500970e-11
  1.332919e+07  5.780880e-11  1.333809e+07  6.075040e-11  1.334699e+07  6.384160e-11
  1.335588e+07  6.708630e-11  1.336478e+07  7.049990e-11  1.337368e+07  7.408720e-11
  1.338258e+07  7.785710e-11  1.339147e+07  8.181420e-11  1.340037e+07  8.597720e-11
  1.340926e+07  9.034700e-11  1.341816e+07  9.494420e-11  1.342705e+07  9.976980e-11
  1.343595e+07  1.048460e-10  1.344485e+07  1.101810e-10  1.345375e+07  1.157880e-10
  1.346264e+07  1.216730e-10  1.347154e+07  1.278640e-10  1.348044e+07  1.343700e-10
  1.348934e+07  1.412080e-10  1.349823e+07  1.483840e-10  1.350713e+07  1.559350e-10
  1.351603e+07  1.638690e-10  1.352493e+07  1.722080e-10  1.353382e+07  1.809600e-10
  1.354272e+07  1.901680e-10  1.355161e+07  1.998330e-10  1.356051e+07  2.100020e-10
  1.356940e+07  2.206750e-10  1.358286e+07  2.334600e-10  1.359632e+07  2.469850e-10
  1.360978e+07  2.612940e-10  1.362323e+07  2.764200e-10  1.363669e+07  2.924340e-10
  1.365014e+07  3.093630e-10  1.366360e+07  3.272850e-10  1.367705e+07  3.462310e-10
  1.369051e+07  3.662900e-10  1.370397e+07  3.875100e-10  1.371743e+07  4.099600e-10
  1.373088e+07  4.336930e-10  1.374434e+07  4.588180e-10  1.375779e+07  4.853790e-10
  1.377125e+07  5.134990e-10  1.378470e+07  5.432250e-10  1.379816e+07  5.746960e-10
  1.381162e+07  6.079900e-10  1.382508e+07  6.432130e-10  1.383853e+07  6.804490e-10
  1.385199e+07  7.198700e-10  1.386544e+07  7.615420e-10  1.387890e+07  8.056610e-10
  1.389235e+07  8.523010e-10  1.390581e+07  9.016780e-10  1.391927e+07  9.539149e-10
  1.393273e+07  1.009179e-09  1.394618e+07  1.067600e-09  1.395964e+07  1.129450e-09
  1.397309e+07  1.194833e-09  1.398655e+07  1.264055e-09  1.400000e+07  1.337230e-09
  1.401563e+07  1.418194e-09  1.403125e+07  1.504004e-09  1.404688e+07  1.595066e-09
  1.406250e+07  1.691577e-09  1.407813e+07  1.793996e-09  1.409375e+07  1.902544e-09
  1.410938e+07  2.017736e-09  1.412500e+07  2.139822e-09  1.414063e+07  2.269380e-09
  1.415625e+07  2.406692e-09  1.417188e+07  2.552408e-09  1.418750e+07  2.706845e-09
  1.420313e+07  2.870734e-09  1.421875e+07  3.044432e-09  1.423438e+07  3.228761e-09
  1.425000e+07  3.424121e-09  1.426563e+07  3.631439e-09  1.428125e+07  3.851164e-09
  1.429688e+07  4.084337e-09  1.431250e+07  4.331466e-09  1.432813e+07  4.593719e-09
  1.434375e+07  4.871669e-09  1.435938e+07  5.166630e-09  1.437500e+07  5.479244e-09
  1.439063e+07  5.810991e-09  1.440625e+07  6.162593e-09  1.442188e+07  6.535715e-09
  1.443750e+07  6.931167e-09  1.445313e+07  7.350823e-09  1.446875e+07  7.795595e-09
  1.448438e+07  8.267588e-09  1.450000e+07  8.767830e-09  1.450782e+07  8.988964e-09
  1.451563e+07  9.215381e-09  1.452344e+07  9.447502e-09  1.453125e+07  9.685469e-09
  1.453907e+07  9.929747e-09  1.454688e+07  1.017986e-08  1.455469e+07  1.043628e-08
  1.456250e+07  1.069915e-08  1.457032e+07  1.096899e-08  1.457813e+07  1.124528e-08
  1.458594e+07  1.152853e-08  1.459375e+07  1.181892e-08  1.460157e+07  1.211700e-08
  1.460938e+07  1.242221e-08  1.461719e+07  1.273511e-08  1.462500e+07  1.305588e-08
  1.463282e+07  1.338517e-08  1.464063e+07  1.372232e-08  1.464844e+07  1.406796e-08
  1.465625e+07  1.442231e-08  1.466407e+07  1.478606e-08  1.467188e+07  1.515849e-08
  1.467969e+07  1.554031e-08  1.468750e+07  1.593175e-08  1.469532e+07  1.633356e-08
  1.470313e+07  1.674498e-08  1.471094e+07  1.716676e-08  1.471875e+07  1.759916e-08
  1.472657e+07  1.804303e-08  1.473438e+07  1.849750e-08  1.474219e+07  1.896343e-08
  1.475000e+07  1.944108e-08  1.475782e+07  1.993141e-08  1.476563e+07  2.043345e-08
  1.477344e+07  2.094813e-08  1.478125e+07  2.147578e-08  1.478907e+07  2.201742e-08
  1.479688e+07  2.257201e-08  1.480469e+07  2.314056e-08  1.481250e+07  2.372343e-08
  1.482032e+07  2.432176e-08  1.482813e+07  2.493439e-08  1.483594e+07  2.556245e-08
  1.484375e+07  2.620632e-08  1.485157e+07  2.686727e-08  1.485938e+07  2.754402e-08
  1.486719e+07  2.823781e-08  1.487500e+07  2.894907e-08  1.488282e+07  2.967920e-08
  1.489063e+07  3.042677e-08  1.489844e+07  3.119317e-08  1.490625e+07  3.197887e-08
  1.491407e+07  3.278542e-08  1.492188e+07  3.361123e-08  1.492969e+07  3.445784e-08
  1.493750e+07  3.532578e-08  1.494532e+07  3.621673e-08  1.495313e+07  3.712897e-08
  1.496094e+07  3.806419e-08  1.496875e+07  3.902296e-08  1.497657e+07  4.000716e-08
  1.498438e+07  4.101488e-08  1.499219e+07  4.204798e-08  1.500000e+07  4.310710e-08
  1.500782e+07  4.397355e-08  1.501563e+07  4.485627e-08  1.502344e+07  4.575671e-08
  1.503125e+07  4.667523e-08  1.503907e+07  4.761339e-08  1.504688e+07  4.856918e-08
  1.505469e+07  4.954415e-08  1.506250e+07  5.053870e-08  1.507032e+07  5.155452e-08
  1.507813e+07  5.258942e-08  1.508594e+07  5.364510e-08  1.509375e+07  5.472196e-08
  1.510157e+07  5.582187e-08  1.510938e+07  5.694243e-08  1.511719e+07  5.808549e-08
  1.512500e+07  5.925149e-08  1.513282e+07  6.044244e-08  1.514063e+07  6.165576e-08
  1.514844e+07  6.289343e-08  1.515625e+07  6.415595e-08  1.516407e+07  6.544547e-08
  1.517188e+07  6.675922e-08  1.517969e+07  6.809934e-08  1.518750e+07  6.946636e-08
  1.519532e+07  7.086262e-08  1.520313e+07  7.228511e-08  1.521094e+07  7.373616e-08
  1.521875e+07  7.521633e-08  1.522657e+07  7.672817e-08  1.523438e+07  7.826841e-08
  1.524219e+07  7.983956e-08  1.525000e+07  8.144225e-08  1.525782e+07  8.307923e-08
  1.526563e+07  8.474696e-08  1.527344e+07  8.644816e-08  1.528125e+07  8.818351e-08
  1.528907e+07  8.995599e-08  1.529688e+07  9.176176e-08  1.530469e+07  9.360378e-08
  1.531250e+07  9.548277e-08  1.532032e+07  9.740196e-08  1.532813e+07  9.935720e-08
  1.533594e+07  1.013517e-07  1.534375e+07  1.033862e-07  1.535157e+07  1.054643e-07
  1.535938e+07  1.075813e-07  1.536719e+07  1.097409e-07  1.537500e+07  1.119439e-07
  1.538282e+07  1.141939e-07  1.539063e+07  1.164862e-07  1.539844e+07  1.188246e-07
  1.540625e+07  1.212098e-07  1.541407e+07  1.236461e-07  1.542188e+07  1.261282e-07
  1.542969e+07  1.286601e-07  1.543750e+07  1.312428e-07  1.544532e+07  1.338808e-07
  1.545313e+07  1.365683e-07  1.546094e+07  1.393097e-07  1.546875e+07  1.421062e-07
  1.547657e+07  1.449625e-07  1.548438e+07  1.478725e-07  1.549219e+07  1.508409e-07
  1.550000e+07  1.538689e-07  1.550782e+07  1.569616e-07  1.551563e+07  1.601124e-07
  1.552344e+07  1.633265e-07  1.553125e+07  1.666051e-07  1.553907e+07  1.699539e-07
  1.554688e+07  1.733655e-07  1.555469e+07  1.768456e-07  1.556250e+07  1.803956e-07
  1.557032e+07  1.840215e-07  1.557813e+07  1.877156e-07  1.558594e+07  1.914838e-07
  1.559375e+07  1.953276e-07  1.560157e+07  1.992537e-07  1.560938e+07  2.032535e-07
  1.561719e+07  2.073335e-07  1.562500e+07  2.114955e-07  1.563282e+07  2.157466e-07
  1.564063e+07  2.200775e-07  1.565625e+07  2.290018e-07  1.567188e+07  2.382940e-07
  1.568750e+07  2.479571e-07  1.570313e+07  2.580185e-07  1.571875e+07  2.684813e-07
  1.573438e+07  2.793756e-07  1.575000e+07  2.907045e-07  1.576563e+07  3.025005e-07
  1.578125e+07  3.147671e-07  1.579688e+07  3.275395e-07  1.581250e+07  3.408215e-07
  1.582813e+07  3.546511e-07  1.584375e+07  3.690325e-07  1.585938e+07  3.840068e-07
  1.587500e+07  3.995786e-07  1.589063e+07  4.157924e-07  1.590625e+07  4.326531e-07
  1.592188e+07  4.502090e-07  1.593750e+07  4.684653e-07  1.595313e+07  4.874743e-07
  1.596875e+07  5.072418e-07  1.598438e+07  5.278243e-07  1.600000e+07  5.492280e-07
  1.601524e+07  5.674253e-07  1.603048e+07  5.862255e-07  1.604572e+07  6.056486e-07
  1.606095e+07  6.257018e-07  1.607619e+07  6.464329e-07  1.609143e+07  6.678508e-07
  1.610667e+07  6.899783e-07  1.612190e+07  7.128238e-07  1.613714e+07  7.364414e-07
  1.615238e+07  7.608415e-07  1.616762e+07  7.860501e-07  1.618285e+07  8.120765e-07
  1.619809e+07  8.389826e-07  1.621333e+07  8.667801e-07  1.622857e+07  8.954987e-07
  1.624380e+07  9.251490e-07  1.624383e+07  9.251995e-07  1.625565e+07  9.452925e-07
  1.626747e+07  9.658219e-07  1.627929e+07  9.867971e-07  1.629110e+07  1.008210e-06
  1.630292e+07  1.030105e-06  1.631473e+07  1.052458e-06  1.632655e+07  1.075314e-06
  1.633836e+07  1.098647e-06  1.635018e+07  1.122507e-06  1.636199e+07  1.146865e-06
  1.637381e+07  1.171772e-06  1.638562e+07  1.197198e-06  1.639744e+07  1.223198e-06
  1.640925e+07  1.249740e-06  1.642107e+07  1.276881e-06  1.643288e+07  1.304588e-06
  1.644470e+07  1.332921e-06  1.645651e+07  1.361844e-06  1.646833e+07  1.391420e-06
  1.648014e+07  1.421612e-06  1.649196e+07  1.452486e-06  1.650377e+07  1.484003e-06
  1.651559e+07  1.516232e-06  1.652740e+07  1.549133e-06  1.653922e+07  1.582776e-06
  1.655103e+07  1.617120e-06  1.656285e+07  1.652240e-06  1.657466e+07  1.688092e-06
  1.658648e+07  1.724753e-06  1.659829e+07  1.762179e-06  1.661011e+07  1.800449e-06
  1.662192e+07  1.839517e-06  1.663374e+07  1.879466e-06  1.664555e+07  1.920249e-06
  1.665737e+07  1.961952e-06  1.666918e+07  2.004524e-06  1.668100e+07  2.048057e-06
  1.669281e+07  2.092498e-06  1.670463e+07  2.137942e-06  1.671644e+07  2.184333e-06
  1.672826e+07  2.231771e-06  1.674007e+07  2.280198e-06  1.675189e+07  2.329718e-06
  1.676370e+07  2.380271e-06  1.677552e+07  2.431964e-06  1.678733e+07  2.484735e-06
  1.679915e+07  2.538698e-06  1.681096e+07  2.593785e-06  1.682278e+07  2.650115e-06
  1.683459e+07  2.707620e-06  1.684641e+07  2.766423e-06  1.685822e+07  2.826451e-06
  1.687004e+07  2.887835e-06  1.688185e+07  2.950498e-06  1.689367e+07  3.014575e-06
  1.690548e+07  3.079988e-06  1.691730e+07  3.146878e-06  1.692911e+07  3.215162e-06
  1.694093e+07  3.284987e-06  1.695274e+07  3.356268e-06  1.696456e+07  3.429157e-06
  1.697637e+07  3.503567e-06  1.698819e+07  3.579655e-06  1.700000e+07  3.657330e-06
  1.701563e+07  3.741397e-06  1.703125e+07  3.827340e-06  1.704688e+07  3.915315e-06
  1.706250e+07  4.005253e-06  1.707813e+07  4.097317e-06  1.709375e+07  4.191436e-06
  1.710938e+07  4.287780e-06  1.712500e+07  4.386274e-06  1.714063e+07  4.487096e-06
  1.715625e+07  4.590169e-06  1.717188e+07  4.695678e-06  1.718750e+07  4.803542e-06
  1.720313e+07  4.913955e-06  1.721875e+07  5.026833e-06  1.723438e+07  5.142379e-06
  1.725000e+07  5.260504e-06  1.726563e+07  5.381421e-06  1.728125e+07  5.505037e-06
  1.729688e+07  5.631575e-06  1.731250e+07  5.760938e-06  1.732813e+07  5.893357e-06
  1.734375e+07  6.028733e-06  1.735938e+07  6.167309e-06  1.737500e+07  6.308977e-06
  1.739063e+07  6.453994e-06  1.740625e+07  6.602249e-06  1.742188e+07  6.754007e-06
  1.743750e+07  6.909152e-06  1.745313e+07  7.067965e-06  1.746875e+07  7.230323e-06
  1.748438e+07  7.396517e-06  1.750000e+07  7.566422e-06  1.751563e+07  7.740343e-06
  1.753125e+07  7.918146e-06  1.754688e+07  8.100150e-06  1.756250e+07  8.286218e-06
  1.757813e+07  8.476684e-06  1.759375e+07  8.671401e-06  1.760938e+07  8.870720e-06
  1.762500e+07  9.074489e-06  1.764063e+07  9.283074e-06  1.765625e+07  9.496314e-06
  1.767188e+07  9.714595e-06  1.768750e+07  9.937748e-06  1.770313e+07  1.016618e-05
  1.771875e+07  1.039970e-05  1.773438e+07  1.063875e-05  1.775000e+07  1.088313e-05
  1.776563e+07  1.113329e-05  1.778125e+07  1.138903e-05  1.779688e+07  1.165081e-05
  1.781250e+07  1.191844e-05  1.782813e+07  1.219240e-05  1.784375e+07  1.247247e-05
  1.785938e+07  1.275916e-05  1.787500e+07  1.305225e-05  1.789063e+07  1.335227e-05
  1.790625e+07  1.365898e-05  1.792188e+07  1.397294e-05  1.793750e+07  1.429392e-05
  1.795313e+07  1.462247e-05  1.796875e+07  1.495836e-05  1.798438e+07  1.530219e-05
  1.800000e+07  1.565370e-05  1.803125e+07  1.622358e-05  1.806250e+07  1.681420e-05
  1.809375e+07  1.742632e-05  1.812500e+07  1.806073e-05  1.815625e+07  1.871823e-05
  1.818750e+07  1.939967e-05  1.821875e+07  2.010592e-05  1.825000e+07  2.083788e-05
  1.828125e+07  2.159649e-05  1.831250e+07  2.238271e-05  1.834375e+07  2.319756e-05
  1.837500e+07  2.404207e-05  1.840625e+07  2.491733e-05  1.843750e+07  2.582445e-05
  1.846875e+07  2.676459e-05  1.850000e+07  2.773896e-05  1.853125e+07  2.874880e-05
  1.856250e+07  2.979540e-05  1.859375e+07  3.088011e-05  1.862500e+07  3.200431e-05
  1.865625e+07  3.316943e-05  1.868750e+07  3.437697e-05  1.871875e+07  3.562847e-05
  1.875000e+07  3.692553e-05  1.878125e+07  3.826981e-05  1.881250e+07  3.966303e-05
  1.884375e+07  4.110697e-05  1.887500e+07  4.260347e-05  1.890625e+07  4.415446e-05
  1.893750e+07  4.576191e-05  1.896875e+07  4.742788e-05  1.900000e+07  4.915450e-05
  1.906250e+07  5.197731e-05  1.912500e+07  5.496223e-05  1.918750e+07  5.811857e-05
  1.925000e+07  6.145616e-05  1.931250e+07  6.498543e-05  1.937500e+07  6.871737e-05
  1.943750e+07  7.266363e-05  1.950000e+07  7.683651e-05  1.956250e+07  8.124902e-05
  1.962500e+07  8.591494e-05  1.968750e+07  9.084881e-05  1.975000e+07  9.606601e-05
  1.981250e+07  1.015828e-04  1.987500e+07  1.074165e-04  1.993750e+07  1.135851e-04
  2.000000e+07  1.201080e-04
