            25             3
           106             0
           106
             0
           293
  1.050000e+07  0.000000e+00  1.062950e+07  1.839090e-20  1.079810e+07  4.233450e-20
  1.089905e+07  5.667090e-20  1.100000e+07  7.100720e-20  1.107050e+07  2.033350e-19
  1.114100e+07  3.356620e-19  1.123730e+07  5.164160e-19  1.133360e+07  6.971700e-19
  1.139740e+07  8.169210e-19  1.150000e+07  1.009500e-18  1.156560e+07  2.365370e-18
  1.166930e+07  4.508730e-18  1.175198e+07  6.217620e-18  1.183465e+07  7.926310e-18
  1.191733e+07  9.635210e-18  1.200000e+07  1.134390e-17  1.210120e+07  3.026490e-17
  1.218230e+07  4.542780e-17  1.226340e+07  6.059080e-17  1.232240e+07  7.162180e-17
  1.240040e+07  8.620520e-17  1.243690e+07  9.302940e-17  1.250000e+07  1.048270e-16
  1.257088e+07  2.073010e-16  1.264175e+07  3.097610e-16  1.271263e+07  4.122360e-16
  1.278350e+07  5.146950e-16  1.285155e+07  6.130780e-16  1.291960e+07  7.114610e-16
  1.292240e+07  7.155090e-16  1.294090e+07  7.422560e-16  1.300000e+07  8.276990e-16
  1.304708e+07  1.286180e-15  1.309415e+07  1.744570e-15  1.314123e+07  2.203050e-15
  1.318830e+07  2.661430e-15  1.323538e+07  3.119920e-15  1.328245e+07  3.578300e-15
  1.332953e+07  4.036780e-15  1.337660e+07  4.495170e-15  1.342840e+07  4.999610e-15
  1.348020e+07  5.504060e-15  1.350000e+07  5.696880e-15  1.353125e+07  7.435740e-15
  1.356250e+07  9.174610e-15  1.359375e+07  1.091350e-14  1.362500e+07  1.265230e-14
  1.365625e+07  1.439120e-14  1.368750e+07  1.613010e-14  1.371875e+07  1.786890e-14
  1.375000e+07  1.960780e-14  1.378125e+07  2.134670e-14  1.381250e+07  2.308550e-14
  1.384375e+07  2.482440e-14  1.387500e+07  2.656330e-14  1.390625e+07  2.830210e-14
  1.393750e+07  3.004100e-14  1.396875e+07  3.177980e-14  1.400000e+07  3.351870e-14
  1.404383e+07  4.557190e-14  1.408765e+07  5.762230e-14  1.413148e+07  6.967550e-14
  1.417530e+07  8.172600e-14  1.421589e+07  9.288820e-14  1.425648e+07  1.040500e-13
  1.429707e+07  1.152130e-13  1.433765e+07  1.263720e-13  1.437824e+07  1.375340e-13
  1.441883e+07  1.486960e-13  1.445942e+07  1.598590e-13  1.450000e+07  1.710180e-13
  1.452900e+07  2.054880e-13  1.455800e+07  2.399580e-13  1.457490e+07  2.600460e-13
  1.460938e+07  3.010290e-13  1.464385e+07  3.420010e-13  1.467833e+07  3.829850e-13
  1.471280e+07  4.239560e-13  1.474728e+07  4.649400e-13  1.478175e+07  5.059120e-13
  1.481623e+07  5.468950e-13  1.485070e+07  5.878670e-13  1.488138e+07  6.243340e-13
  1.491205e+07  6.607890e-13  1.494273e+07  6.972560e-13  1.497340e+07  7.337110e-13
  1.500000e+07  7.653280e-13  1.504828e+07  1.253890e-12  1.509655e+07  1.742350e-12
  1.514483e+07  2.230920e-12  1.519310e+07  2.719380e-12  1.524138e+07  3.207940e-12
  1.528965e+07  3.696400e-12  1.533793e+07  4.184970e-12  1.538620e+07  4.673430e-12
  1.539400e+07  4.752360e-12  1.539406e+07  4.752970e-12  1.548240e+07  5.646910e-12
  1.550000e+07  5.825010e-12  1.554990e+07  6.329970e-12  1.559980e+07  6.834930e-12
  1.564725e+07  7.315090e-12  1.569470e+07  7.795260e-12  1.572190e+07  8.070500e-12
  1.579143e+07  8.774100e-12  1.586095e+07  9.477600e-12  1.593048e+07  1.018120e-11
  1.600000e+07  1.088470e-11  1.606250e+07  1.683910e-11  1.612500e+07  2.279350e-11
  1.618750e+07  2.874790e-11  1.625000e+07  3.470230e-11  1.631250e+07  4.065670e-11
  1.637500e+07  4.661110e-11  1.643750e+07  5.256550e-11  1.650000e+07  5.851990e-11
  1.657310e+07  6.548410e-11  1.664620e+07  7.244840e-11  1.673465e+07  8.087500e-11
  1.682310e+07  8.930170e-11  1.691155e+07  9.772830e-11  1.700000e+07  1.061550e-10
  1.710450e+07  1.754740e-10  1.720900e+07  2.447920e-10  1.734175e+07  3.328500e-10
  1.747450e+07  4.209080e-10  1.750000e+07  4.378230e-10  1.751910e+07  4.504920e-10
  1.757460e+07  4.873070e-10  1.762180e+07  5.186170e-10  1.768560e+07  5.609380e-10
  1.775310e+07  6.057130e-10  1.791030e+07  7.099890e-10  1.793030e+07  7.232560e-10
  1.793130e+07  7.239190e-10  1.795750e+07  7.412980e-10  1.797650e+07  7.539020e-10
  1.800000e+07  7.694900e-10  1.808980e+07  1.095926e-09  1.817960e+07  1.422362e-09
  1.826545e+07  1.734440e-09  1.835130e+07  2.046517e-09  1.844020e+07  2.369681e-09
  1.850000e+07  2.587063e-09  1.859895e+07  2.946761e-09  1.869790e+07  3.306458e-09
  1.884895e+07  3.855547e-09  1.900000e+07  4.404636e-09  1.900090e+07  4.419437e-09
  1.911500e+07  6.295861e-09  1.922910e+07  8.172285e-09  1.931420e+07  9.571791e-09
  1.939930e+07  1.097130e-08  1.950000e+07  1.262735e-08  1.950830e+07  1.276385e-08
  1.960300e+07  1.432123e-08  1.960850e+07  1.441168e-08  1.964760e+07  1.505470e-08
  1.974430e+07  1.664497e-08  1.987215e+07  1.874752e-08  2.000000e+07  2.085007e-08
  2.000001e+07  0.000000e+00  2.100000e+07  0.000000e+00  2.200000e+07  0.000000e+00
  2.300000e+07  0.000000e+00  2.400000e+07  0.000000e+00  2.500000e+07  0.000000e+00
  2.600000e+07  0.000000e+00  2.700000e+07  0.000000e+00  2.800000e+07  0.000000e+00
  2.900000e+07  0.000000e+00  3.000000e+07  0.000000e+00  3.100000e+07  0.000000e+00
  3.200000e+07  0.000000e+00  3.300000e+07  0.000000e+00  3.400000e+07  0.000000e+00
  3.500000e+07  0.000000e+00  3.600000e+07  0.000000e+00  3.700000e+07  0.000000e+00
  3.800000e+07  0.000000e+00  3.900000e+07  0.000000e+00  4.000000e+07  0.000000e+00
  4.100000e+07  0.000000e+00  4.200000e+07  0.000000e+00  4.300000e+07  0.000000e+00
  4.400000e+07  0.000000e+00  4.500000e+07  0.000000e+00  4.600000e+07  0.000000e+00
  4.700000e+07  0.000000e+00  4.800000e+07  0.000000e+00  4.900000e+07  0.000000e+00
  5.000000e+07  0.000000e+00  5.100000e+07  0.000000e+00  5.200000e+07  0.000000e+00
  5.300000e+07  0.000000e+00  5.400000e+07  0.000000e+00  5.500000e+07  0.000000e+00
  5.600000e+07  0.000000e+00  5.700000e+07  0.000000e+00  5.800000e+07  0.000000e+00
  5.900000e+07  0.000000e+00  6.000000e+07  0.000000e+00  6.100000e+07  0.000000e+00
  6.200000e+07  0.000000e+00  6.300000e+07  0.000000e+00  6.400000e+07  0.000000e+00
  6.500000e+07  0.000000e+00  6.600000e+07  0.000000e+00  6.700000e+07  0.000000e+00
  6.800000e+07  0.000000e+00  6.900000e+07  0.000000e+00  7.000000e+07  0.000000e+00
  7.100000e+07  0.000000e+00  7.200000e+07  0.000000e+00  7.300000e+07  0.000000e+00
  7.400000e+07  0.000000e+00  7.500000e+07  0.000000e+00  7.600000e+07  0.000000e+00
  7.700000e+07  0.000000e+00  7.800000e+07  0.000000e+00  7.900000e+07  0.000000e+00
  8.000000e+07  0.000000e+00  8.100000e+07  0.000000e+00  8.200000e+07  0.000000e+00
  8.300000e+07  0.000000e+00  8.400000e+07  0.000000e+00  8.500000e+07  0.000000e+00
  8.600000e+07  0.000000e+00  8.700000e+07  0.000000e+00  8.800000e+07  0.000000e+00
  8.900000e+07  0.000000e+00  9.000000e+07  0.000000e+00  9.100000e+07  0.000000e+00
  9.200000e+07  0.000000e+00  9.300000e+07  0.000000e+00  9.400000e+07  0.000000e+00
  9.500000e+07  0.000000e+00  9.600000e+07  0.000000e+00  9.700000e+07  0.000000e+00
  9.800000e+07  0.000000e+00  9.900000e+07  0.000000e+00  1.000000e+08  0.000000e+00
  1.020000e+08  0.000000e+00  1.040000e+08  0.000000e+00  1.060000e+08  0.000000e+00
  1.080000e+08  0.000000e+00  1.100000e+08  0.000000e+00  1.120000e+08  0.000000e+00
  1.140000e+08  0.000000e+00  1.160000e+08  0.000000e+00  1.180000e+08  0.000000e+00
  1.200000e+08  0.000000e+00  1.220000e+08  0.000000e+00  1.240000e+08  0.000000e+00
  1.260000e+08  0.000000e+00  1.280000e+08  0.000000e+00  1.300000e+08  0.000000e+00
  1.320000e+08  0.000000e+00  1.340000e+08  0.000000e+00  1.360000e+08  0.000000e+00
  1.380000e+08  0.000000e+00  1.400000e+08  0.000000e+00  1.420000e+08  0.000000e+00
  1.440000e+08  0.000000e+00  1.460000e+08  0.000000e+00  1.480000e+08  0.000000e+00
  1.500000e+08  0.000000e+00  1.520000e+08  0.000000e+00  1.540000e+08  0.000000e+00
  1.560000e+08  0.000000e+00  1.580000e+08  0.000000e+00  1.600000e+08  0.000000e+00
  1.620000e+08  0.000000e+00  1.640000e+08  0.000000e+00  1.660000e+08  0.000000e+00
  1.680000e+08  0.000000e+00  1.700000e+08  0.000000e+00  1.720000e+08  0.000000e+00
  1.740000e+08  0.000000e+00  1.760000e+08  0.000000e+00  1.780000e+08  0.000000e+00
  1.800000e+08  0.000000e+00  1.820000e+08  0.000000e+00  1.840000e+08  0.000000e+00
  1.860000e+08  0.000000e+00  1.880000e+08  0.000000e+00  1.900000e+08  0.000000e+00
  1.920000e+08  0.000000e+00  1.940000e+08  0.000000e+00  1.960000e+08  0.000000e+00
  1.980000e+08  0.000000e+00  2.000000e+08  0.000000e+00
            25             3
           750             0
 -4.621360e+06
             0
           293
  1.050000e+07  0.000000e+00  1.062950e+07  1.524210e-20  1.079810e+07  3.508630e-20
  1.089905e+07  4.696800e-20  1.100000e+07  5.884980e-20  1.107050e+07  1.549360e-19
  1.114100e+07  2.510210e-19  1.123730e+07  3.822700e-19  1.133360e+07  5.135190e-19
  1.139740e+07  6.004740e-19  1.150000e+07  7.403090e-19  1.156560e+07  1.564310e-18
  1.166930e+07  2.866880e-18  1.175198e+07  3.905430e-18  1.183465e+07  4.943840e-18
  1.191733e+07  5.982380e-18  1.200000e+07  7.020800e-18  1.210120e+07  1.678440e-17
  1.218230e+07  2.460880e-17  1.226340e+07  3.243320e-17  1.232240e+07  3.812540e-17
  1.240040e+07  4.565070e-17  1.243690e+07  4.917210e-17  1.250000e+07  5.525990e-17
  1.257088e+07  1.014030e-16  1.264175e+07  1.475390e-16  1.271263e+07  1.936820e-16
  1.278350e+07  2.398190e-16  1.285155e+07  2.841190e-16  1.291960e+07  3.284200e-16
  1.292240e+07  3.302420e-16  1.294090e+07  3.422860e-16  1.300000e+07  3.807600e-16
  1.304708e+07  5.638770e-16  1.309415e+07  7.469550e-16  1.314123e+07  9.300710e-16
  1.318830e+07  1.113150e-15  1.323538e+07  1.296270e-15  1.328245e+07  1.479340e-15
  1.332953e+07  1.662460e-15  1.337660e+07  1.845540e-15  1.342840e+07  2.047010e-15
  1.348020e+07  2.248490e-15  1.350000e+07  2.325500e-15  1.353125e+07  2.962440e-15
  1.356250e+07  3.599390e-15  1.359375e+07  4.236330e-15  1.362500e+07  4.873280e-15
  1.365625e+07  5.510220e-15  1.368750e+07  6.147160e-15  1.371875e+07  6.784110e-15
  1.375000e+07  7.421050e-15  1.378125e+07  8.057990e-15  1.381250e+07  8.694940e-15
  1.384375e+07  9.331880e-15  1.387500e+07  9.968830e-15  1.390625e+07  1.060580e-14
  1.393750e+07  1.124270e-14  1.396875e+07  1.187970e-14  1.400000e+07  1.251660e-14
  1.404383e+07  1.660490e-14  1.408765e+07  2.069230e-14  1.413148e+07  2.478060e-14
  1.417530e+07  2.886800e-14  1.421589e+07  3.265400e-14  1.425648e+07  3.644010e-14
  1.429707e+07  4.022620e-14  1.433765e+07  4.401140e-14  1.437824e+07  4.779750e-14
  1.441883e+07  5.158360e-14  1.445942e+07  5.536960e-14  1.450000e+07  5.915480e-14
  1.452900e+07  7.001580e-14  1.455800e+07  8.087680e-14  1.457490e+07  8.720610e-14
  1.460938e+07  1.001190e-13  1.464385e+07  1.130290e-13  1.467833e+07  1.259420e-13
  1.471280e+07  1.388520e-13  1.474728e+07  1.517650e-13  1.478175e+07  1.646750e-13
  1.481623e+07  1.775880e-13  1.485070e+07  1.904980e-13  1.488138e+07  2.019880e-13
  1.491205e+07  2.134740e-13  1.494273e+07  2.249640e-13  1.497340e+07  2.364510e-13
  1.500000e+07  2.464130e-13  1.504828e+07  3.813170e-13  1.509655e+07  5.161940e-13
  1.514483e+07  6.510980e-13  1.519310e+07  7.859740e-13  1.524138e+07  9.208790e-13
  1.528965e+07  1.055760e-12  1.533793e+07  1.190660e-12  1.538620e+07  1.325540e-12
  1.539400e+07  1.347330e-12  1.539406e+07  1.347500e-12  1.548240e+07  1.594340e-12
  1.550000e+07  1.643520e-12  1.554990e+07  1.782950e-12  1.559980e+07  1.922380e-12
  1.564725e+07  2.054960e-12  1.569470e+07  2.187550e-12  1.572190e+07  2.263550e-12
  1.579143e+07  2.457830e-12  1.586095e+07  2.652090e-12  1.593048e+07  2.846370e-12
  1.600000e+07  3.040620e-12  1.606250e+07  4.451530e-12  1.612500e+07  5.862430e-12
  1.618750e+07  7.273340e-12  1.625000e+07  8.684240e-12  1.631250e+07  1.009520e-11
  1.637500e+07  1.150610e-11  1.643750e+07  1.291700e-11  1.650000e+07  1.432790e-11
  1.657310e+07  1.597810e-11  1.664620e+07  1.762830e-11  1.673465e+07  1.962500e-11
  1.682310e+07  2.162170e-11  1.691155e+07  2.361840e-11  1.700000e+07  2.561510e-11
  1.710450e+07  3.964430e-11  1.720900e+07  5.367350e-11  1.734175e+07  7.149540e-11
  1.747450e+07  8.931720e-11  1.750000e+07  9.274060e-11  1.751910e+07  9.530470e-11
  1.757460e+07  1.027560e-10  1.762180e+07  1.090920e-10  1.768560e+07  1.176580e-10
  1.775310e+07  1.267200e-10  1.791030e+07  1.478240e-10  1.793030e+07  1.505090e-10
  1.793130e+07  1.506430e-10  1.795750e+07  1.541600e-10  1.797650e+07  1.567110e-10
  1.800000e+07  1.598660e-10  1.808980e+07  2.162550e-10  1.817960e+07  2.726440e-10
  1.826545e+07  3.265530e-10  1.835130e+07  3.804610e-10  1.844020e+07  4.362850e-10
  1.850000e+07  4.738360e-10  1.859895e+07  5.359710e-10  1.869790e+07  5.981050e-10
  1.884895e+07  6.929560e-10  1.900000e+07  7.878060e-10  1.900090e+07  7.899940e-10
  1.911500e+07  1.067398e-09  1.922910e+07  1.344802e-09  1.931420e+07  1.551700e-09
  1.939930e+07  1.758598e-09  1.950000e+07  2.003423e-09  1.950830e+07  2.023602e-09
  1.960300e+07  2.253840e-09  1.960850e+07  2.267212e-09  1.964760e+07  2.362273e-09
  1.974430e+07  2.597373e-09  1.987215e+07  2.908207e-09  2.000000e+07  3.219040e-09
  2.000001e+07  0.000000e+00  2.100000e+07  0.000000e+00  2.200000e+07  0.000000e+00
  2.300000e+07  0.000000e+00  2.400000e+07  0.000000e+00  2.500000e+07  0.000000e+00
  2.600000e+07  0.000000e+00  2.700000e+07  0.000000e+00  2.800000e+07  0.000000e+00
  2.900000e+07  0.000000e+00  3.000000e+07  0.000000e+00  3.100000e+07  0.000000e+00
  3.200000e+07  0.000000e+00  3.300000e+07  0.000000e+00  3.400000e+07  0.000000e+00
  3.500000e+07  0.000000e+00  3.600000e+07  0.000000e+00  3.700000e+07  0.000000e+00
  3.800000e+07  0.000000e+00  3.900000e+07  0.000000e+00  4.000000e+07  0.000000e+00
  4.100000e+07  0.000000e+00  4.200000e+07  0.000000e+00  4.300000e+07  0.000000e+00
  4.400000e+07  0.000000e+00  4.500000e+07  0.000000e+00  4.600000e+07  0.000000e+00
  4.700000e+07  0.000000e+00  4.800000e+07  0.000000e+00  4.900000e+07  0.000000e+00
  5.000000e+07  0.000000e+00  5.100000e+07  0.000000e+00  5.200000e+07  0.000000e+00
  5.300000e+07  0.000000e+00  5.400000e+07  0.000000e+00  5.500000e+07  0.000000e+00
  5.600000e+07  0.000000e+00  5.700000e+07  0.000000e+00  5.800000e+07  0.000000e+00
  5.900000e+07  0.000000e+00  6.000000e+07  0.000000e+00  6.100000e+07  0.000000e+00
  6.200000e+07  0.000000e+00  6.300000e+07  0.000000e+00  6.400000e+07  0.000000e+00
  6.500000e+07  0.000000e+00  6.600000e+07  0.000000e+00  6.700000e+07  0.000000e+00
  6.800000e+07  0.000000e+00  6.900000e+07  0.000000e+00  7.000000e+07  0.000000e+00
  7.100000e+07  0.000000e+00  7.200000e+07  0.000000e+00  7.300000e+07  0.000000e+00
  7.400000e+07  0.000000e+00  7.500000e+07  0.000000e+00  7.600000e+07  0.000000e+00
  7.700000e+07  0.000000e+00  7.800000e+07  0.000000e+00  7.900000e+07  0.000000e+00
  8.000000e+07  0.000000e+00  8.100000e+07  0.000000e+00  8.200000e+07  0.000000e+00
  8.300000e+07  0.000000e+00  8.400000e+07  0.000000e+00  8.500000e+07  0.000000e+00
  8.600000e+07  0.000000e+00  8.700000e+07  0.000000e+00  8.800000e+07  0.000000e+00
  8.900000e+07  0.000000e+00  9.000000e+07  0.000000e+00  9.100000e+07  0.000000e+00
  9.200000e+07  0.000000e+00  9.300000e+07  0.000000e+00  9.400000e+07  0.000000e+00
  9.500000e+07  0.000000e+00  9.600000e+07  0.000000e+00  9.700000e+07  0.000000e+00
  9.800000e+07  0.000000e+00  9.900000e+07  0.000000e+00  1.000000e+08  0.000000e+00
  1.020000e+08  0.000000e+00  1.040000e+08  0.000000e+00  1.060000e+08  0.000000e+00
  1.080000e+08  0.000000e+00  1.100000e+08  0.000000e+00  1.120000e+08  0.000000e+00
  1.140000e+08  0.000000e+00  1.160000e+08  0.000000e+00  1.180000e+08  0.000000e+00
  1.200000e+08  0.000000e+00  1.220000e+08  0.000000e+00  1.240000e+08  0.000000e+00
  1.260000e+08  0.000000e+00  1.280000e+08  0.000000e+00  1.300000e+08  0.000000e+00
  1.320000e+08  0.000000e+00  1.340000e+08  0.000000e+00  1.360000e+08  0.000000e+00
  1.380000e+08  0.000000e+00  1.400000e+08  0.000000e+00  1.420000e+08  0.000000e+00
  1.440000e+08  0.000000e+00  1.460000e+08  0.000000e+00  1.480000e+08  0.000000e+00
  1.500000e+08  0.000000e+00  1.520000e+08  0.000000e+00  1.540000e+08  0.000000e+00
  1.560000e+08  0.000000e+00  1.580000e+08  0.000000e+00  1.600000e+08  0.000000e+00
  1.620000e+08  0.000000e+00  1.640000e+08  0.000000e+00  1.660000e+08  0.000000e+00
  1.680000e+08  0.000000e+00  1.700000e+08  0.000000e+00  1.720000e+08  0.000000e+00
  1.740000e+08  0.000000e+00  1.760000e+08  0.000000e+00  1.780000e+08  0.000000e+00
  1.800000e+08  0.000000e+00  1.820000e+08  0.000000e+00  1.840000e+08  0.000000e+00
  1.860000e+08  0.000000e+00  1.880000e+08  0.000000e+00  1.900000e+08  0.000000e+00
  1.920000e+08  0.000000e+00  1.940000e+08  0.000000e+00  1.960000e+08  0.000000e+00
  1.980000e+08  0.000000e+00  2.000000e+08  0.000000e+00
            25             3
           751             0
 -5.060920e+06
             0
           293
  1.050000e+07  0.000000e+00  1.062950e+07  3.148770e-21  1.079810e+07  7.248240e-21
  1.089905e+07  9.702820e-21  1.100000e+07  1.215740e-20  1.107050e+07  4.839960e-20
  1.114100e+07  8.464170e-20  1.123730e+07  1.341470e-19  1.133360e+07  1.836520e-19
  1.139740e+07  2.164500e-19  1.150000e+07  2.691940e-19  1.156560e+07  7.659550e-19
  1.166930e+07  1.551230e-18  1.175198e+07  2.177330e-18  1.183465e+07  2.803360e-18
  1.191733e+07  3.429460e-18  1.200000e+07  4.055480e-18  1.210120e+07  1.239300e-17
  1.218230e+07  1.907460e-17  1.226340e+07  2.575610e-17  1.232240e+07  3.061690e-17
  1.240040e+07  3.704310e-17  1.243690e+07  4.005020e-17  1.250000e+07  4.524880e-17
  1.257088e+07  9.491350e-17  1.264175e+07  1.445710e-16  1.271263e+07  1.942360e-16
  1.278350e+07  2.438930e-16  1.285155e+07  2.915750e-16  1.291960e+07  3.392570e-16
  1.292240e+07  3.412190e-16  1.294090e+07  3.541810e-16  1.300000e+07  3.955920e-16
  1.304708e+07  6.232590e-16  1.309415e+07  8.508780e-16  1.314123e+07  1.078550e-15
  1.318830e+07  1.306170e-15  1.323538e+07  1.533830e-15  1.328245e+07  1.761450e-15
  1.332953e+07  1.989120e-15  1.337660e+07  2.216740e-15  1.342840e+07  2.467230e-15
  1.348020e+07  2.717720e-15  1.350000e+07  2.813470e-15  1.353125e+07  3.681890e-15
  1.356250e+07  4.550310e-15  1.359375e+07  5.418730e-15  1.362500e+07  6.287150e-15
  1.365625e+07  7.155570e-15  1.368750e+07  8.023990e-15  1.371875e+07  8.892410e-15
  1.375000e+07  9.760840e-15  1.378125e+07  1.062930e-14  1.381250e+07  1.149770e-14
  1.384375e+07  1.236610e-14  1.387500e+07  1.323450e-14  1.390625e+07  1.410290e-14
  1.393750e+07  1.497140e-14  1.396875e+07  1.583980e-14  1.400000e+07  1.670820e-14
  1.404383e+07  2.265770e-14  1.408765e+07  2.860580e-14  1.413148e+07  3.455530e-14
  1.417530e+07  4.050350e-14  1.421589e+07  4.601320e-14  1.425648e+07  5.152290e-14
  1.429707e+07  5.703250e-14  1.433765e+07  6.254090e-14  1.437824e+07  6.805060e-14
  1.441883e+07  7.356030e-14  1.445942e+07  7.907000e-14  1.450000e+07  8.457830e-14
  1.452900e+07  1.012200e-13  1.455800e+07  1.178620e-13  1.457490e+07  1.275600e-13
  1.460938e+07  1.473470e-13  1.464385e+07  1.671280e-13  1.467833e+07  1.869150e-13
  1.471280e+07  2.066960e-13  1.474728e+07  2.264820e-13  1.478175e+07  2.462630e-13
  1.481623e+07  2.660500e-13  1.485070e+07  2.858310e-13  1.488138e+07  3.034370e-13
  1.491205e+07  3.210370e-13  1.494273e+07  3.386430e-13  1.497340e+07  3.562430e-13
  1.500000e+07  3.715080e-13  1.504828e+07  5.941770e-13  1.509655e+07  8.168000e-13
  1.514483e+07  1.039470e-12  1.519310e+07  1.262090e-12  1.524138e+07  1.484760e-12
  1.528965e+07  1.707380e-12  1.533793e+07  1.930050e-12  1.538620e+07  2.152680e-12
  1.539400e+07  2.188650e-12  1.539406e+07  2.188930e-12  1.548240e+07  2.596350e-12
  1.550000e+07  2.677520e-12  1.554990e+07  2.907660e-12  1.559980e+07  3.137810e-12
  1.564725e+07  3.356650e-12  1.569470e+07  3.575490e-12  1.572190e+07  3.700930e-12
  1.579143e+07  4.021610e-12  1.586095e+07  4.342240e-12  1.593048e+07  4.662910e-12
  1.600000e+07  4.983540e-12  1.606250e+07  7.479160e-12  1.612500e+07  9.974770e-12
  1.618750e+07  1.247040e-11  1.625000e+07  1.496600e-11  1.631250e+07  1.746160e-11
  1.637500e+07  1.995720e-11  1.643750e+07  2.245290e-11  1.650000e+07  2.494850e-11
  1.657310e+07  2.786730e-11  1.664620e+07  3.078620e-11  1.673465e+07  3.431800e-11
  1.682310e+07  3.784980e-11  1.691155e+07  4.138160e-11  1.700000e+07  4.491340e-11
  1.710450e+07  7.120210e-11  1.720900e+07  9.749080e-11  1.734175e+07  1.308860e-10
  1.747450e+07  1.642820e-10  1.750000e+07  1.706970e-10  1.751910e+07  1.755020e-10
  1.757460e+07  1.894640e-10  1.762180e+07  2.013380e-10  1.768560e+07  2.173880e-10
  1.775310e+07  2.343680e-10  1.791030e+07  2.739150e-10  1.793030e+07  2.789460e-10
  1.793130e+07  2.791970e-10  1.795750e+07  2.857880e-10  1.797650e+07  2.905680e-10
  1.800000e+07  2.964800e-10  1.808980e+07  4.073120e-10  1.817960e+07  5.181440e-10
  1.826545e+07  6.241010e-10  1.835130e+07  7.300580e-10  1.844020e+07  8.397790e-10
  1.850000e+07  9.135850e-10  1.859895e+07  1.035710e-09  1.869790e+07  1.157835e-09
  1.884895e+07  1.344263e-09  1.900000e+07  1.530690e-09  1.900090e+07  1.535163e-09
  1.911500e+07  2.102254e-09  1.922910e+07  2.669344e-09  1.931420e+07  3.092302e-09
  1.939930e+07  3.515259e-09  1.950000e+07  4.015750e-09  1.950830e+07  4.057002e-09
  1.960300e+07  4.527672e-09  1.960850e+07  4.555008e-09  1.964760e+07  4.749340e-09
  1.974430e+07  5.229950e-09  1.987215e+07  5.865380e-09  2.000000e+07  6.500810e-09
  2.000001e+07  0.000000e+00  2.100000e+07  0.000000e+00  2.200000e+07  0.000000e+00
  2.300000e+07  0.000000e+00  2.400000e+07  0.000000e+00  2.500000e+07  0.000000e+00
  2.600000e+07  0.000000e+00  2.700000e+07  0.000000e+00  2.800000e+07  0.000000e+00
  2.900000e+07  0.000000e+00  3.000000e+07  0.000000e+00  3.100000e+07  0.000000e+00
  3.200000e+07  0.000000e+00  3.300000e+07  0.000000e+00  3.400000e+07  0.000000e+00
  3.500000e+07  0.000000e+00  3.600000e+07  0.000000e+00  3.700000e+07  0.000000e+00
  3.800000e+07  0.000000e+00  3.900000e+07  0.000000e+00  4.000000e+07  0.000000e+00
  4.100000e+07  0.000000e+00  4.200000e+07  0.000000e+00  4.300000e+07  0.000000e+00
  4.400000e+07  0.000000e+00  4.500000e+07  0.000000e+00  4.600000e+07  0.000000e+00
  4.700000e+07  0.000000e+00  4.800000e+07  0.000000e+00  4.900000e+07  0.000000e+00
  5.000000e+07  0.000000e+00  5.100000e+07  0.000000e+00  5.200000e+07  0.000000e+00
  5.300000e+07  0.000000e+00  5.400000e+07  0.000000e+00  5.500000e+07  0.000000e+00
  5.600000e+07  0.000000e+00  5.700000e+07  0.000000e+00  5.800000e+07  0.000000e+00
  5.900000e+07  0.000000e+00  6.000000e+07  0.000000e+00  6.100000e+07  0.000000e+00
  6.200000e+07  0.000000e+00  6.300000e+07  0.000000e+00  6.400000e+07  0.000000e+00
  6.500000e+07  0.000000e+00  6.600000e+07  0.000000e+00  6.700000e+07  0.000000e+00
  6.800000e+07  0.000000e+00  6.900000e+07  0.000000e+00  7.000000e+07  0.000000e+00
  7.100000e+07  0.000000e+00  7.200000e+07  0.000000e+00  7.300000e+07  0.000000e+00
  7.400000e+07  0.000000e+00  7.500000e+07  0.000000e+00  7.600000e+07  0.000000e+00
  7.700000e+07  0.000000e+00  7.800000e+07  0.000000e+00  7.900000e+07  0.000000e+00
  8.000000e+07  0.000000e+00  8.100000e+07  0.000000e+00  8.200000e+07  0.000000e+00
  8.300000e+07  0.000000e+00  8.400000e+07  0.000000e+00  8.500000e+07  0.000000e+00
  8.600000e+07  0.000000e+00  8.700000e+07  0.000000e+00  8.800000e+07  0.000000e+00
  8.900000e+07  0.000000e+00  9.000000e+07  0.000000e+00  9.100000e+07  0.000000e+00
  9.200000e+07  0.000000e+00  9.300000e+07  0.000000e+00  9.400000e+07  0.000000e+00
  9.500000e+07  0.000000e+00  9.600000e+07  0.000000e+00  9.700000e+07  0.000000e+00
  9.800000e+07  0.000000e+00  9.900000e+07  0.000000e+00  1.000000e+08  0.000000e+00
  1.020000e+08  0.000000e+00  1.040000e+08  0.000000e+00  1.060000e+08  0.000000e+00
  1.080000e+08  0.000000e+00  1.100000e+08  0.000000e+00  1.120000e+08  0.000000e+00
  1.140000e+08  0.000000e+00  1.160000e+08  0.000000e+00  1.180000e+08  0.000000e+00
  1.200000e+08  0.000000e+00  1.220000e+08  0.000000e+00  1.240000e+08  0.000000e+00
  1.260000e+08  0.000000e+00  1.280000e+08  0.000000e+00  1.300000e+08  0.000000e+00
  1.320000e+08  0.000000e+00  1.340000e+08  0.000000e+00  1.360000e+08  0.000000e+00
  1.380000e+08  0.000000e+00  1.400000e+08  0.000000e+00  1.420000e+08  0.000000e+00
  1.440000e+08  0.000000e+00  1.460000e+08  0.000000e+00  1.480000e+08  0.000000e+00
  1.500000e+08  0.000000e+00  1.520000e+08  0.000000e+00  1.540000e+08  0.000000e+00
  1.560000e+08  0.000000e+00  1.580000e+08  0.000000e+00  1.600000e+08  0.000000e+00
  1.620000e+08  0.000000e+00  1.640000e+08  0.000000e+00  1.660000e+08  0.000000e+00
  1.680000e+08  0.000000e+00  1.700000e+08  0.000000e+00  1.720000e+08  0.000000e+00
  1.740000e+08  0.000000e+00  1.760000e+08  0.000000e+00  1.780000e+08  0.000000e+00
  1.800000e+08  0.000000e+00  1.820000e+08  0.000000e+00  1.840000e+08  0.000000e+00
  1.860000e+08  0.000000e+00  1.880000e+08  0.000000e+00  1.900000e+08  0.000000e+00
  1.920000e+08  0.000000e+00  1.940000e+08  0.000000e+00  1.960000e+08  0.000000e+00
  1.980000e+08  0.000000e+00  2.000000e+08  0.000000e+00
            25             3
           752             0
 -5.581300e+06
             0
           283
  1.150000e+07  0.000000e+00  1.156560e+07  2.854510e-20  1.166930e+07  7.366890e-20
  1.175198e+07  1.096460e-19  1.183465e+07  1.456190e-19  1.191733e+07  1.815960e-19
  1.200000e+07  2.175690e-19  1.210120e+07  9.111600e-19  1.218230e+07  1.466990e-18
  1.226340e+07  2.022820e-18  1.232240e+07  2.427190e-18  1.240040e+07  2.961780e-18
  1.243690e+07  3.211930e-18  1.250000e+07  3.644400e-18  1.257088e+07  9.419410e-18
  1.264175e+07  1.519360e-17  1.271263e+07  2.096860e-17  1.278350e+07  2.674280e-17
  1.285155e+07  3.228720e-17  1.291960e+07  3.783170e-17  1.292240e+07  3.805980e-17
  1.294090e+07  3.956710e-17  1.300000e+07  4.438230e-17  1.304708e+07  7.916550e-17
  1.309415e+07  1.139410e-16  1.314123e+07  1.487250e-16  1.318830e+07  1.835010e-16
  1.323538e+07  2.182840e-16  1.328245e+07  2.530600e-16  1.332953e+07  2.878430e-16
  1.337660e+07  3.226190e-16  1.342840e+07  3.608890e-16  1.348020e+07  3.991600e-16
  1.350000e+07  4.137880e-16  1.353125e+07  5.798880e-16  1.356250e+07  7.459870e-16
  1.359375e+07  9.120870e-16  1.362500e+07  1.078190e-15  1.365625e+07  1.244290e-15
  1.368750e+07  1.410390e-15  1.371875e+07  1.576490e-15  1.375000e+07  1.742580e-15
  1.378125e+07  1.908680e-15  1.381250e+07  2.074780e-15  1.384375e+07  2.240880e-15
  1.387500e+07  2.406980e-15  1.390625e+07  2.573080e-15  1.393750e+07  2.739180e-15
  1.396875e+07  2.905280e-15  1.400000e+07  3.071380e-15  1.404383e+07  4.443450e-15
  1.408765e+07  5.815200e-15  1.413148e+07  7.187260e-15  1.417530e+07  8.559010e-15
  1.421589e+07  9.829650e-15  1.425648e+07  1.110030e-14  1.429707e+07  1.237090e-14
  1.433765e+07  1.364130e-14  1.437824e+07  1.491190e-14  1.441883e+07  1.618250e-14
  1.445942e+07  1.745320e-14  1.450000e+07  1.872350e-14  1.452900e+07  2.321790e-14
  1.455800e+07  2.771230e-14  1.457490e+07  3.033140e-14  1.460938e+07  3.567510e-14
  1.464385e+07  4.101720e-14  1.467833e+07  4.636090e-14  1.471280e+07  5.170300e-14
  1.474728e+07  5.704670e-14  1.478175e+07  6.238880e-14  1.481623e+07  6.773250e-14
  1.485070e+07  7.307460e-14  1.488138e+07  7.782940e-14  1.491205e+07  8.258260e-14
  1.494273e+07  8.733740e-14  1.497340e+07  9.209060e-14  1.500000e+07  9.621300e-14
  1.504828e+07  1.715590e-13  1.509655e+07  2.468890e-13  1.514483e+07  3.222340e-13
  1.519310e+07  3.975640e-13  1.524138e+07  4.729100e-13  1.528965e+07  5.482400e-13
  1.533793e+07  6.235860e-13  1.538620e+07  6.989160e-13  1.539400e+07  7.110880e-13
  1.539406e+07  7.111820e-13  1.548240e+07  8.490450e-13  1.550000e+07  8.765120e-13
  1.554990e+07  9.543850e-13  1.559980e+07  1.032260e-12  1.564725e+07  1.106310e-12
  1.569470e+07  1.180360e-12  1.572190e+07  1.222810e-12  1.579143e+07  1.331320e-12
  1.586095e+07  1.439810e-12  1.593048e+07  1.548320e-12  1.600000e+07  1.656810e-12
  1.606250e+07  2.681030e-12  1.612500e+07  3.705250e-12  1.618750e+07  4.729460e-12
  1.625000e+07  5.753680e-12  1.631250e+07  6.777900e-12  1.637500e+07  7.802120e-12
  1.643750e+07  8.826340e-12  1.650000e+07  9.850560e-12  1.657310e+07  1.104850e-11
  1.664620e+07  1.224640e-11  1.673465e+07  1.369590e-11  1.682310e+07  1.514540e-11
  1.691155e+07  1.659480e-11  1.700000e+07  1.804430e-11  1.710450e+07  3.057050e-11
  1.720900e+07  4.309670e-11  1.734175e+07  5.900910e-11  1.747450e+07  7.492150e-11
  1.750000e+07  7.797820e-11  1.751910e+07  8.026760e-11  1.757460e+07  8.692030e-11
  1.762180e+07  9.257800e-11  1.768560e+07  1.002260e-10  1.775310e+07  1.083170e-10
  1.791030e+07  1.271600e-10  1.793030e+07  1.295570e-10  1.793130e+07  1.296770e-10
  1.795750e+07  1.328180e-10  1.797650e+07  1.350950e-10  1.800000e+07  1.379120e-10
  1.808980e+07  1.972760e-10  1.817960e+07  2.566400e-10  1.826545e+07  3.133930e-10
  1.835130e+07  3.701460e-10  1.844020e+07  4.289160e-10  1.850000e+07  4.684480e-10
  1.859895e+07  5.338610e-10  1.869790e+07  5.992740e-10  1.884895e+07  6.991280e-10
  1.900000e+07  7.989830e-10  1.900090e+07  8.016120e-10  1.911500e+07  1.134914e-09
  1.922910e+07  1.468215e-09  1.931420e+07  1.716804e-09  1.939930e+07  1.965393e-09
  1.950000e+07  2.259552e-09  1.950830e+07  2.283797e-09  1.960300e+07  2.560429e-09
  1.960850e+07  2.576495e-09  1.964760e+07  2.690711e-09  1.974430e+07  2.973185e-09
  1.987215e+07  3.346653e-09  2.000000e+07  3.720120e-09  2.000001e+07  0.000000e+00
  2.100000e+07  0.000000e+00  2.200000e+07  0.000000e+00  2.300000e+07  0.000000e+00
  2.400000e+07  0.000000e+00  2.500000e+07  0.000000e+00  2.600000e+07  0.000000e+00
  2.700000e+07  0.000000e+00  2.800000e+07  0.000000e+00  2.900000e+07  0.000000e+00
  3.000000e+07  0.000000e+00  3.100000e+07  0.000000e+00  3.200000e+07  0.000000e+00
  3.300000e+07  0.000000e+00  3.400000e+07  0.000000e+00  3.500000e+07  0.000000e+00
  3.600000e+07  0.000000e+00  3.700000e+07  0.000000e+00  3.800000e+07  0.000000e+00
  3.900000e+07  0.000000e+00  4.000000e+07  0.000000e+00  4.100000e+07  0.000000e+00
  4.200000e+07  0.000000e+00  4.300000e+07  0.000000e+00  4.400000e+07  0.000000e+00
  4.500000e+07  0.000000e+00  4.600000e+07  0.000000e+00  4.700000e+07  0.000000e+00
  4.800000e+07  0.000000e+00  4.900000e+07  0.000000e+00  5.000000e+07  0.000000e+00
  5.100000e+07  0.000000e+00  5.200000e+07  0.000000e+00  5.300000e+07  0.000000e+00
  5.400000e+07  0.000000e+00  5.500000e+07  0.000000e+00  5.600000e+07  0.000000e+00
  5.700000e+07  0.000000e+00  5.800000e+07  0.000000e+00  5.900000e+07  0.000000e+00
  6.000000e+07  0.000000e+00  6.100000e+07  0.000000e+00  6.200000e+07  0.000000e+00
  6.300000e+07  0.000000e+00  6.400000e+07  0.000000e+00  6.500000e+07  0.000000e+00
  6.600000e+07  0.000000e+00  6.700000e+07  0.000000e+00  6.800000e+07  0.000000e+00
  6.900000e+07  0.000000e+00  7.000000e+07  0.000000e+00  7.100000e+07  0.000000e+00
  7.200000e+07  0.000000e+00  7.300000e+07  0.000000e+00  7.400000e+07  0.000000e+00
  7.500000e+07  0.000000e+00  7.600000e+07  0.000000e+00  7.700000e+07  0.000000e+00
  7.800000e+07  0.000000e+00  7.900000e+07  0.000000e+00  8.000000e+07  0.000000e+00
  8.100000e+07  0.000000e+00  8.200000e+07  0.000000e+00  8.300000e+07  0.000000e+00
  8.400000e+07  0.000000e+00  8.500000e+07  0.000000e+00  8.600000e+07  0.000000e+00
  8.700000e+07  0.000000e+00  8.800000e+07  0.000000e+00  8.900000e+07  0.000000e+00
  9.000000e+07  0.000000e+00  9.100000e+07  0.000000e+00  9.200000e+07  0.000000e+00
  9.300000e+07  0.000000e+00  9.400000e+07  0.000000e+00  9.500000e+07  0.000000e+00
  9.600000e+07  0.000000e+00  9.700000e+07  0.000000e+00  9.800000e+07  0.000000e+00
  9.900000e+07  0.000000e+00  1.000000e+08  0.000000e+00  1.020000e+08  0.000000e+00
  1.040000e+08  0.000000e+00  1.060000e+08  0.000000e+00  1.080000e+08  0.000000e+00
  1.100000e+08  0.000000e+00  1.120000e+08  0.000000e+00  1.140000e+08  0.000000e+00
  1.160000e+08  0.000000e+00  1.180000e+08  0.000000e+00  1.200000e+08  0.000000e+00
  1.220000e+08  0.000000e+00  1.240000e+08  0.000000e+00  1.260000e+08  0.000000e+00
  1.280000e+08  0.000000e+00  1.300000e+08  0.000000e+00  1.320000e+08  0.000000e+00
  1.340000e+08  0.000000e+00  1.360000e+08  0.000000e+00  1.380000e+08  0.000000e+00
  1.400000e+08  0.000000e+00  1.420000e+08  0.000000e+00  1.440000e+08  0.000000e+00
  1.460000e+08  0.000000e+00  1.480000e+08  0.000000e+00  1.500000e+08  0.000000e+00
  1.520000e+08  0.000000e+00  1.540000e+08  0.000000e+00  1.560000e+08  0.000000e+00
  1.580000e+08  0.000000e+00  1.600000e+08  0.000000e+00  1.620000e+08  0.000000e+00
  1.640000e+08  0.000000e+00  1.660000e+08  0.000000e+00  1.680000e+08  0.000000e+00
  1.700000e+08  0.000000e+00  1.720000e+08  0.000000e+00  1.740000e+08  0.000000e+00
  1.760000e+08  0.000000e+00  1.780000e+08  0.000000e+00  1.800000e+08  0.000000e+00
  1.820000e+08  0.000000e+00  1.840000e+08  0.000000e+00  1.860000e+08  0.000000e+00
  1.880000e+08  0.000000e+00  1.900000e+08  0.000000e+00  1.920000e+08  0.000000e+00
  1.940000e+08  0.000000e+00  1.960000e+08  0.000000e+00  1.980000e+08  0.000000e+00
  2.000000e+08  0.000000e+00
            25             3
           753             0
 -5.741220e+06
             0
           283
  1.150000e+07  0.000000e+00  1.156560e+07  6.573320e-21  1.166930e+07  1.696440e-20
  1.175198e+07  2.524920e-20  1.183465e+07  3.353290e-20  1.191733e+07  4.181770e-20
  1.200000e+07  5.010150e-20  1.210120e+07  1.763760e-19  1.218230e+07  2.775700e-19
  1.226340e+07  3.787640e-19  1.232240e+07  4.523830e-19  1.240040e+07  5.497090e-19
  1.243690e+07  5.952530e-19  1.250000e+07  6.739870e-19  1.257088e+07  1.565820e-18
  1.264175e+07  2.457520e-18  1.271263e+07  3.349350e-18  1.278350e+07  4.241050e-18
  1.285155e+07  5.097270e-18  1.291960e+07  5.953490e-18  1.292240e+07  5.988720e-18
  1.294090e+07  6.221490e-18  1.300000e+07  6.965100e-18  1.304708e+07  1.195180e-17
  1.309415e+07  1.693740e-17  1.314123e+07  2.192400e-17  1.318830e+07  2.690970e-17
  1.323538e+07  3.189630e-17  1.328245e+07  3.688190e-17  1.332953e+07  4.186860e-17
  1.337660e+07  4.685420e-17  1.342840e+07  5.234080e-17  1.348020e+07  5.782740e-17
  1.350000e+07  5.992460e-17  1.353125e+07  8.394200e-17  1.356250e+07  1.079590e-16
  1.359375e+07  1.319770e-16  1.362500e+07  1.559940e-16  1.365625e+07  1.800120e-16
  1.368750e+07  2.040290e-16  1.371875e+07  2.280460e-16  1.375000e+07  2.520640e-16
  1.378125e+07  2.760810e-16  1.381250e+07  3.000990e-16  1.384375e+07  3.241160e-16
  1.387500e+07  3.481330e-16  1.390625e+07  3.721510e-16  1.393750e+07  3.961680e-16
  1.396875e+07  4.201860e-16  1.400000e+07  4.442030e-16  1.404383e+07  6.550250e-16
  1.408765e+07  8.657990e-16  1.413148e+07  1.076620e-15  1.417530e+07  1.287400e-15
  1.421589e+07  1.482630e-15  1.425648e+07  1.677870e-15  1.429707e+07  1.873110e-15
  1.433765e+07  2.068300e-15  1.437824e+07  2.263540e-15  1.441883e+07  2.458770e-15
  1.445942e+07  2.654010e-15  1.450000e+07  2.849200e-15  1.452900e+07  3.599510e-15
  1.455800e+07  4.349820e-15  1.457490e+07  4.787070e-15  1.460938e+07  5.679170e-15
  1.464385e+07  6.571000e-15  1.467833e+07  7.463100e-15  1.471280e+07  8.354930e-15
  1.474728e+07  9.247030e-15  1.478175e+07  1.013890e-14  1.481623e+07  1.103100e-14
  1.485070e+07  1.192280e-14  1.488138e+07  1.271660e-14  1.491205e+07  1.351010e-14
  1.494273e+07  1.430390e-14  1.497340e+07  1.509740e-14  1.500000e+07  1.578560e-14
  1.504828e+07  3.042490e-14  1.509655e+07  4.506110e-14  1.514483e+07  5.970040e-14
  1.519310e+07  7.433670e-14  1.524138e+07  8.897600e-14  1.528965e+07  1.036120e-13
  1.533793e+07  1.182520e-13  1.538620e+07  1.328880e-13  1.539400e+07  1.352530e-13
  1.539406e+07  1.352710e-13  1.548240e+07  1.620570e-13  1.550000e+07  1.673940e-13
  1.554990e+07  1.825240e-13  1.559980e+07  1.976550e-13  1.564725e+07  2.120420e-13
  1.569470e+07  2.264300e-13  1.572190e+07  2.346780e-13  1.579143e+07  2.557600e-13
  1.586095e+07  2.768400e-13  1.593048e+07  2.979220e-13  1.600000e+07  3.190020e-13
  1.606250e+07  5.477060e-13  1.612500e+07  7.764110e-13  1.618750e+07  1.005120e-12
  1.625000e+07  1.233820e-12  1.631250e+07  1.462520e-12  1.637500e+07  1.691230e-12
  1.643750e+07  1.919930e-12  1.650000e+07  2.148640e-12  1.657310e+07  2.416130e-12
  1.664620e+07  2.683620e-12  1.673465e+07  3.007280e-12  1.682310e+07  3.330950e-12
  1.691155e+07  3.654610e-12  1.700000e+07  3.978270e-12  1.710450e+07  7.091160e-12
  1.720900e+07  1.020410e-11  1.734175e+07  1.415850e-11  1.747450e+07  1.811290e-11
  1.750000e+07  1.887250e-11  1.751910e+07  1.944140e-11  1.757460e+07  2.109470e-11
  1.762180e+07  2.250070e-11  1.768560e+07  2.440120e-11  1.775310e+07  2.641190e-11
  1.791030e+07  3.109470e-11  1.793030e+07  3.169050e-11  1.793130e+07  3.172020e-11
  1.795750e+07  3.250070e-11  1.797650e+07  3.306670e-11  1.800000e+07  3.376670e-11
  1.808980e+07  4.976100e-11  1.817960e+07  6.575530e-11  1.826545e+07  8.104610e-11
  1.835130e+07  9.633690e-11  1.844020e+07  1.121710e-10  1.850000e+07  1.228220e-10
  1.859895e+07  1.404460e-10  1.869790e+07  1.580700e-10  1.884895e+07  1.849730e-10
  1.900000e+07  2.118770e-10  1.900090e+07  2.126300e-10  1.911500e+07  3.081220e-10
  1.922910e+07  4.036140e-10  1.931420e+07  4.748350e-10  1.939930e+07  5.460560e-10
  1.950000e+07  6.303340e-10  1.950830e+07  6.372800e-10  1.960300e+07  7.165360e-10
  1.960850e+07  7.211390e-10  1.964760e+07  7.538620e-10  1.974430e+07  8.347910e-10
  1.987215e+07  9.417910e-10  2.000000e+07  1.048790e-09  2.000001e+07  0.000000e+00
  2.100000e+07  0.000000e+00  2.200000e+07  0.000000e+00  2.300000e+07  0.000000e+00
  2.400000e+07  0.000000e+00  2.500000e+07  0.000000e+00  2.600000e+07  0.000000e+00
  2.700000e+07  0.000000e+00  2.800000e+07  0.000000e+00  2.900000e+07  0.000000e+00
  3.000000e+07  0.000000e+00  3.100000e+07  0.000000e+00  3.200000e+07  0.000000e+00
  3.300000e+07  0.000000e+00  3.400000e+07  0.000000e+00  3.500000e+07  0.000000e+00
  3.600000e+07  0.000000e+00  3.700000e+07  0.000000e+00  3.800000e+07  0.000000e+00
  3.900000e+07  0.000000e+00  4.000000e+07  0.000000e+00  4.100000e+07  0.000000e+00
  4.200000e+07  0.000000e+00  4.300000e+07  0.000000e+00  4.400000e+07  0.000000e+00
  4.500000e+07  0.000000e+00  4.600000e+07  0.000000e+00  4.700000e+07  0.000000e+00
  4.800000e+07  0.000000e+00  4.900000e+07  0.000000e+00  5.000000e+07  0.000000e+00
  5.100000e+07  0.000000e+00  5.200000e+07  0.000000e+00  5.300000e+07  0.000000e+00
  5.400000e+07  0.000000e+00  5.500000e+07  0.000000e+00  5.600000e+07  0.000000e+00
  5.700000e+07  0.000000e+00  5.800000e+07  0.000000e+00  5.900000e+07  0.000000e+00
  6.000000e+07  0.000000e+00  6.100000e+07  0.000000e+00  6.200000e+07  0.000000e+00
  6.300000e+07  0.000000e+00  6.400000e+07  0.000000e+00  6.500000e+07  0.000000e+00
  6.600000e+07  0.000000e+00  6.700000e+07  0.000000e+00  6.800000e+07  0.000000e+00
  6.900000e+07  0.000000e+00  7.000000e+07  0.000000e+00  7.100000e+07  0.000000e+00
  7.200000e+07  0.000000e+00  7.300000e+07  0.000000e+00  7.400000e+07  0.000000e+00
  7.500000e+07  0.000000e+00  7.600000e+07  0.000000e+00  7.700000e+07  0.000000e+00
  7.800000e+07  0.000000e+00  7.900000e+07  0.000000e+00  8.000000e+07  0.000000e+00
  8.100000e+07  0.000000e+00  8.200000e+07  0.000000e+00  8.300000e+07  0.000000e+00
  8.400000e+07  0.000000e+00  8.500000e+07  0.000000e+00  8.600000e+07  0.000000e+00
  8.700000e+07  0.000000e+00  8.800000e+07  0.000000e+00  8.900000e+07  0.000000e+00
  9.000000e+07  0.000000e+00  9.100000e+07  0.000000e+00  9.200000e+07  0.000000e+00
  9.300000e+07  0.000000e+00  9.400000e+07  0.000000e+00  9.500000e+07  0.000000e+00
  9.600000e+07  0.000000e+00  9.700000e+07  0.000000e+00  9.800000e+07  0.000000e+00
  9.900000e+07  0.000000e+00  1.000000e+08  0.000000e+00  1.020000e+08  0.000000e+00
  1.040000e+08  0.000000e+00  1.060000e+08  0.000000e+00  1.080000e+08  0.000000e+00
  1.100000e+08  0.000000e+00  1.120000e+08  0.000000e+00  1.140000e+08  0.000000e+00
  1.160000e+08  0.000000e+00  1.180000e+08  0.000000e+00  1.200000e+08  0.000000e+00
  1.220000e+08  0.000000e+00  1.240000e+08  0.000000e+00  1.260000e+08  0.000000e+00
  1.280000e+08  0.000000e+00  1.300000e+08  0.000000e+00  1.320000e+08  0.000000e+00
  1.340000e+08  0.000000e+00  1.360000e+08  0.000000e+00  1.380000e+08  0.000000e+00
  1.400000e+08  0.000000e+00  1.420000e+08  0.000000e+00  1.440000e+08  0.000000e+00
  1.460000e+08  0.000000e+00  1.480000e+08  0.000000e+00  1.500000e+08  0.000000e+00
  1.520000e+08  0.000000e+00  1.540000e+08  0.000000e+00  1.560000e+08  0.000000e+00
  1.580000e+08  0.000000e+00  1.600000e+08  0.000000e+00  1.620000e+08  0.000000e+00
  1.640000e+08  0.000000e+00  1.660000e+08  0.000000e+00  1.680000e+08  0.000000e+00
  1.700000e+08  0.000000e+00  1.720000e+08  0.000000e+00  1.740000e+08  0.000000e+00
  1.760000e+08  0.000000e+00  1.780000e+08  0.000000e+00  1.800000e+08  0.000000e+00
  1.820000e+08  0.000000e+00  1.840000e+08  0.000000e+00  1.860000e+08  0.000000e+00
  1.880000e+08  0.000000e+00  1.900000e+08  0.000000e+00  1.920000e+08  0.000000e+00
  1.940000e+08  0.000000e+00  1.960000e+08  0.000000e+00  1.980000e+08  0.000000e+00
  2.000000e+08  0.000000e+00
            25             3
           799             0
 -5.741220e+06
             0
           261
  1.300000e+07  0.000000e+00  1.304708e+07  7.928800e-18  1.309415e+07  1.585590e-17
  1.314123e+07  2.378470e-17  1.318830e+07  3.171180e-17  1.323538e+07  3.964060e-17
  1.328245e+07  4.756770e-17  1.332953e+07  5.549650e-17  1.337660e+07  6.342370e-17
  1.342840e+07  7.214740e-17  1.348020e+07  8.087110e-17  1.350000e+07  8.420560e-17
  1.353125e+07  1.275930e-16  1.356250e+07  1.709800e-16  1.359375e+07  2.143670e-16
  1.362500e+07  2.577540e-16  1.365625e+07  3.011410e-16  1.368750e+07  3.445280e-16
  1.371875e+07  3.879150e-16  1.375000e+07  4.313020e-16  1.378125e+07  4.746890e-16
  1.381250e+07  5.180760e-16  1.384375e+07  5.614630e-16  1.387500e+07  6.048500e-16
  1.390625e+07  6.482370e-16  1.393750e+07  6.916240e-16  1.396875e+07  7.350110e-16
  1.400000e+07  7.783980e-16  1.404383e+07  1.210940e-15  1.408765e+07  1.643390e-15
  1.413148e+07  2.075930e-15  1.417530e+07  2.508380e-15  1.421589e+07  2.908950e-15
  1.425648e+07  3.309520e-15  1.429707e+07  3.710090e-15  1.433765e+07  4.110560e-15
  1.437824e+07  4.511130e-15  1.441883e+07  4.911700e-15  1.445942e+07  5.312270e-15
  1.450000e+07  5.712740e-15  1.452900e+07  7.435140e-15  1.455800e+07  9.157540e-15
  1.457490e+07  1.016130e-14  1.460938e+07  1.220920e-14  1.464385e+07  1.425640e-14
  1.467833e+07  1.630430e-14  1.471280e+07  1.835160e-14  1.474728e+07  2.039950e-14
  1.478175e+07  2.244680e-14  1.481623e+07  2.449460e-14  1.485070e+07  2.654190e-14
  1.488138e+07  2.836410e-14  1.491205e+07  3.018570e-14  1.494273e+07  3.200790e-14
  1.497340e+07  3.382940e-14  1.500000e+07  3.540930e-14  1.504828e+07  7.641570e-14
  1.509655e+07  1.174140e-13  1.514483e+07  1.584200e-13  1.519310e+07  1.994180e-13
  1.524138e+07  2.404240e-13  1.528965e+07  2.814220e-13  1.533793e+07  3.224290e-13
  1.538620e+07  3.634270e-13  1.539400e+07  3.700520e-13  1.539406e+07  3.701030e-13
  1.548240e+07  4.451340e-13  1.550000e+07  4.600820e-13  1.554990e+07  5.024650e-13
  1.559980e+07  5.448470e-13  1.564725e+07  5.851480e-13  1.569470e+07  6.254500e-13
  1.572190e+07  6.485520e-13  1.579143e+07  7.076070e-13  1.586095e+07  7.666540e-13
  1.593048e+07  8.257090e-13  1.600000e+07  8.847550e-13  1.606250e+07  1.679740e-12
  1.612500e+07  2.474720e-12  1.618750e+07  3.269710e-12  1.625000e+07  4.064690e-12
  1.631250e+07  4.859680e-12  1.637500e+07  5.654660e-12  1.643750e+07  6.449640e-12
  1.650000e+07  7.244630e-12  1.657310e+07  8.174440e-12  1.664620e+07  9.104250e-12
  1.673465e+07  1.022930e-11  1.682310e+07  1.135440e-11  1.691155e+07  1.247940e-11
  1.700000e+07  1.360450e-11  1.710450e+07  2.696600e-11  1.720900e+07  4.032760e-11
  1.734175e+07  5.730120e-11  1.747450e+07  7.427480e-11  1.750000e+07  7.753530e-11
  1.751910e+07  7.997740e-11  1.757460e+07  8.707370e-11  1.762180e+07  9.310880e-11
  1.768560e+07  1.012660e-10  1.775310e+07  1.098970e-10  1.791030e+07  1.299970e-10
  1.793030e+07  1.325540e-10  1.793130e+07  1.326820e-10  1.795750e+07  1.360320e-10
  1.797650e+07  1.384610e-10  1.800000e+07  1.414660e-10  1.808980e+07  2.253230e-10
  1.817960e+07  3.091790e-10  1.826545e+07  3.893470e-10  1.835130e+07  4.695150e-10
  1.844020e+07  5.525310e-10  1.850000e+07  6.083730e-10  1.859895e+07  7.007740e-10
  1.869790e+07  7.931750e-10  1.884895e+07  9.342270e-10  1.900000e+07  1.075280e-09
  1.900090e+07  1.080037e-09  1.911500e+07  1.683174e-09  1.922910e+07  2.286310e-09
  1.931420e+07  2.736151e-09  1.939930e+07  3.185992e-09  1.950000e+07  3.718296e-09
  1.950830e+07  3.762170e-09  1.960300e+07  4.262757e-09  1.960850e+07  4.291830e-09
  1.964760e+07  4.498514e-09  1.974430e+07  5.009673e-09  1.987215e+07  5.685492e-09
  2.000000e+07  6.361311e-09  2.000001e+07  0.000000e+00  2.100000e+07  0.000000e+00
  2.200000e+07  0.000000e+00  2.300000e+07  0.000000e+00  2.400000e+07  0.000000e+00
  2.500000e+07  0.000000e+00  2.600000e+07  0.000000e+00  2.700000e+07  0.000000e+00
  2.800000e+07  0.000000e+00  2.900000e+07  0.000000e+00  3.000000e+07  0.000000e+00
  3.100000e+07  0.000000e+00  3.200000e+07  0.000000e+00  3.300000e+07  0.000000e+00
  3.400000e+07  0.000000e+00  3.500000e+07  0.000000e+00  3.600000e+07  0.000000e+00
  3.700000e+07  0.000000e+00  3.800000e+07  0.000000e+00  3.900000e+07  0.000000e+00
  4.000000e+07  0.000000e+00  4.100000e+07  0.000000e+00  4.200000e+07  0.000000e+00
  4.300000e+07  0.000000e+00  4.400000e+07  0.000000e+00  4.500000e+07  0.000000e+00
  4.600000e+07  0.000000e+00  4.700000e+07  0.000000e+00  4.800000e+07  0.000000e+00
  4.900000e+07  0.000000e+00  5.000000e+07  0.000000e+00  5.100000e+07  0.000000e+00
  5.200000e+07  0.000000e+00  5.300000e+07  0.000000e+00  5.400000e+07  0.000000e+00
  5.500000e+07  0.000000e+00  5.600000e+07  0.000000e+00  5.700000e+07  0.000000e+00
  5.800000e+07  0.000000e+00  5.900000e+07  0.000000e+00  6.000000e+07  0.000000e+00
  6.100000e+07  0.000000e+00  6.200000e+07  0.000000e+00  6.300000e+07  0.000000e+00
  6.400000e+07  0.000000e+00  6.500000e+07  0.000000e+00  6.600000e+07  0.000000e+00
  6.700000e+07  0.000000e+00  6.800000e+07  0.000000e+00  6.900000e+07  0.000000e+00
  7.000000e+07  0.000000e+00  7.100000e+07  0.000000e+00  7.200000e+07  0.000000e+00
  7.300000e+07  0.000000e+00  7.400000e+07  0.000000e+00  7.500000e+07  0.000000e+00
  7.600000e+07  0.000000e+00  7.700000e+07  0.000000e+00  7.800000e+07  0.000000e+00
  7.900000e+07  0.000000e+00  8.000000e+07  0.000000e+00  8.100000e+07  0.000000e+00
  8.200000e+07  0.000000e+00  8.300000e+07  0.000000e+00  8.400000e+07  0.000000e+00
  8.500000e+07  0.000000e+00  8.600000e+07  0.000000e+00  8.700000e+07  0.000000e+00
  8.800000e+07  0.000000e+00  8.900000e+07  0.000000e+00  9.000000e+07  0.000000e+00
  9.100000e+07  0.000000e+00  9.200000e+07  0.000000e+00  9.300000e+07  0.000000e+00
  9.400000e+07  0.000000e+00  9.500000e+07  0.000000e+00  9.600000e+07  0.000000e+00
  9.700000e+07  0.000000e+00  9.800000e+07  0.000000e+00  9.900000e+07  0.000000e+00
  1.000000e+08  0.000000e+00  1.020000e+08  0.000000e+00  1.040000e+08  0.000000e+00
  1.060000e+08  0.000000e+00  1.080000e+08  0.000000e+00  1.100000e+08  0.000000e+00
  1.120000e+08  0.000000e+00  1.140000e+08  0.000000e+00  1.160000e+08  0.000000e+00
  1.180000e+08  0.000000e+00  1.200000e+08  0.000000e+00  1.220000e+08  0.000000e+00
  1.240000e+08  0.000000e+00  1.260000e+08  0.000000e+00  1.280000e+08  0.000000e+00
  1.300000e+08  0.000000e+00  1.320000e+08  0.000000e+00  1.340000e+08  0.000000e+00
  1.360000e+08  0.000000e+00  1.380000e+08  0.000000e+00  1.400000e+08  0.000000e+00
  1.420000e+08  0.000000e+00  1.440000e+08  0.000000e+00  1.460000e+08  0.000000e+00
  1.480000e+08  0.000000e+00  1.500000e+08  0.000000e+00  1.520000e+08  0.000000e+00
  1.540000e+08  0.000000e+00  1.560000e+08  0.000000e+00  1.580000e+08  0.000000e+00
  1.600000e+08  0.000000e+00  1.620000e+08  0.000000e+00  1.640000e+08  0.000000e+00
  1.660000e+08  0.000000e+00  1.680000e+08  0.000000e+00  1.700000e+08  0.000000e+00
  1.720000e+08  0.000000e+00  1.740000e+08  0.000000e+00  1.760000e+08  0.000000e+00
  1.780000e+08  0.000000e+00  1.800000e+08  0.000000e+00  1.820000e+08  0.000000e+00
  1.840000e+08  0.000000e+00  1.860000e+08  0.000000e+00  1.880000e+08  0.000000e+00
  1.900000e+08  0.000000e+00  1.920000e+08  0.000000e+00  1.940000e+08  0.000000e+00
  1.960000e+08  0.000000e+00  1.980000e+08  0.000000e+00  2.000000e+08  0.000000e+00
            25             6
           750             0
  2.022208e+02             2             2
  2.003000e+03  2.990120e+00             0             2
 -4.621360e+06 -4.621360e+06             2
             1
             2             2
  4.644210e+06  1.000000e+00  2.000000e+08  1.000000e+00
             6
             1
             6             2
  4.644210e+06             0             2
  0.000000e+00  0.000000e+00
  1.150000e+07             0            20
  0.000000e+00  2.048318e-01  0.000000e+00  9.022199e-02  0.000000e+00  4.586259e-02
  0.000000e+00  2.374339e-02  0.000000e+00  1.096637e-02  0.000000e+00  4.336729e-03
  0.000000e+00  1.847243e-04  0.000000e+00  1.468945e-05  0.000000e+00  5.519060e-07
  0.000000e+00  2.437335e-09
  1.350000e+07             0            22
  0.000000e+00  2.078050e-01  0.000000e+00  9.338947e-02  0.000000e+00  4.902580e-02
  0.000000e+00  2.639993e-02  0.000000e+00  1.306261e-02  0.000000e+00  5.140448e-03
  0.000000e+00  8.354359e-04  0.000000e+00  5.880042e-05  0.000000e+00  8.366775e-06
  0.000000e+00  3.943741e-08  0.000000e+00  4.628920e-10
  1.600000e+07             0            24
  0.000000e+00  2.114329e-01  0.000000e+00  9.724332e-02  0.000000e+00  5.285778e-02
  0.000000e+00  2.982966e-02  0.000000e+00  1.610669e-02  0.000000e+00  7.409545e-03
  0.000000e+00  2.630304e-03  0.000000e+00  3.009858e-04  0.000000e+00  9.111068e-05
  0.000000e+00  7.214037e-07  0.000000e+00  9.244699e-09  0.000000e+00  1.815040e-10
  2.000000e+07             0            26
  0.000000e+00  2.153925e-01  0.000000e+00  1.015027e-01  0.000000e+00  5.716050e-02
  0.000000e+00  3.389451e-02  0.000000e+00  1.993692e-02  0.000000e+00  1.082596e-02
  0.000000e+00  5.180560e-03  0.000000e+00  1.434840e-03  0.000000e+00  4.015507e-04
  0.000000e+00  3.090974e-05  0.000000e+00  4.096937e-07  0.000000e+00  9.803889e-09
  0.000000e+00  2.961440e-10
  2.000000e+08             0            26
  0.000000e+00  2.153925e-01  0.000000e+00  1.015027e-01  0.000000e+00  5.716050e-02
  0.000000e+00  3.389451e-02  0.000000e+00  1.993692e-02  0.000000e+00  1.082596e-02
  0.000000e+00  5.180560e-03  0.000000e+00  1.434840e-03  0.000000e+00  4.015507e-04
  0.000000e+00  3.090974e-05  0.000000e+00  4.096937e-07  0.000000e+00  9.803889e-09
  0.000000e+00  2.961440e-10
  8.020200e+04  2.002356e+02             0             4
 -4.621360e+06 -4.621360e+06             2
             1
             2             2
  4.644210e+06  1.000000e+00  2.000000e+08  1.000000e+00
            25             6
           751             0
  2.022208e+02             2             3
  2.003000e+03  2.990120e+00             0             2
 -4.621360e+06 -5.060920e+06             2
             1
             2             2
  5.085940e+06  1.000000e+00  2.000000e+08  1.000000e+00
             6
             1
             6             2
  5.085940e+06             0             2
  0.000000e+00  0.000000e+00
  1.150000e+07             0            24
  3.179966e-01  1.145304e-01  7.873442e-03  5.501213e-03 -2.418787e-02 -2.188937e-02
 -3.189655e-02 -1.592540e-02  1.580652e-04 -2.069130e-03 -6.035746e-04  9.967089e-03
  4.931130e-05  7.513606e-04  1.248384e-03  1.576505e-04  9.371949e-05  2.057544e-05
  4.664850e-06  9.764897e-07  1.946747e-07  3.740976e-08  6.985256e-09  1.272803e-09
  1.350000e+07             0            26
  3.798129e-01  1.646527e-01  4.225380e-02  1.922042e-02 -1.119265e-02 -1.442464e-02
 -2.046485e-02 -1.429672e-02  7.466197e-03  6.687367e-03  2.188936e-03  4.945060e-03
 -1.342538e-03  4.207410e-03  4.647065e-03  6.598964e-04  6.891355e-04  1.501815e-04
  4.112862e-05  1.014632e-05  2.376512e-06  5.331321e-07  1.155619e-07  2.436138e-08
  5.034456e-09  1.016414e-09
  1.600000e+07             0            28
  4.229123e-01  2.110452e-01  8.442412e-02  5.484014e-02  2.541953e-02  1.419333e-02
  9.773594e-03  5.673099e-03  1.802089e-02  1.865599e-02  6.098554e-03 -2.489966e-03
 -1.665016e-03  1.042843e-02  7.968715e-03  7.615025e-04  3.625214e-03  5.741686e-04
  2.507458e-04  7.965862e-05  2.337412e-05  6.385140e-06  1.653154e-06  4.111465e-07
  9.933851e-08  2.343469e-08  5.366935e-09  1.220584e-09
  2.000000e+07             0            32
  4.685937e-01  2.505954e-01  1.150872e-01  7.761367e-02  4.794012e-02  4.689569e-02
  4.048601e-02  3.949374e-02  3.592075e-02  3.313721e-02  2.145149e-02  1.351180e-03
 -6.388283e-03 -2.849655e-03 -1.805682e-03  3.499031e-03  1.233336e-02  1.777659e-04
  2.503302e-03  1.024003e-03  3.963939e-04  1.373511e-04  4.409016e-05  1.340109e-05
  3.913256e-06  1.109821e-06  3.040821e-07  8.286784e-08  2.103402e-08  5.224336e-09
  1.174504e-09  2.580090e-10
  2.000000e+08             0            32
  4.685937e-01  2.505954e-01  1.150872e-01  7.761367e-02  4.794012e-02  4.689569e-02
  4.048601e-02  3.949374e-02  3.592075e-02  3.313721e-02  2.145149e-02  1.351180e-03
 -6.388283e-03 -2.849655e-03 -1.805682e-03  3.499031e-03  1.233336e-02  1.777659e-04
  2.503302e-03  1.024003e-03  3.963939e-04  1.373511e-04  4.409016e-05  1.340109e-05
  3.913256e-06  1.109821e-06  3.040821e-07  8.286784e-08  2.103402e-08  5.224336e-09
  1.174504e-09  2.580090e-10
  8.020200e+04  2.002356e+02             0             4
 -4.621360e+06 -5.060920e+06             2
             1
             2             2
  5.085940e+06  1.000000e+00  2.000000e+08  1.000000e+00
  0.000000e+00  0.000000e+00             0             1
 -4.621360e+06 -5.060920e+06             2
             1
             2             2
  5.085940e+06  1.000000e+00  2.000000e+08  1.000000e+00
  8.220400e+04             1             2             2
             1
             2             2
  5.085940e+06             1             1             1 
  4.395620e+05  1.000000e+00
  2.000000e+08             1             1             1 
  4.395620e+05  1.000000e+00
            25             6
           752             0
  2.022208e+02             2             3
  2.003000e+03  2.990120e+00             0             2
 -4.621360e+06 -5.581300e+06             2
             1
             2             2
  5.608900e+06  1.000000e+00  2.000000e+08  1.000000e+00
             5
             1
             5             2
  5.608900e+06             0             2
  0.000000e+00  0.000000e+00
  1.350000e+07             0            26
  3.798129e-01  1.646527e-01  4.225380e-02  1.922042e-02 -1.119265e-02 -1.442464e-02
 -2.046485e-02 -1.429672e-02  7.466197e-03  6.687367e-03  2.188936e-03  4.945060e-03
 -1.342538e-03  4.207410e-03  4.647065e-03  6.598964e-04  6.891355e-04  1.501815e-04
  4.112862e-05  1.014632e-05  2.376512e-06  5.331321e-07  1.155619e-07  2.436138e-08
  5.034456e-09  1.016414e-09
  1.600000e+07             0            28
  4.229123e-01  2.110452e-01  8.442412e-02  5.484014e-02  2.541953e-02  1.419333e-02
  9.773594e-03  5.673099e-03  1.802089e-02  1.865599e-02  6.098554e-03 -2.489966e-03
 -1.665016e-03  1.042843e-02  7.968715e-03  7.615025e-04  3.625214e-03  5.741686e-04
  2.507458e-04  7.965862e-05  2.337412e-05  6.385140e-06  1.653154e-06  4.111465e-07
  9.933851e-08  2.343469e-08  5.366935e-09  1.220584e-09
  2.000000e+07             0            32
  4.685937e-01  2.505954e-01  1.150872e-01  7.761367e-02  4.794012e-02  4.689569e-02
  4.048601e-02  3.949374e-02  3.592075e-02  3.313721e-02  2.145149e-02  1.351180e-03
 -6.388283e-03 -2.849655e-03 -1.805682e-03  3.499031e-03  1.233336e-02  1.777659e-04
  2.503302e-03  1.024003e-03  3.963939e-04  1.373511e-04  4.409016e-05  1.340109e-05
  3.913256e-06  1.109821e-06  3.040821e-07  8.286784e-08  2.103402e-08  5.224336e-09
  1.174504e-09  2.580090e-10
  2.000000e+08             0            32
  4.685937e-01  2.505954e-01  1.150872e-01  7.761367e-02  4.794012e-02  4.689569e-02
  4.048601e-02  3.949374e-02  3.592075e-02  3.313721e-02  2.145149e-02  1.351180e-03
 -6.388283e-03 -2.849655e-03 -1.805682e-03  3.499031e-03  1.233336e-02  1.777659e-04
  2.503302e-03  1.024003e-03  3.963939e-04  1.373511e-04  4.409016e-05  1.340109e-05
  3.913256e-06  1.109821e-06  3.040821e-07  8.286784e-08  2.103402e-08  5.224336e-09
  1.174504e-09  2.580090e-10
  8.020200e+04  2.002356e+02             0             4
 -4.621360e+06 -5.581300e+06             2
             1
             2             2
  5.608900e+06  1.000000e+00  2.000000e+08  1.000000e+00
  0.000000e+00  0.000000e+00             0             1
 -4.621360e+06 -5.581300e+06             2
             1
             2             2
  5.608900e+06  1.891987e+00  2.000000e+08  1.891987e+00
  8.220400e+04             1             2             2
             1
             2             2
  5.608900e+06             3             3             1 
  9.599400e+05  5.708970e-02
  5.203780e+05  4.714550e-01
  4.395620e+05  4.714550e-01
  2.000000e+08             3             3             1 
  9.599400e+05  5.708970e-02
  5.203780e+05  4.714550e-01
  4.395620e+05  4.714550e-01
            25             6
           753             0
  2.022208e+02             2             3
  2.003000e+03  2.990120e+00             0             2
 -4.621360e+06 -5.741220e+06             2
             1
             2             2
  5.769610e+06  1.000000e+00  2.000000e+08  1.000000e+00
             5
             1
             5             2
  5.769610e+06             0             2
  0.000000e+00  0.000000e+00
  1.350000e+07             0            26
  4.022875e-01  1.549836e-01  6.786028e-02  2.543020e-02  2.133014e-02  1.235405e-02
  1.890238e-02  3.642865e-03 -4.399392e-03  6.891746e-03  4.572289e-03 -1.940125e-03
 -3.819757e-03 -7.409794e-05  5.917059e-04  1.746181e-05  2.111376e-04  5.412041e-05
  1.761926e-05  4.828624e-06  1.242195e-06  2.980344e-07  6.822255e-08  1.503957e-08
  3.230685e-09  6.753540e-10
  1.600000e+07             0            28
  4.266321e-01  1.833577e-01  9.112794e-02  4.522768e-02  3.304568e-02  1.249742e-02
  1.388654e-02  9.680292e-04 -1.128999e-02  1.349270e-03  7.743291e-03  7.833746e-04
 -3.440025e-03 -4.786040e-04 -1.141256e-03 -7.229566e-04  1.060194e-03  1.717348e-04
  9.981100e-05  3.577039e-05  1.170028e-05  3.422909e-06  9.395531e-07  2.449935e-07
  6.172847e-08  1.503463e-08  3.554494e-09  8.199160e-10
  2.000000e+07             0            32
  4.523828e-01  2.040456e-01  9.809431e-02  5.248494e-02  2.838309e-02  7.275869e-03
 -1.919869e-03 -1.272473e-02 -1.946937e-02 -1.701415e-02  2.383004e-03  9.593276e-03
  2.258860e-03 -6.106603e-03 -7.019326e-03 -1.155796e-03  2.642864e-03 -8.075494e-04
  6.820476e-04  3.378463e-04  1.557655e-04  5.970912e-05  2.102296e-05  6.851967e-06
  2.120843e-06  6.281025e-07  1.790523e-07  5.006139e-08  1.319685e-08  3.382661e-09
  8.017360e-10  1.849300e-10
  2.000000e+08             0            32
  4.523828e-01  2.040456e-01  9.809431e-02  5.248494e-02  2.838309e-02  7.275869e-03
 -1.919869e-03 -1.272473e-02 -1.946937e-02 -1.701415e-02  2.383004e-03  9.593276e-03
  2.258860e-03 -6.106603e-03 -7.019326e-03 -1.155796e-03  2.642864e-03 -8.075494e-04
  6.820476e-04  3.378463e-04  1.557655e-04  5.970912e-05  2.102296e-05  6.851967e-06
  2.120843e-06  6.281025e-07  1.790523e-07  5.006139e-08  1.319685e-08  3.382661e-09
  8.017360e-10  1.849300e-10
  8.020200e+04  2.002356e+02             0             4
 -4.621360e+06 -5.741220e+06             2
             1
             2             2
  5.769610e+06  1.000000e+00  2.000000e+08  1.000000e+00
  0.000000e+00  0.000000e+00             0             1
 -4.621360e+06 -5.741220e+06             2
             1
             2             2
  5.769610e+06  2.000000e+00  2.000000e+08  2.000000e+00
  8.220400e+04             1             2             2
             1
             2             2
  5.769610e+06             2             2             1 
  6.802980e+05  5.000000e-01
  4.395620e+05  5.000000e-01
  2.000000e+08             2             2             1 
  6.802980e+05  5.000000e-01
  4.395620e+05  5.000000e-01
            25             6
           799             0
  2.022208e+02             2             3
  2.003000e+03  2.990120e+00             0             1
 -4.621360e+06 -5.741220e+06             2
             1
             2             2
  5.769610e+06  1.000000e+00  2.000000e+08  1.000000e+00
  8.220400e+04             2             1             7
             1
             7             2
  5.769610e+06             2             0             2 
  0.000000e+00  1.000000e+00  0.000000e+00
  1.000000e+00  0.000000e+00  0.000000e+00
  1.350000e+07             4             0             2 
  6.158635e+06  1.000000e-36  0.000000e+00
  6.651326e+06  3.039872e-07  0.000000e+00
  7.144017e+06  1.725684e-06  0.000000e+00
  7.636708e+06  1.000000e-36  0.000000e+00
  1.450000e+07             6             0             2 
  5.665944e+06  1.000000e-36  0.000000e+00
  6.158635e+06  1.343820e-10  0.000000e+00
  6.651326e+06  2.509963e-08  0.000000e+00
  7.144017e+06  2.477386e-07  0.000000e+00
  7.636708e+06  1.756697e-06  0.000000e+00
  8.129399e+06  1.000000e-36  0.000000e+00
  1.600000e+07             9             0             2 
  5.665944e+06  1.000000e-36  0.000000e+00
  6.158635e+06  3.123790e-12  0.000000e+00
  6.651326e+06  1.383880e-10  0.000000e+00
  7.144017e+06  1.445160e-09  0.000000e+00
  7.636708e+06  1.157058e-08  0.000000e+00
  8.129399e+06  7.348745e-08  0.000000e+00
  8.622089e+06  3.769932e-07  0.000000e+00
  9.114779e+06  1.566032e-06  0.000000e+00
  9.607471e+06  1.000000e-36  0.000000e+00
  1.800000e+07            13             0             2 
  5.665944e+06  1.000000e-36  1.000000e+00
  6.158635e+06  1.512130e-14  0.000000e+00
  6.651326e+06  6.532080e-13  0.000000e+00
  7.144017e+06  7.545510e-12  0.000000e+00
  7.636708e+06  6.625980e-11  0.000000e+00
  8.129399e+06  4.586410e-10  0.000000e+00
  8.622089e+06  2.604739e-09  0.000000e+00
  9.114779e+06  1.228668e-08  0.000000e+00
  9.607471e+06  4.898365e-08  0.000000e+00
  1.010016e+07  1.684473e-07  0.000000e+00
  1.059285e+07  5.026961e-07  0.000000e+00
  1.108554e+07  1.294119e-06  0.000000e+00
  1.157823e+07  1.000000e-36  0.000000e+00
  2.000000e+07            17             0             2 
  5.665944e+06  1.000000e-36  9.965940e-01
  6.158635e+06  8.507360e-17  9.978590e-01
  6.651326e+06  7.571340e-15  9.985860e-01
  7.144017e+06  1.394150e-13  9.990720e-01
  7.636708e+06  1.446580e-12  1.000000e+00
  8.129399e+06  1.015000e-11  0.000000e+00
  8.622089e+06  5.831270e-11  0.000000e+00
  9.114779e+06  2.855200e-10  0.000000e+00
  9.607471e+06  1.198383e-09  0.000000e+00
  1.010016e+07  4.417347e-09  0.000000e+00
  1.059285e+07  1.446051e-08  0.000000e+00
  1.108554e+07  4.196676e-08  0.000000e+00
  1.157823e+07  1.090935e-07  0.000000e+00
  1.207093e+07  2.569783e-07  0.000000e+00
  1.256362e+07  5.492676e-07  0.000000e+00
  1.305631e+07  1.051933e-06  0.000000e+00
  1.354900e+07  1.000000e-36  0.000000e+00
  2.000000e+08            17             0             2 
  5.665944e+06  1.000000e-36  9.965940e-01
  6.158635e+06  8.507360e-17  9.978590e-01
  6.651326e+06  7.571340e-15  9.985860e-01
  7.144017e+06  1.394150e-13  9.990720e-01
  7.636708e+06  1.446580e-12  1.000000e+00
  8.129399e+06  1.015000e-11  0.000000e+00
  8.622089e+06  5.831270e-11  0.000000e+00
  9.114779e+06  2.855200e-10  0.000000e+00
  9.607471e+06  1.198383e-09  0.000000e+00
  1.010016e+07  4.417347e-09  0.000000e+00
  1.059285e+07  1.446051e-08  0.000000e+00
  1.108554e+07  4.196676e-08  0.000000e+00
  1.157823e+07  1.090935e-07  0.000000e+00
  1.207093e+07  2.569783e-07  0.000000e+00
  1.256362e+07  5.492676e-07  0.000000e+00
  1.305631e+07  1.051933e-06  0.000000e+00
  1.354900e+07  1.000000e-36  0.000000e+00
  8.020200e+04  2.002356e+02             0             1
 -4.621360e+06 -5.741220e+06             2
             1
             2             2
  5.769610e+06  1.000000e+00  2.000000e+08  1.000000e+00
  8.220400e+04             1             1             7
             1
             7             2
  5.769610e+06             2             0             1 
  0.000000e+00  1.000000e+00
  1.000000e+00  0.000000e+00
  1.350000e+07             2             0             1 
  0.000000e+00  1.000000e+00
  1.000000e+00  0.000000e+00
  1.450000e+07             2             0             1 
  0.000000e+00  1.000000e+00
  1.000000e+00  0.000000e+00
  1.600000e+07             2             0             1 
  0.000000e+00  1.000000e+00
  1.000000e+00  0.000000e+00
  1.800000e+07             2             0             1 
  0.000000e+00  1.000000e+00
  1.000000e+00  0.000000e+00
  2.000000e+07             2             0             1 
  0.000000e+00  1.000000e+00
  1.000000e+00  0.000000e+00
  2.000000e+08             2             0             1 
  0.000000e+00  1.000000e+00
  1.000000e+00  0.000000e+00
  0.000000e+00  0.000000e+00             0             1
 -4.621360e+06 -5.741220e+06            11
             1
            11             2
  5.769610e+06  0.000000e+00  1.350000e+07  4.897650e+00  1.400000e+07  4.404150e+00
  1.450000e+07  4.320287e+00  1.500000e+07  4.245863e+00  1.600000e+07  4.104857e+00
  1.700000e+07  3.988568e+00  1.800000e+07  3.905100e+00  1.900000e+07  3.856754e+00
  2.000000e+07  3.833831e+00  2.000000e+08  3.833831e+00
  8.220400e+04             1             1             7
             1
             7             2
  5.769610e+06            11             9             1 
  9.599400e+05  0.000000e+00
  8.720081e+05  0.000000e+00
  7.426881e+05  0.000000e+00
  6.802981e+05  0.000000e+00
  5.203780e+05  0.000000e+00
  4.395620e+05  0.000000e+00
  3.516300e+05  0.000000e+00
  2.223100e+05  0.000000e+00
  1.293200e+05  0.000000e+00
  0.000000e+00  1.000000e+00
  1.000000e+00  0.000000e+00
  1.350000e+07            37             9             1 
  9.599400e+05  0.000000e+00
  8.720081e+05  0.000000e+00
  7.426881e+05  0.000000e+00
  6.802981e+05  2.125583e-02
  5.203780e+05  1.046240e-01
  4.395620e+05  8.377263e-01
  3.516300e+05  0.000000e+00
  2.223100e+05  1.134908e-02
  1.293200e+05  0.000000e+00
  5.000000e+02  8.456230e-11
  1.500000e+03  1.678720e-10
  3.500000e+03  4.178010e-10
  7.500000e+03  8.343510e-10
  1.500000e+04  1.667456e-09
  3.500000e+04  3.841864e-09
  7.500000e+04  1.050173e-08
  1.500000e+05  3.752679e-08
  2.500000e+05  2.876832e-08
  3.500000e+05  1.974287e-08
  4.500000e+05  1.267395e-08
  5.500000e+05  7.704394e-09
  6.500000e+05  4.487052e-09
  7.500000e+05  2.237787e-09
  8.500000e+05  3.447010e-08
  9.500000e+05  3.027870e-08
  1.050000e+06  1.803484e-08
  1.150000e+06  1.055419e-08
  1.250000e+06  8.377635e-09
  1.350000e+06  1.198743e-08
  1.450000e+06  6.468462e-09
  1.550000e+06  3.938013e-09
  1.650000e+06  1.673103e-09
  1.750000e+06  8.261680e-10
  1.850000e+06  5.068400e-10
  1.950000e+06  2.405390e-10
  2.100000e+06  1.000000e-36
  2.300000e+06  1.000000e-36
  1.450000e+07            42             9             1 
  9.599400e+05  0.000000e+00
  8.720081e+05  0.000000e+00
  7.426881e+05  0.000000e+00
  6.802981e+05  3.233592e-02
  5.203780e+05  1.329801e-01
  4.395620e+05  7.679570e-01
  3.516300e+05  0.000000e+00
  2.223100e+05  1.610987e-02
  1.293200e+05  0.000000e+00
  5.000000e+02  1.252594e-09
  1.500000e+03  1.385091e-09
  3.500000e+03  1.782502e-09
  7.500000e+03  2.444963e-09
  1.500000e+04  3.770276e-09
  3.500000e+04  7.560504e-09
  7.500000e+04  1.931881e-08
  1.500000e+05  6.923301e-08
  2.500000e+05  6.415063e-08
  3.500000e+05  3.988671e-08
  4.500000e+05  2.903720e-08
  5.500000e+05  2.120784e-08
  6.500000e+05  1.517082e-08
  7.500000e+05  1.077691e-08
  8.500000e+05  5.890916e-08
  9.500000e+05  5.075914e-08
  1.050000e+06  3.342859e-08
  1.150000e+06  2.104902e-08
  1.250000e+06  1.627868e-08
  1.350000e+06  2.315401e-08
  1.450000e+06  1.239989e-08
  1.550000e+06  8.559900e-09
  1.650000e+06  5.570453e-09
  1.750000e+06  3.121322e-09
  1.850000e+06  1.852614e-09
  1.950000e+06  1.206110e-09
  2.100000e+06  4.496750e-10
  2.300000e+06  1.110630e-10
  2.500000e+06  5.444050e-11
  2.700000e+06  8.640980e-12
  2.900000e+06  3.308630e-12
  3.100000e+06  1.000000e-36
  3.300000e+06  1.000000e-36
  1.600000e+07            48             9             1 
  9.599400e+05  0.000000e+00
  8.720081e+05  0.000000e+00
  7.426881e+05  0.000000e+00
  6.802981e+05  5.275893e-02
  5.203780e+05  1.537620e-01
  4.395620e+05  6.655939e-01
  3.516300e+05  0.000000e+00
  2.223100e+05  2.446597e-02
  1.293200e+05  0.000000e+00
  5.000000e+02  2.832796e-09
  1.500000e+03  3.089170e-09
  3.500000e+03  3.858094e-09
  7.500000e+03  5.139801e-09
  1.500000e+04  7.703835e-09
  3.500000e+04  1.539768e-08
  7.500000e+04  3.992935e-08
  1.500000e+05  1.255332e-07
  2.500000e+05  1.384502e-07
  3.500000e+05  8.384707e-08
  4.500000e+05  6.595445e-08
  5.500000e+05  5.214627e-08
  6.500000e+05  4.031821e-08
  7.500000e+05  3.023583e-08
  8.500000e+05  1.015321e-07
  9.500000e+05  9.067275e-08
  1.050000e+06  5.962194e-08
  1.150000e+06  4.222659e-08
  1.250000e+06  3.532380e-08
  1.350000e+06  4.623526e-08
  1.450000e+06  2.595628e-08
  1.550000e+06  1.861596e-08
  1.650000e+06  1.296786e-08
  1.750000e+06  8.685716e-09
  1.850000e+06  5.855749e-09
  1.950000e+06  3.858195e-09
  2.100000e+06  1.787223e-09
  2.300000e+06  6.610030e-10
  2.500000e+06  3.297580e-10
  2.700000e+06  1.145600e-10
  2.900000e+06  4.990080e-11
  3.100000e+06  2.118710e-11
  3.300000e+06  6.355970e-12
  3.500000e+06  3.193540e-12
  3.700000e+06  9.013650e-13
  3.900000e+06  2.752950e-13
  4.250000e+06  1.431590e-14
  4.750000e+06  1.000000e-36
  5.250000e+06  1.000000e-36
  1.800000e+07            52             9             1 
  9.599400e+05  0.000000e+00
  8.720081e+05  0.000000e+00
  7.426881e+05  0.000000e+00
  6.802981e+05  7.702123e-02
  5.203780e+05  1.496223e-01
  4.395620e+05  5.517492e-01
  3.516300e+05  0.000000e+00
  2.223100e+05  3.062709e-02
  1.293200e+05  0.000000e+00
  5.000000e+02  5.175735e-09
  1.500000e+03  5.661753e-09
  3.500000e+03  7.119327e-09
  7.500000e+03  9.548688e-09
  1.500000e+04  1.440745e-08
  3.500000e+04  2.898488e-08
  7.500000e+04  6.775976e-08
  1.500000e+05  2.007601e-07
  2.500000e+05  2.661612e-07
  3.500000e+05  1.560988e-07
  4.500000e+05  1.290542e-07
  5.500000e+05  1.075708e-07
  6.500000e+05  8.702490e-08
  7.500000e+05  6.777391e-08
  8.500000e+05  1.555482e-07
  9.500000e+05  1.565454e-07
  1.050000e+06  1.025353e-07
  1.150000e+06  7.793218e-08
  1.250000e+06  6.698314e-08
  1.350000e+06  8.222984e-08
  1.450000e+06  4.837205e-08
  1.550000e+06  3.722572e-08
  1.650000e+06  2.769527e-08
  1.750000e+06  2.037204e-08
  1.850000e+06  1.476992e-08
  1.950000e+06  1.063869e-08
  2.100000e+06  5.506311e-09
  2.300000e+06  2.819117e-09
  2.500000e+06  1.552680e-09
  2.700000e+06  7.221920e-10
  2.900000e+06  3.862420e-10
  3.100000e+06  1.994810e-10
  3.300000e+06  8.880660e-11
  3.500000e+06  4.868680e-11
  3.700000e+06  2.174850e-11
  3.900000e+06  8.726400e-12
  4.250000e+06  1.361700e-12
  4.750000e+06  1.679200e-13
  5.250000e+06  1.921190e-14
  5.750000e+06  1.524060e-15
  6.250000e+06  5.463390e-17
  6.750000e+06  1.000000e-36
  7.250000e+06  1.000000e-36
  2.000000e+07            56             9             1 
  9.599400e+05  0.000000e+00
  8.720081e+05  0.000000e+00
  7.426881e+05  0.000000e+00
  6.802981e+05  9.283920e-02
  5.203780e+05  1.319170e-01
  4.395620e+05  4.690594e-01
  3.516300e+05  0.000000e+00
  2.223100e+05  3.175715e-02
  1.293200e+05  0.000000e+00
  5.000000e+02  1.201112e-08
  1.500000e+03  1.251223e-08
  3.500000e+03  1.401397e-08
  7.500000e+03  1.651785e-08
  1.500000e+04  2.152922e-08
  3.500000e+04  3.659255e-08
  7.500000e+04  7.424850e-08
  1.500000e+05  2.538674e-07
  2.500000e+05  4.288541e-07
  3.500000e+05  2.137005e-07
  4.500000e+05  1.715458e-07
  5.500000e+05  1.590246e-07
  6.500000e+05  1.325016e-07
  7.500000e+05  1.080231e-07
  8.500000e+05  1.975177e-07
  9.500000e+05  2.164702e-07
  1.050000e+06  1.386521e-07
  1.150000e+06  1.130683e-07
  1.250000e+06  9.913730e-08
  1.350000e+06  1.138910e-07
  1.450000e+06  7.335525e-08
  1.550000e+06  5.564101e-08
  1.650000e+06  4.414440e-08
  1.750000e+06  3.396524e-08
  1.850000e+06  2.650908e-08
  1.950000e+06  2.017278e-08
  2.100000e+06  1.167700e-08
  2.300000e+06  7.094214e-09
  2.500000e+06  4.117756e-09
  2.700000e+06  2.461574e-09
  2.900000e+06  1.403264e-09
  3.100000e+06  8.358970e-10
  3.300000e+06  4.676460e-10
  3.500000e+06  2.712700e-10
  3.700000e+06  1.519860e-10
  3.900000e+06  7.391470e-11
  4.250000e+06  2.012520e-11
  4.750000e+06  4.109260e-12
  5.250000e+06  7.292680e-13
  5.750000e+06  1.373100e-13
  6.250000e+06  1.645450e-14
  6.750000e+06  2.292710e-15
  7.250000e+06  1.305130e-16
  7.750000e+06  3.908400e-20
  8.250000e+06  1.731480e-21
  8.750000e+06  1.000000e-36
  9.250000e+06  1.000000e-36
  2.000000e+08            56             9             1 
  9.599400e+05  0.000000e+00
  8.720081e+05  0.000000e+00
  7.426881e+05  0.000000e+00
  6.802981e+05  9.283920e-02
  5.203780e+05  1.319170e-01
  4.395620e+05  4.690594e-01
  3.516300e+05  0.000000e+00
  2.223100e+05  3.175715e-02
  1.293200e+05  0.000000e+00
  5.000000e+02  1.201112e-08
  1.500000e+03  1.251223e-08
  3.500000e+03  1.401397e-08
  7.500000e+03  1.651785e-08
  1.500000e+04  2.152922e-08
  3.500000e+04  3.659255e-08
  7.500000e+04  7.424850e-08
  1.500000e+05  2.538674e-07
  2.500000e+05  4.288541e-07
  3.500000e+05  2.137005e-07
  4.500000e+05  1.715458e-07
  5.500000e+05  1.590246e-07
  6.500000e+05  1.325016e-07
  7.500000e+05  1.080231e-07
  8.500000e+05  1.975177e-07
  9.500000e+05  2.164702e-07
  1.050000e+06  1.386521e-07
  1.150000e+06  1.130683e-07
  1.250000e+06  9.913730e-08
  1.350000e+06  1.138910e-07
  1.450000e+06  7.335525e-08
  1.550000e+06  5.564101e-08
  1.650000e+06  4.414440e-08
  1.750000e+06  3.396524e-08
  1.850000e+06  2.650908e-08
  1.950000e+06  2.017278e-08
  2.100000e+06  1.167700e-08
  2.300000e+06  7.094214e-09
  2.500000e+06  4.117756e-09
  2.700000e+06  2.461574e-09
  2.900000e+06  1.403264e-09
  3.100000e+06  8.358970e-10
  3.300000e+06  4.676460e-10
  3.500000e+06  2.712700e-10
  3.700000e+06  1.519860e-10
  3.900000e+06  7.391470e-11
  4.250000e+06  2.012520e-11
  4.750000e+06  4.109260e-12
  5.250000e+06  7.292680e-13
  5.750000e+06  1.373100e-13
  6.250000e+06  1.645450e-14
  6.750000e+06  2.292710e-15
  7.250000e+06  1.305130e-16
  7.750000e+06  3.908400e-20
  8.250000e+06  1.731480e-21
  8.750000e+06  1.000000e-36
  9.250000e+06  1.000000e-36
